n=2000
0 2.78803 -1.63388 1.87025 -1.26717
1 0.802274 0.801379 -0.036097 0.0115284
2 1.68385 0.814363 1.47314 -0.0449359
3 1.73665 -1.04933 -0.67148 1.20996
4 1.4646 1.44751 0.16926 -0.145304
5 2.78801 2.14245 -1.34653 1.17037
6 1.66922 -0.188392 1.26251 -1.07558
7 1.05773 -0.215349 0.824064 -0.627159
8 3.96428 0.583784 2.4131 -3.09058
9 2.44276 2.2886 -0.29731 -0.80061
10 1.52394 0.158473 -0.799952 -1.28738
11 2.56109 1.76088 0.790783 1.6832
12 3.06611 -1.17869 -2.62502 1.05877
13 1.33167 0.799293 1.06228 0.0777241
14 1.70661 -1.29855 0.552102 -0.959928
15 0.420167 0.0728805 0.179304 -0.372933
16 1.51072 0.0567858 -1.45742 0.393663
17 1.97881 -0.0781728 -1.88265 0.604321
18 2.04066 -0.124397 -1.15646 -1.67672
19 1.33358 -0.718917 -1.10926 -0.17647
20 2.42522 -0.406956 1.72158 -1.65898
21 2.69166 1.4418 -1.37513 1.80976
22 1.72066 -0.941468 1.39551 -0.356147
23 1.01071 0.905159 0.323733 -0.312134
24 2.71286 2.69304 0.209968 0.251101
25 2.98922 2.79153 -1.06312 0.111958
26 2.45647 -2.38319 -0.595044 0.0241414
27 3.39656 1.51631 2.84609 -1.06638
28 1.48072 0.00101643 0.299934 1.45003
29 3.33015 -0.373749 -3.12487 1.08876
30 0.612571 -0.194881 -0.185647 -0.550273
31 1.921 1.60824 -0.738126 -0.747669
32 2.67496 1.97503 1.02872 1.48203
33 2.13657 -1.90931 -0.15269 -0.946652
34 1.69861 -0.660762 1.02589 1.18162
35 1.92269 1.63088 1.01827 0.0088704
36 0.738589 -0.681247 -0.223857 -0.176932
37 2.29135 -0.401899 2.24099 -0.258355
38 1.35506 -1.18785 0.650985 0.0377241
39 1.94772 -1.13151 0.966649 -1.25654
40 1.42843 -1.22582 0.140561 -0.719732
41 2.02618 0.382611 1.41561 1.39825
42 1.10846 -0.273331 -0.530322 0.934204
43 0.564407 -0.0072574 -0.369467 0.426611
44 0.589198 -0.115338 -0.356643 0.454595
45 1.9318 1.45288 0.37204 -1.21762
46 1.02791 0.475342 0.805522 -0.426357
47 2.94054 -0.754324 -1.41209 2.46653
48 2.00493 0.658174 -1.7094 0.815167
49 3.43854 -0.39004 -1.11573 -3.22902
50 1.20306 0.338197 -0.600722 -0.985959
51 0.466484 0.320803 -0.164345 -0.296115
52 3.23231 2.16469 0.178128 -2.39379
53 2.24126 0.438922 0.113731 2.19491
54 1.26365 0.534783 -1.14248 -0.0745007
55 1.41311 -1.19449 -0.527093 0.540603
56 1.25018 0.810653 -0.84399 0.43985
57 2.69819 -1.93228 1.79423 -0.572077
58 2.37253 2.2946 -0.393762 0.456781
59 1.27696 0.888058 0.89328 0.209866
60 5.13108 -4.72282 -0.546478 1.92986
61 2.56002 -1.50478 -1.91864 -0.779849
62 2.44648 -1.7804 1.67289 -0.130042
63 3.49022 1.9068 -0.505362 2.87929
64 2.44164 0.957956 1.1925 1.90312
65 0.91188 -0.41246 -0.789112 -0.196733
66 2.69403 1.57332 -2.1868 0.0202588
67 2.26147 -0.75746 2.11492 -0.260014
68 1.54654 0.774376 0.831665 1.04903
69 3.00571 1.92439 -0.348578 2.28244
70 1.55417 1.21177 0.947552 0.22182
71 0.763396 -0.580902 -0.399697 -0.292521
72 1.83372 -0.0763039 -1.56395 0.95435
73 3.16648 0.734984 3.07822 0.104795
74 1.74414 -0.51838 1.23595 1.11613
75 2.15281 0.827814 0.0728591 -1.98595
76 1.69095 0.247696 -0.980176 -1.35544
77 0.956182 -0.621388 0.700515 -0.19349
78 1.95161 -0.23758 0.592546 -1.84424
79 0.715729 -0.417665 0.283428 -0.507438
80 2.26936 -2.13343 0.682529 -0.364193
81 3.31103 -2.46235 -2.12869 -0.606978
82 0.608946 -0.223739 -0.44841 0.345955
83 3.32461 2.66244 -1.47937 1.33264
84 1.44974 -0.984694 0.588676 -0.886324
85 1.15755 0.336302 -0.520334 0.977789
86 1.63049 0.486321 -0.37007 -1.51163
87 3.31527 -2.59638 1.3989 -1.51422
88 1.26544 0.559478 1.06433 0.39435
89 0.964304 0.744623 0.0133375 0.612569
90 2.25092 -1.13915 0.823034 1.7583
91 2.90863 -2.65804 0.712594 -0.941918
92 3.59449 2.20812 -0.0223168 2.83621
93 2.67351 -0.264382 -2.45457 -1.02609
94 1.4488 -0.553532 -1.21404 -0.56454
95 3.2688 1.83682 2.37163 -1.29865
96 2.36249 -1.09229 0.889978 -1.89636
97 3.92719 -0.12003 3.46264 1.84894
98 3.43506 0.397048 2.57498 2.23863
99 2.30715 2.1196 -0.911168 0.00561618
100 2.25128 1.48194 -0.895823 1.43862
101 2.11698 0.945308 1.65188 0.926973
102 2.23362 -1.97063 -0.1825 -1.03555
103 2.45319 0.184085 1.86329 -1.58506
104 2.2688 2.19655 0.271062 -0.499139
105 2.42828 0.275576 0.894439 -2.24067
106 1.28213 -0.824106 -0.528972 -0.827582
107 1.64307 1.60469 0.191509 -0.296601
108 2.99114 1.23446 -1.96505 -1.88722
109 0.802894 -0.64206 -0.0950069 0.472621
110 2.08105 -0.388413 -0.0957401 -2.04223
111 2.25024 -0.917819 -1.44819 1.45736
112 3.44095 -0.997498 1.33879 3.00878
113 1.74478 0.0756496 -1.26814 -1.19597
114 4.53582 2.8186 3.48374 -0.701955
115 2.78964 1.64679 2.04157 -0.949809
116 1.96626 0.798858 1.29898 1.24123
117 1.85526 0.838642 -1.64507 0.180049
118 2.18829 0.505554 -2.09868 0.358559
119 2.14408 -0.905599 -1.25164 -1.48673
120 0.829417 -0.118016 0.345119 -0.744915
121 3.05241 -0.812494 -0.363341 2.91977
122 1.97388 -1.17994 1.50379 0.492483
123 0.846475 0.516729 0.398644 -0.539068
124 2.43672 -1.56799 -1.8606 -0.131028
125 0.876691 -0.144772 0.663266 0.554712
126 0.266081 -0.228685 0.02361 -0.133959
127 2.15215 1.94178 0.872227 0.31696
128 1.25315 -0.343777 -0.516032 -1.089
129 3.30785 1.7452 -1.68961 -2.2453
130 1.98838 0.815261 1.41996 -1.12815
131 2.56718 -1.46058 -2.11119 -0.00180156
132 1.0843 -0.0105743 -0.957385 -0.508921
133 3.14149 2.51327 0.353297 1.85138
134 0.786544 -0.555033 -0.167786 -0.531449
135 2.68778 2.56339 0.470604 0.657081
136 1.96337 -0.0223908 0.758422 -1.81083
137 2.55304 -2.47973 0.52932 0.297926
138 1.88151 -0.60336 1.43536 1.0563
139 1.77717 0.973856 1.20784 -0.866639
140 2.34454 -0.246391 2.29542 -0.408938
141 3.10777 2.52371 -0.104857 -1.81055
142 1.03759 0.810695 -0.533664 -0.366835
143 1.70078 -1.1215 0.566004 -1.14653
144 2.47546 1.44094 0.52048 1.9444
145 2.68937 -2.39789 -0.49219 1.11381
146 4.02091 -1.82907 -1.23433 -3.36134
147 3.19152 -1.77531 -1.68975 2.04422
148 2.74305 -0.818542 0.244626 2.60662
149 2.11155 0.227665 1.83133 1.02618
150 2.06184 -0.487169 -0.157373 1.99727
151 4.0153 -2.89881 1.57996 2.28545
152 1.11373 0.591524 -0.579494 -0.744774
153 0.877256 -0.369497 -0.45097 -0.655497
154 2.16912 1.22896 -1.75523 0.337474
155 2.48949 1.42474 -0.751422 1.89817
156 1.85837 1.5467 -0.92463 -0.454242
157 2.0255 -0.428777 0.331336 -1.95167
158 3.57571 2.91652 -1.94726 0.698419
159 2.1141 0.977497 1.36502 -1.28477
160 1.9716 1.54883 1.20628 -0.182338
161 4.18727 -0.55367 -3.08833 2.77288
162 1.05996 0.622024 -0.186048 0.837846
163 3.58391 0.293348 -3.33334 -1.28343
164 2.50336 -2.24434 -0.330187 1.05863
165 0.842588 0.189361 -0.343137 0.745891
166 2.35662 0.701865 1.70759 1.46464
167 2.81434 -2.11893 1.72911 -0.663936
168 1.72809 1.1387 1.26049 0.317522
169 2.23302 -0.87128 1.53877 -1.36362
170 1.12102 0.66552 0.095425 0.897029
171 2.97402 2.58978 0.210867 -1.44684
172 0.956494 0.694856 -0.276274 -0.596431
173 3.25918 2.03229 -0.207802 -2.53946
174 0.850765 0.702084 0.302913 -0.372991
175 0.83567 -0.529583 0.644984 -0.0433874
176 1.87143 -1.416 1.10169 0.5324
177 2.04371 0.170953 1.59302 1.2688
178 2.09803 0.0374895 1.66534 -1.27552
179 4.51062 -1.37783 1.24104 -4.11182
180 1.37524 -0.146783 1.04007 0.887686
181 2.14648 1.0908 -0.376978 -1.80981
182 3.03738 2.88765 0.275563 -0.900696
183 0.99487 0.863103 -0.291682 -0.399677
184 0.746919 -0.0405541 0.485626 0.566047
185 4.33134 -3.52271 0.657801 -2.43275
186 3.75228 2.45723 -2.11177 -1.89262
187 1.13531 0.830975 0.570125 0.522848
188 1.92008 1.56801 0.265104 1.07599
189 1.67408 -1.41575 -0.893362 0.0101995
190 0.894428 0.476401 0.612098 -0.445399
191 1.67132 -1.05447 1.26176 -0.298937
192 2.04083 1.42104 0.170202 -1.45488
193 1.8927 1.75641 -0.490729 -0.506495
194 3.81422 -1.61986 -3.37538 -0.728819
195 2.18444 -1.18737 -1.61296 -0.871951
196 1.1178 -1.00591 -0.363657 -0.324631
197 2.47933 1.13267 1.04482 -1.94229
198 2.94225 1.57982 -1.67012 -1.83623
199 0.902199 0.24885 -0.854741 0.146474
200 1.90281 -0.715767 -1.30888 -1.18118
201 0.644091 0.609977 0.0735451 0.193319
202 1.03445 0.342592 -0.846901 0.485251
203 1.57092 -0.0115126 -1.55632 0.213338
204 2.71544 -2.46118 -0.90958 -0.699169
205 0.506912 0.28438 -0.38886 0.157717
206 3.05068 1.23465 -1.3836 -2.42238
207 1.52738 -0.475467 0.945401 1.10138
208 2.29613 -1.78025 -1.00505 1.04537
209 2.3991 -0.00460296 1.5409 -1.83883
210 0.331907 0.0199511 0.198961 0.264912
211 2.40081 -1.84769 0.880523 -1.25483
212 0.659331 0.0903836 0.639538 -0.132436
213 1.09878 0.832887 0.681606 0.221413
214 5.45136 -0.672299 -4.87319 -2.3489
215 2.27422 0.990174 1.67466 1.17777
216 2.05273 1.28338 -0.806026 -1.38454
217 0.12009 -0.0386957 0.0812192 0.0795461
218 1.9231 1.23328 -1.3837 0.512557
219 1.68089 1.04798 -0.163412 1.304
220 1.97037 1.49268 -1.26766 -0.217556
221 2.79219 2.16671 -0.948741 -1.48378
222 2.55078 0.608207 2.00288 -1.45774
223 3.51828 -2.88074 1.8069 0.902637
224 1.85308 1.38914 1.16803 -0.37406
225 1.15384 0.535941 0.589043 0.834954
226 2.19626 -0.874788 -0.96146 -1.77029
227 2.03392 -0.592181 -1.15432 -1.56643
228 0.682294 -0.497734 -0.162061 0.437632
229 3.08289 0.815155 -2.96435 -0.228791
230 1.10075 -0.300264 1.01151 -0.313592
231 2.29725 -0.957315 1.80298 -1.05364
232 1.06129 0.0429365 -1.00329 -0.343366
233 2.99392 -2.72551 0.195067 -1.22357
234 3.52021 1.19098 0.505599 3.27381
235 2.5187 -0.634662 1.82076 -1.62046
236 0.923202 0.366084 -0.421469 0.735287
237 3.43557 2.78686 1.15833 1.64161
238 3.26082 1.1902 -2.77137 1.23929
239 2.16862 0.0927121 0.0915582 -2.1647
240 0.571998 -0.454798 0.343924 0.0453502
241 3.55544 -2.474 -2.28249 -1.14486
242 2.0518 1.70582 0.961487 -0.612855
243 1.81982 0.939456 0.176294 -1.54857
244 2.60994 1.01827 2.35343 -0.486067
245 1.22683 0.297341 1.12963 0.375012
246 1.78548 0.153073 1.26525 -1.25046
247 2.26849 -0.407901 0.885255 -2.04841
248 1.49546 0.290144 0.477505 1.38716
249 1.38688 0.996293 -0.567014 -0.780591
250 2.67324 -1.62827 0.556393 2.04581
251 0.968823 -0.328558 0.214175 0.885887
252 2.88678 -0.26396 -2.45134 1.50159
253 1.95573 1.55409 -1.17843 0.14482
254 1.6486 0.957132 1.34199 -0.0289154
255 4.47943 -3.53086 -2.4426 -1.27751
256 1.25297 0.849323 -0.00311098 -0.921177
257 0.351875 0.0874048 0.153087 0.304534
258 1.76585 -0.322531 -1.7334 0.0975857
259 1.96053 0.313556 0.727153 1.79349
260 1.98099 0.167481 1.50431 -1.27802
261 0.28991 -0.207776 -0.13419 0.151229
262 1.91967 0.209302 -1.90812 0.0195975
263 2.15654 0.611266 2.03239 0.382607
264 3.19216 0.572132 -0.892923 3.01085
265 1.95808 0.112738 1.84117 -0.656854
266 4.61367 -4.44067 -0.948656 -0.816325
267 1.54995 0.324069 -0.180358 -1.50493
268 1.83588 -0.310683 0.317952 1.78124
269 1.28973 0.735399 0.0374867 1.05886
270 0.466002 -0.191806 -0.213681 0.367027
271 3.89652 -2.14146 2.98805 1.29174
272 1.90832 0.0981741 -1.90576 -0.0100827
273 1.37489 1.28876 -0.23343 0.418242
274 2.38863 1.41458 1.85536 0.512042
275 2.80249 2.63333 -0.919113 0.273392
276 3.32721 -2.31036 0.281185 -2.37771
277 1.59776 -0.464602 -1.51974 0.165423
278 2.67642 -0.878558 1.46149 2.06286
279 2.19601 0.82226 0.295601 2.01469
280 1.57152 -1.04485 -0.823103 -0.836938
281 0.883016 -0.193247 -0.591264 -0.626721
282 0.861492 0.414944 -0.700821 0.280786
283 2.31457 -0.812061 1.67349 -1.37739
284 2.91985 1.00794 -0.729833 2.64138
285 1.78765 -0.318612 -1.617 -0.692465
286 0.671359 0.267147 -0.555473 -0.266092
287 0.930946 -0.0809907 0.119715 -0.919658
288 2.44298 -1.93425 1.05685 1.05353
289 2.19124 0.709371 -0.83264 1.89869
290 1.57626 1.0397 -0.168497 -1.17271
291 1.90464 1.37414 0.915702 0.949149
292 1.48318 0.730701 1.10096 0.673654
293 2.58231 0.638164 -0.559459 -2.43887
294 3.10057 1.75675 1.54771 -2.03273
295 2.65362 -0.613245 -1.96802 1.6711
296 2.07649 -0.685568 -1.93635 -0.303925
297 3.31506 -0.581317 -3.06511 -1.12108
298 2.08982 -0.601737 -2.00054 0.0556791
299 1.20126 0.39191 -1.11491 -0.215399
300 2.19119 1.01688 1.07344 1.6171
301 2.13294 -1.97349 -0.791515 0.16823
302 1.65405 -0.187573 -1.0758 1.24232
303 1.80531 0.748145 1.52759 0.60487
304 2.51649 -1.52423 -1.59613 -1.20906
305 1.69013 -0.540377 -0.297614 1.57352
306 1.6619 -1.45021 -0.0432658 0.810507
307 2.41561 1.01938 1.43157 1.6573
308 1.55086 -0.475665 -1.46137 0.208099
309 0.699259 -0.149112 0.0647478 0.6801
310 1.22532 -1.11831 0.479268 -0.14524
311 1.44564 0.522955 0.988418 0.9162
312 1.56591 0.10035 -1.26426 0.918515
313 3.71236 0.213888 2.42663 2.8013
314 1.04251 0.951165 0.232404 0.35791
315 1.21387 -1.05362 -0.598658 0.0704683
316 1.00703 0.889995 -0.0158327 -0.470918
317 2.94978 2.64563 1.13602 -0.641339
318 2.01167 -1.21675 -1.58456 0.235666
319 1.46641 0.469641 0.317599 1.35238
320 1.06844 -0.605316 0.0888564 0.875935
321 1.44505 -0.0885434 -1.09191 -0.942371
322 1.88556 1.64826 0.190128 -0.8958
323 3.81796 -2.54959 -0.671923 2.76133
324 4.25374 0.535834 -2.5704 3.34668
325 2.38889 -1.64756 0.751222 1.5582
326 2.48704 1.80515 0.445708 1.65172
327 4.10646 -2.41034 2.3428 -2.35894
328 1.07446 -0.453246 -0.815445 0.533003
329 1.81037 -1.17064 -0.308963 1.34595
330 0.549516 0.28484 0.413659 -0.222981
331 1.03498 -0.504855 0.251097 0.867897
332 2.21561 -1.5972 -1.40122 -0.628076
333 3.85882 2.98506 1.67768 1.77913
334 1.18415 0.844054 -0.731691 0.392944
335 1.62197 -0.333164 -1.55321 -0.327597
336 3.04265 -0.837986 2.65591 1.22542
337 2.33442 -0.580764 -2.2526 0.194909
338 2.0748 0.58467 -1.96766 -0.30208
339 3.39091 2.97825 0.247014 1.60228
340 0.573112 0.504836 0.024777 -0.270155
341 1.08546 -0.245944 0.805049 0.685289
342 1.22871 0.861069 0.528159 -0.699518
343 1.62181 0.934143 -0.201985 -1.31028
344 2.33851 -0.0488651 0.0526031 -2.33741
345 1.81706 0.533191 1.65546 0.526205
346 0.935132 -0.851756 -0.305967 -0.235304
347 2.9786 -2.63852 -0.060962 1.38076
348 0.612688 0.353375 0.499982 -0.0230317
349 2.26222 -0.0837462 -2.01533 -1.02424
350 2.60408 -1.84213 0.768948 1.67228
351 2.24945 -1.62839 -0.275897 1.52717
352 2.2171 -0.177863 1.3183 -1.77369
353 1.48873 0.954103 1.10385 -0.295807
354 3.57147 -0.0439357 -3.36471 1.19675
355 1.37351 1.14513 0.306706 0.693633
356 1.83386 0.327129 -1.80133 -0.106005
357 2.36053 -1.40368 0.50264 -1.83007
358 2.1737 1.23853 1.6911 0.575505
359 2.77762 -0.254926 -2.28848 1.5534
360 0.802482 0.795721 0.101808 0.0209962
361 2.22043 2.18574 -0.230475 0.315812
362 0.661069 0.377852 -0.466794 0.276303
363 1.13986 0.456632 -0.899721 -0.530351
364 1.69796 -1.14134 -1.11246 0.585509
365 3.4763 0.0426254 -3.40493 0.699512
366 2.83925 -0.885073 -2.52537 0.948966
367 1.94568 -1.62596 0.931724 0.523302
368 1.33597 -0.402729 -0.146181 1.26541
369 2.23641 1.11867 0.184315 -1.92773
370 1.95059 1.71018 0.937964 -0.0177041
371 0.954883 -0.315238 -0.177353 0.883727
372 1.84562 -0.177297 -1.30293 -1.29509
373 2.35237 1.49608 1.57465 -0.903264
374 3.10937 -2.7347 0.786855 1.2532
375 2.23134 0.493352 -0.543872 2.10706
376 1.5576 -0.498531 -1.45777 -0.229123
377 2.05028 1.60495 0.972509 -0.82584
378 2.26317 1.55666 1.25781 -1.05672
379 2.02237 0.391583 1.91738 0.510202
380 1.22226 -0.183683 1.18221 0.250123
381 2.2642 1.33573 1.40488 -1.16994
382 2.38583 -0.836635 -0.371197 2.20327
383 3.00479 -2.6064 0.660107 1.34154
384 2.80884 -2.38679 1.46805 0.194109
385 2.23405 1.0483 -1.80212 -0.802735
386 1.65146 1.15247 1.02418 -0.591775
387 1.45913 0.748212 0.946456 -0.82065
388 2.55571 1.39813 -1.92451 -0.934438
389 2.20312 -1.69518 -1.20126 -0.73284
390 1.21636 -0.781627 0.924733 -0.115988
391 4.86666 0.0383981 0.438034 4.84676
392 1.95891 -0.91069 -1.32957 1.11365
393 0.865647 0.635082 0.107611 0.578305
394 2.71999 0.162518 -0.959452 2.53996
395 1.67891 -0.742318 1.00831 -1.11848
396 2.71202 -1.63522 2.05219 -0.685281
397 3.61732 1.38159 -3.22632 -0.875842
398 1.80952 -0.255807 -1.26685 1.26651
399 2.00238 1.92513 0.547451 0.0606146
400 1.94552 -1.24575 1.46806 0.279153
401 1.52143 0.274961 -0.271144 -1.47161
402 1.81705 -1.2066 1.15863 0.709467
403 2.79792 -2.43364 0.285605 1.35063
404 0.852797 0.13738 -0.123934 -0.832484
405 2.23791 0.935046 -1.3409 1.52837
406 1.14608 0.707397 -0.759085 0.486708
407 2.30802 -0.172438 -1.32422 1.88247
408 3.70368 -2.10474 0.758072 2.95171
409 1.27403 0.880509 -0.568433 0.724396
410 1.51686 1.31571 -0.701482 -0.278754
411 1.79898 1.51234 -0.323654 0.918916
412 1.82107 0.473685 -1.70643 -0.424269
413 2.10514 -0.577808 -1.98436 0.400092
414 1.54275 0.0787356 -0.236392 -1.5225
415 4.28224 -1.242 -0.682898 -4.04087
416 2.8426 -2.00398 1.59276 -1.23595
417 2.39509 0.145584 -1.85806 1.50428
418 1.81821 0.306128 1.69805 0.573434
419 2.62617 -0.0562712 1.74507 -1.96172
420 1.58772 -0.0132273 -1.24446 -0.985902
421 2.62187 2.12816 -1.46973 0.430128
422 3.17147 -2.669 -0.750542 -1.53991
423 2.87816 -2.74244 -0.0485467 -0.872062
424 2.00663 0.907077 1.66774 0.649942
425 2.12472 -1.19766 -0.983014 -1.45387
426 2.37852 1.34219 -1.07385 -1.644
427 2.8258 1.48415 1.93968 1.4213
428 2.7974 0.447808 -1.9508 1.95431
429 3.66821 -1.51417 2.13537 -2.56968
430 2.02375 -0.308249 -1.28193 -1.53531
431 2.69421 1.52622 0.866302 2.04425
432 0.97674 0.350934 -0.736779 0.536677
433 2.13497 -0.81064 1.97125 0.123038
434 1.56374 1.4372 -0.113619 -0.605659
435 2.94879 2.09513 -1.81536 -1.00513
436 1.20369 -0.019482 0.658749 -1.00724
437 0.757331 -0.570766 0.313121 0.386951
438 3.43188 2.24549 1.87489 -1.79455
439 1.88699 0.351182 -1.61007 0.919278
440 2.62241 1.99591 0.821867 -1.48925
441 1.48146 0.17585 -0.179236 -1.46002
442 3.25439 -3.10389 0.929493 0.304935
443 3.04022 0.887446 2.86048 0.522501
444 3.59613 -2.91672 -1.90411 -0.894017
445 0.793776 0.131483 0.177911 0.762325
446 1.12643 -0.919902 -0.545604 -0.353482
447 1.29248 -0.332153 -1.18409 0.397626
448 2.93723 -2.85515 0.316238 -0.612752
449 3.04168 0.799632 2.75781 1.00343
450 1.85781 -1.64007 0.61173 0.622436
451 1.4327 1.00259 -1.01721 -0.112767
452 1.90411 -0.105337 1.70362 0.843926
453 1.21804 -0.947478 -0.024051 -0.765062
454 4.35395 1.95255 1.54383 3.57225
455 1.70657 -1.45971 -0.624396 -0.625895
456 3.20087 2.82521 1.39561 -0.562199
457 1.56935 0.66778 0.823369 1.15714
458 2.97551 2.63498 -1.26967 -0.546339
459 0.928704 0.0818936 -0.850567 0.36376
460 2.5304 -1.38127 -1.78116 -1.15001
461 0.692926 -0.214857 0.656066 -0.0596751
462 2.41735 -2.16887 -0.604214 0.880061
463 2.43102 -0.74266 -0.33306 -2.29072
464 1.49797 -0.896129 -0.968024 -0.709781
465 2.44556 0.103816 -0.0682958 2.4424
466 0.722824 0.566913 -0.238498 0.379741
467 2.56695 1.45297 -1.9661 0.782671
468 2.50729 -0.515398 -2.30838 -0.832017
469 2.23289 0.595988 2.1498 -0.0945581
470 1.10539 -0.549682 -0.745621 0.603149
471 1.72058 -0.172785 -1.52112 0.785329
472 1.86674 -0.953283 1.60422 -0.0494729
473 1.99519 1.00919 1.59043 -0.657919
474 1.02433 -0.259183 0.984485 0.113387
475 1.45385 0.275669 1.36683 -0.411656
476 1.66515 -1.21482 0.602032 0.966695
477 1.93218 -1.44317 -0.400877 -1.2206
478 3.65885 3.02926 -1.4769 -1.42461
479 3.11338 1.80876 0.357813 2.50869
480 1.79683 -0.754138 -0.386067 -1.58456
481 0.990678 -0.729715 0.669364 -0.0302046
482 1.10184 -0.485334 0.156064 0.976806
483 2.0809 -0.0287122 2.07813 0.103329
484 1.87324 0.598957 -1.54929 0.866006
485 1.63227 -1.38736 -0.810897 -0.286316
486 1.08346 -0.804493 -0.248354 0.68191
487 1.3919 0.954335 -0.789295 -0.635338
488 1.45764 -1.26798 0.173742 -0.697678
489 0.582962 0.163606 -0.443588 0.341039
490 0.444655 0.0148061 -0.297881 0.329795
491 1.57881 -1.10035 -0.0934325 -1.12834
492 1.69933 -0.0518234 -1.42582 -0.92309
493 2.44463 -2.14384 0.193132 -1.15881
494 1.03082 0.582002 0.843358 -0.112254
495 1.32778 -0.312493 0.351329 1.24174
496 2.05364 0.596315 0.139993 1.96017
497 2.74898 0.104181 -1.46787 -2.32193
498 1.09072 -1.06502 0.230321 -0.0484159
499 2.53513 -1.37693 -2.07185 0.488247
500 1.06267 -0.192718 -1.04186 -0.0815547
501 1.07817 -0.16709 -0.800847 0.702263
502 1.7611 0.741877 -1.26467 0.975563
503 3.41793 -2.04943 -0.948235 2.56573
504 3.19085 1.68018 -2.07847 1.74312
505 1.71652 -1.3538 0.73419 -0.758052
506 3.59802 -2.35406 0.333832 -2.7005
507 2.96674 1.80799 -1.58111 -1.7415
508 1.83313 -0.796779 -0.111645 -1.64714
509 2.1515 0.29931 2.13058 -0.00158266
510 2.71892 -1.78925 -1.83866 -0.900238
511 0.641851 -0.226631 -0.00623682 0.600476
512 4.34077 -3.6019 2.24468 -0.911062
513 0.593262 -0.0863071 0.181809 -0.558083
514 2.91702 2.28931 1.50533 1.00103
515 2.21607 0.336898 -0.699933 -2.07547
516 1.52412 1.0406 -0.889356 0.670182
517 2.54341 -0.413948 -2.50589 0.134613
518 2.15009 -0.694893 2.0265 -0.182474
519 1.94558 -1.82602 -0.573464 -0.34934
520 3.37893 -1.09814 3.16762 0.421282
521 2.65794 2.57928 -0.0869445 0.635921
522 0.781445 0.24121 0.731966 0.129227
523 2.95238 -0.880608 2.16859 1.79952
524 1.80195 -0.405874 -1.60115 -0.720157
525 2.3813 -1.08888 -1.77054 1.16195
526 0.466883 -0.0623718 0.177631 -0.427243
527 0.735723 0.220144 -0.624999 0.319689
528 0.91454 -0.575364 0.556869 -0.441856
529 2.15973 -0.0399055 1.11284 -1.85052
530 2.73476 1.35734 -0.150407 2.36937
531 1.30733 0.437677 0.116839 1.22633
532 2.09047 -0.585407 -0.340792 -1.97768
533 0.387848 0.23292 -0.154019 0.26917
534 1.37888 1.31308 -0.230466 0.352168
535 3.3016 -2.8862 -0.1988 1.59089
536 1.81907 1.32641 0.293309 1.2098
537 1.24115 -1.16553 -0.286619 -0.315966
538 2.18845 -1.07845 1.89265 0.210165
539 1.86065 1.64164 -0.538802 -0.690465
540 1.65937 -0.263842 -1.02834 -1.27531
541 1.37761 0.57202 -1.00534 -0.748252
542 0.750457 0.597186 0.33102 0.311416
543 1.54583 -0.137335 0.0298912 -1.53943
544 1.27545 0.444683 -0.863944 -0.826217
545 0.789729 -0.691094 0.37411 0.0781147
546 2.35782 -0.521195 -2.26357 0.404873
547 1.6175 -0.478583 1.49476 -0.3911
548 3.23121 -3.04095 0.284859 1.05462
549 1.72442 -1.40346 0.976575 -0.22413
550 1.4446 -0.0256775 1.08414 -0.954393
551 1.72451 -0.695983 -1.57704 0.0500707
552 0.788408 -0.204951 0.587162 -0.484586
553 1.86342 0.0158215 0.0727177 1.86194
554 2.14444 1.46659 -1.53492 -0.302868
555 2.38368 1.0978 -1.40632 1.58083
556 1.25821 -0.359523 0.795902 0.905752
557 4.0093 -0.647562 -3.90688 0.625641
558 1.83325 1.09062 1.0738 1.00911
559 2.95173 -1.32027 1.01659 -2.43642
560 3.18831 -0.205883 -0.349072 3.16245
561 1.16906 0.496269 0.685807 -0.806286
562 1.23127 0.389465 -0.98118 -0.633744
563 1.89558 -1.36656 1.13645 -0.658955
564 1.91067 -0.664664 1.63789 0.725383
565 2.00804 -0.936027 1.68185 0.57226
566 3.07827 -0.996521 -2.07783 -2.04091
567 2.54768 -0.423809 2.31459 -0.976595
568 1.45764 -0.948436 -0.607299 0.925409
569 1.64369 -0.533902 -0.775703 -1.3472
570 1.85328 1.12758 1.1415 0.927473
571 3.73622 2.84465 -2.4153 -0.183407
572 3.04832 2.75853 -1.28673 -0.164554
573 2.10559 0.48919 -1.27965 -1.59896
574 0.927319 -0.255864 -0.790957 -0.410903
575 1.12815 0.83629 -0.0890647 0.751932
576 0.450252 -0.4421 -0.0845741 0.0110424
577 1.97356 1.04235 -1.65241 0.279252
578 2.05818 -1.30538 -1.44821 0.659388
579 2.54513 -0.945825 -0.550822 2.29776
580 1.41597 -0.260776 0.549764 1.27856
581 3.27712 1.97475 0.651391 -2.5329
582 1.67014 -0.2371 -1.05021 1.27679
583 2.49005 -1.28594 -1.72875 -1.24826
584 1.3326 -1.28932 -0.0037856 0.336812
585 1.05588 0.951868 0.202588 -0.409619
586 1.25831 1.18075 0.104215 0.422268
587 1.11532 -0.219064 -0.666164 0.867286
588 2.87447 -0.629845 -1.33448 2.46679
589 2.54288 1.7283 1.69641 -0.775508
590 3.14262 -0.313904 0.373666 3.1045
591 2.81901 -0.281485 -1.04883 -2.60144
592 3.73965 -1.22096 -3.27197 1.33732
593 2.141 0.788701 -1.90411 -0.579845
594 0.735458 0.583897 0.370041 0.251064
595 2.37237 -0.375848 -1.6541 -1.65856
596 1.71413 1.57838 0.115466 0.658484
597 1.31491 -0.865479 0.98839 -0.0549342
598 2.67187 -0.890628 -1.53831 -1.99482
599 3.20499 -2.76354 -1.56977 0.413103
600 1.86073 -0.30275 -1.78439 0.431945
601 2.06731 1.04501 0.693739 -1.6433
602 3.07178 2.73815 -0.923773 -1.04162
603 1.89232 -1.26268 -0.187065 1.39696
604 3.26091 -1.7149 0.2123 2.76543
605 1.08845 1.00091 -0.0854524 0.419036
606 1.19858 -0.289058 -0.455454 -1.07032
607 0.360118 0.00598344 0.0709071 -0.353017
608 2.16973 1.05219 0.829499 -1.70662
609 1.91506 1.7468 -0.0748232 -0.781363
610 1.22645 -0.354769 0.133804 -1.16637
611 1.28798 0.873048 -0.595737 0.736054
612 1.4203 -0.171644 1.33474 0.454143
613 4.08808 0.759823 -2.50329 -3.14143
614 3.07612 1.56501 1.31508 2.29866
615 2.97451 -1.18976 2.62705 -0.728556
616 3.18072 2.57222 1.86845 0.0978015
617 2.12063 0.0208714 -1.35327 1.63257
618 2.46251 0.891564 -1.3368 1.86602
619 1.61973 -1.46046 0.659222 -0.236622
620 2.91007 -1.74608 0.414973 2.29075
621 2.40204 -1.68455 -1.1408 1.27698
622 0.645165 0.384176 0.33299 0.397195
623 1.20321 0.652777 -0.718271 0.711111
624 1.18412 -0.248889 -1.14896 0.141683
625 1.16102 0.973223 0.0901966 0.626636
626 1.83162 0.281879 1.69742 -0.627793
627 3.19454 2.1726 -2.04208 1.14664
628 3.77167 -2.52603 2.43647 1.38141
629 1.10925 1.09925 0.119866 -0.0879073
630 2.6498 -1.26385 2.30694 0.319563
631 1.81982 -0.512294 0.477763 1.67959
632 3.81349 3.80918 0.0540907 0.17284
633 1.55443 -0.383654 -1.37297 0.619689
634 2.4081 -0.588208 -1.36544 1.89435
635 1.71491 1.24363 -0.289161 -1.14484
636 3.40741 2.12634 -2.43108 -1.0858
637 1.79678 1.52105 -0.783225 -0.548993
638 2.01921 0.593565 1.32523 -1.40309
639 2.23719 -0.0264334 -1.09704 -1.94957
640 1.56736 0.48242 0.289101 -1.46298
641 1.90237 0.250524 1.48782 -1.15873
642 2.15891 -1.68419 -0.346989 1.30537
643 1.95443 -0.954566 -0.0326345 1.70516
644 1.2377 -1.23292 -0.107941 -0.0127183
645 0.686758 0.548379 0.278192 0.30582
646 3.45493 2.23799 -1.80345 -1.91715
647 2.83646 1.76984 1.26454 -1.82047
648 1.78749 -1.51403 -0.730885 -0.607156
649 2.27102 1.74195 -1.45709 -0.00458407
650 1.1238 0.557325 -0.0630227 0.973826
651 1.93581 -1.49228 -0.610248 1.07147
652 3.48069 -0.0875157 -3.46552 0.312534
653 1.21424 1.13333 0.329061 -0.285779
654 0.974951 -0.822014 -0.523209 0.0327665
655 2.16424 -2.1236 0.291049 -0.299236
656 3.09331 1.0923 -0.076192 2.89303
657 1.94597 -1.61757 0.122427 1.07484
658 2.8083 -2.09109 1.23669 -1.40871
659 2.033 1.70401 -1.0841 -0.232695
660 1.47162 0.960472 0.125141 1.10793
661 0.803965 0.770118 -0.129489 -0.191077
662 1.56923 -1.2161 -0.26327 0.956172
663 1.84913 -1.80313 0.350343 -0.212748
664 2.07506 -0.00314456 1.65794 1.24783
665 1.2806 -1.20056 -0.352218 -0.272969
666 1.29792 -0.181836 0.058162 1.2838
667 2.14803 -0.612897 -2.01663 0.414231
668 2.26664 -1.8172 -1.09336 -0.800008
669 0.524842 -0.340318 -0.385747 -0.104127
670 1.73549 -1.0829 1.15979 0.702966
671 2.42422 -2.40612 -0.234417 0.180185
672 0.762063 -0.367181 -0.490368 -0.453273
673 1.05026 -0.0532112 -0.268858 1.01387
674 3.63545 -1.00222 1.37173 3.21409
675 1.57721 -1.43714 0.24605 -0.601379
676 0.520787 0.37656 -0.126988 0.336594
677 1.04741 0.16494 0.507269 0.901405
678 3.97756 -3.34669 0.0423976 -2.14915
679 0.561861 0.104924 0.497828 0.238424
680 3.08346 -1.26881 -2.07228 1.89828
681 2.50905 -1.21707 -0.382551 2.1605
682 2.84365 -0.565532 2.64616 -0.874301
683 2.0799 -0.949158 -1.7836 0.493836
684 4.3405 1.12823 3.9407 1.42755
685 0.737404 -0.141926 -0.133681 0.711162
686 3.06959 -1.37028 1.50909 -2.29507
687 1.15068 0.548274 0.959393 0.32096
688 0.214058 0.0988429 0.157807 0.105583
689 2.3218 0.555039 0.191383 -2.24635
690 1.6749 0.0163153 1.47099 -0.800763
691 2.25008 1.3678 -0.393694 -1.74269
692 1.63673 -0.207024 1.25859 1.02566
693 2.33884 2.0898 0.978104 -0.382405
694 1.80912 -1.39442 -1.13647 0.192273
695 1.967 1.73146 -0.178101 -0.916206
696 2.95492 1.58367 -0.38769 2.46439
697 2.14314 -1.37334 -0.0254349 -1.64509
698 3.05412 -2.83707 -0.403703 -1.05627
699 1.55032 0.172919 -1.53536 0.127492
700 1.92388 0.866946 0.620387 -1.60151
701 2.0512 -1.64047 0.619733 -1.06406
702 1.66348 -1.31895 -1.00869 0.100403
703 1.42204 -0.264433 0.612623 1.25577
704 1.7727 -0.551282 1.65988 0.288664
705 3.681 0.812166 -3.25367 -1.51784
706 1.25437 -1.07671 0.614521 0.191002
707 1.5527 -1.33025 0.792105 -0.117869
708 1.60571 -0.224911 1.27006 -0.956383
709 1.49013 1.27196 0.73807 0.240487
710 1.88957 0.598886 0.111186 1.7887
711 1.37617 0.0481776 0.355688 1.32853
712 2.01994 0.629644 1.57314 -1.09952
713 2.15945 -0.116681 -0.255719 2.14108
714 0.883058 -0.381448 0.218855 -0.765762
715 0.544076 0.458579 -0.238285 -0.17013
716 2.04671 -1.5388 1.28946 0.398001
717 0.665148 0.036699 0.554632 0.36532
718 2.17058 0.564894 1.42593 -1.53591
719 2.82163 2.61437 0.877052 0.597889
720 1.77083 -1.73893 -0.218644 -0.253305
721 4.31928 3.58601 -1.12165 2.13039
722 1.605 1.32069 -0.892346 0.188439
723 3.16315 -1.95112 1.29905 2.12394
724 1.0208 -0.656477 -0.455479 -0.635299
725 1.90163 -1.13928 -1.22983 -0.897649
726 2.98951 0.628863 2.19479 -1.92993
727 1.71968 1.10725 0.309339 1.2789
728 1.38899 0.792917 0.699521 0.900685
729 1.14344 0.50893 0.085113 -1.02039
730 1.15191 -0.102022 0.177924 1.1335
731 2.12248 -0.131169 1.91298 0.910071
732 2.98437 0.824643 0.119234 -2.8657
733 1.48814 -0.197029 0.72585 1.28409
734 2.90241 -2.08495 1.59972 -1.23201
735 1.91969 -1.8268 0.582688 -0.0922717
736 0.948983 -0.302249 -0.876125 0.20401
737 0.866894 -0.723743 -0.247543 0.407951
738 1.78356 -0.970213 -1.49063 -0.133479
739 2.85199 -2.73243 -0.80736 0.125944
740 2.15912 0.893755 -1.88296 -0.563459
741 2.55158 -0.140774 -1.52769 -2.03885
742 1.41991 -0.115101 -1.37778 0.323417
743 2.4212 -1.01637 -0.416121 -2.15779
744 2.11142 -0.686261 1.964 0.360329
745 2.68452 1.38019 2.29052 0.235035
746 0.291046 0.0426617 -0.287792 0.00797148
747 2.57363 -1.43346 2.06849 -0.538594
748 0.739672 0.684123 0.118573 -0.25501
749 2.53295 -2.11168 1.2099 0.701992
750 2.10745 -0.765582 -1.91624 -0.428092
751 1.66996 0.375883 1.62606 -0.0583264
752 1.71215 0.221943 -1.48424 0.824164
753 1.86326 -1.4141 0.934819 -0.773414
754 1.64265 0.614297 -0.381186 -1.475
755 3.06983 2.81813 1.0815 0.5589
756 1.89767 0.989707 -1.61294 -0.141565
757 2.57474 1.24217 -0.517323 2.19514
758 1.7754 -1.35763 0.0876293 1.14071
759 2.67526 1.95856 1.14901 1.4145
760 1.67482 1.5089 -0.47851 -0.547049
761 0.966698 0.688818 0.566964 0.372271
762 1.93166 0.962845 -1.43462 0.863784
763 1.33588 0.60914 -1.18346 0.11371
764 1.1309 -0.495048 -0.455562 0.909027
765 4.3612 -0.724045 3.05145 -3.03059
766 1.42888 0.672913 -0.711394 1.04058
767 1.80095 -0.221024 1.54773 -0.893932
768 2.21401 -1.17418 -0.626156 1.76948
769 1.94569 -1.23271 1.21179 -0.893142
770 1.04488 0.122132 0.531889 0.89104
771 4.56365 1.54694 2.571 3.43858
772 1.78223 1.00028 -0.727741 1.28303
773 1.38198 1.21406 0.285188 0.595472
774 0.727781 -0.398417 -0.563088 -0.23208
775 1.1732 1.06944 -0.369281 -0.310359
776 2.70374 -1.90343 -1.76036 -0.766999
777 1.90258 0.410503 -1.31708 1.31019
778 0.559859 -0.338373 -0.436012 0.0940193
779 2.16984 1.09082 -1.87313 0.0985027
780 1.17922 0.0244973 0.22673 -1.15696
781 0.98609 0.132159 -0.945984 -0.244996
782 2.22226 -0.69485 -0.12389 2.1072
783 2.00366 1.37041 -1.46058 -0.0574946
784 0.745195 -0.133824 -0.00674172 -0.733049
785 1.65255 -0.334423 1.61291 0.132686
786 2.90117 0.40133 -2.54601 -1.33176
787 1.61644 1.23941 -0.398816 0.95796
788 3.62154 -1.33773 -2.82215 -1.83344
789 0.64732 0.598609 -0.242644 -0.0425836
790 2.14476 1.91567 -0.888986 -0.374066
791 0.989118 0.187374 -0.533467 0.811578
792 1.17859 -0.81079 0.0177497 0.855206
793 2.27409 1.22653 1.81231 -0.618582
794 1.89248 1.02118 0.775569 1.39182
795 3.3795 0.671089 1.81165 -2.77283
796 1.80715 1.52735 -0.793431 -0.550885
797 2.25526 -1.12679 1.95328 -0.0354341
798 2.09501 -1.68735 0.429635 1.16505
799 1.60664 0.0563755 1.46882 0.648597
800 2.26088 0.603308 1.10847 -1.87588
801 1.86921 0.28367 0.917283 -1.60376
802 0.740363 0.697844 0.142323 0.202225
803 2.01207 -2.01094 -0.0396729 -0.0543421
804 2.11904 0.0859604 1.71213 1.24561
805 3.76635 1.73232 3.33826 -0.201234
806 3.16168 -1.93207 -0.23611 -2.4915
807 0.876817 0.10586 -0.853263 0.171883
808 2.04118 -1.80922 0.307332 -0.893679
809 1.49799 -1.0057 0.96902 0.541796
810 0.835623 0.00176513 0.630308 -0.548612
811 2.6102 1.34385 -1.86875 -1.23084
812 2.81102 -2.02097 -0.00915445 -1.95382
813 2.8402 1.14364 1.54632 -2.08991
814 2.1618 1.38796 1.6014 0.427176
815 1.55726 0.345995 1.51729 0.0561674
816 1.19681 0.146052 -0.149113 1.17847
817 2.88274 0.42895 -0.892234 -2.70742
818 1.89304 0.512005 0.165779 -1.81493
819 1.44573 0.580446 -0.999997 0.867891
820 2.0846 0.296544 -1.01552 1.7962
821 1.11567 -0.770996 -0.0572959 0.804368
822 2.5947 -0.148595 0.359499 -2.56537
823 1.45671 -0.342304 -0.146792 1.40829
824 1.1947 1.10077 -0.356828 0.297098
825 1.84064 -1.52906 0.583364 -0.842393
826 1.91025 -1.18644 1.49554 0.069166
827 1.95612 -1.28217 -0.0195632 -1.47718
828 2.7233 2.11367 1.26839 -1.15757
829 1.2537 0.0961467 0.65731 1.06324
830 1.27389 0.579322 -0.658164 -0.92412
831 3.10665 -0.880285 -2.8749 0.781865
832 2.57533 -0.340519 -2.37238 0.942453
833 1.78965 1.54875 0.263486 -0.85721
834 2.14142 -0.526418 1.94219 0.73241
835 2.61244 -0.2411 2.07866 1.56394
836 2.83424 1.99709 -1.90571 0.642502
837 1.98242 -0.991592 -1.04938 1.35851
838 1.71846 0.626094 0.0798463 1.59835
839 2.66372 0.590189 -2.56212 0.427328
840 1.91829 1.79119 -0.441735 0.525668
841 1.55264 0.943456 -1.20405 -0.266143
842 1.60592 -0.975339 0.271826 1.24652
843 2.63217 2.18069 -0.427518 -1.41073
844 0.922133 0.548069 -0.711433 0.209313
845 1.03911 -0.444689 -0.93901 -0.0161043
846 0.757335 -0.211021 -0.312571 -0.656755
847 2.61527 0.640312 -0.0306638 2.53549
848 1.40489 -1.34294 -0.336605 0.238558
849 1.60638 1.23929 0.992605 0.243617
850 1.08169 -1.04134 0.176154 0.233774
851 0.934772 0.752398 0.116552 0.542319
852 1.24092 -0.46067 -0.0465319 -1.1513
853 2.05889 1.92445 0.0672863 -0.728692
854 1.6424 0.0146332 1.52537 0.608684
855 2.53841 -0.276172 2.08035 -1.42807
856 1.27035 0.659275 -0.843115 0.684325
857 2.18109 0.543824 -1.88568 0.951637
858 1.36977 -1.14147 -0.0359108 -0.756328
859 2.33869 -0.0369266 2.31858 -0.303827
860 2.25998 0.739313 -0.798001 1.98094
861 3.13698 -1.03986 -0.714895 2.87198
862 1.15463 -0.0116171 -0.705549 -0.913914
863 2.10576 1.89983 0.812396 -0.406067
864 2.81248 -2.43185 1.30953 0.530368
865 1.61152 0.477491 1.44975 -0.516952
866 3.66922 2.4151 2.1276 -1.76177
867 1.65781 0.491408 1.45693 -0.619845
868 1.2861 0.70039 0.826437 0.693184
869 1.88969 0.81075 1.22391 -1.18981
870 2.59639 -2.06057 1.57026 -0.172004
871 1.6965 -0.483505 -1.39523 -0.835262
872 1.51013 1.4357 0.0472744 -0.465843
873 1.80327 -0.313965 -0.301013 1.75003
874 1.84126 -0.859684 -0.651327 1.4923
875 1.90049 1.64599 -0.941479 -0.127301
876 1.05854 -0.536012 -0.541687 -0.734692
877 3.04987 1.25751 0.207501 -2.77079
878 2.71146 -2.13042 0.914014 -1.40637
879 3.65571 3.36979 -0.898711 -1.09592
880 1.1623 1.00955 0.168452 -0.550792
881 2.78548 1.72493 1.1507 -1.85995
882 2.15498 0.897879 -1.35847 -1.4115
883 1.80453 0.645698 -1.68504 -0.00624206
884 1.9433 0.191435 0.977906 1.66838
885 1.31819 1.14757 -0.644256 0.0749967
886 1.62342 -1.41487 -0.0173526 0.795817
887 1.94178 -1.57178 -0.441468 1.05124
888 2.48861 -1.95588 0.615652 1.41022
889 1.7318 -0.44329 -0.745891 -1.49875
890 2.08778 2.00642 -0.286201 -0.501171
891 1.51166 0.797458 1.27595 -0.145345
892 3.73092 2.38505 1.14546 -2.63044
893 4.75114 -1.51603 -4.50168 -0.0993626
894 3.14097 0.864234 1.78769 -2.43371
895 0.803821 0.255861 0.608586 0.458569
896 1.17204 -1.01395 0.537586 0.237854
897 1.45945 0.408896 -1.40077 -0.0250567
898 1.58072 -1.0496 0.0351033 -1.18143
899 2.73872 -2.25959 -1.5252 0.262028
900 2.01194 -1.18381 0.578824 -1.52034
901 2.35153 0.964738 1.28956 1.71347
902 1.77484 -1.77376 0.052545 0.0330504
903 0.941128 0.130775 -0.679134 0.638277
904 1.54858 0.536255 -1.31747 -0.612212
905 2.23035 0.930147 -0.142194 2.02214
906 1.6541 -0.486833 -1.11245 -1.12317
907 1.82014 -1.79504 0.0777319 0.290994
908 3.09465 -2.83155 -0.270563 1.219
909 2.04345 1.26081 0.783556 -1.40431
910 4.44782 3.16991 1.63548 -2.65707
911 3.0912 -1.19638 1.12688 2.61808
912 1.70274 1.62968 -0.434276 -0.234249
913 1.68953 0.0101712 0.19505 1.67821
914 2.87954 1.90489 1.84154 -1.12779
915 1.35343 0.0134733 0.739635 -1.13337
916 3.10464 0.892022 -2.77473 1.06956
917 1.83562 1.47701 1.08823 0.0609161
918 0.755716 0.198671 -0.636799 -0.355139
919 3.03558 -1.99622 0.0966317 -2.28484
920 2.75998 -0.586476 -2.58189 -0.779335
921 3.1472 0.634151 -2.55649 1.72252
922 0.773618 0.0194938 -0.558903 0.534539
923 1.91118 0.772564 0.22063 -1.73409
924 1.38627 -0.0764881 -1.10344 -0.835656
925 1.43716 -1.27402 0.000757635 -0.665063
926 2.8495 -1.48966 2.42394 -0.158307
927 2.15947 0.901858 0.948316 -1.71774
928 2.13963 1.52649 -0.44666 1.43119
929 2.69593 -0.137121 1.63439 2.13963
930 2.84164 2.1764 0.262258 -1.80816
931 1.72819 1.09289 1.05042 -0.829967
932 1.52157 0.55145 -0.918214 1.08073
933 2.35945 -1.02165 -2.08802 -0.404224
934 1.9185 0.73801 -1.30184 -1.2005
935 1.15026 -0.29907 -0.578509 -0.948148
936 2.44961 0.498186 -2.17504 -1.01075
937 1.69943 0.31438 1.64572 -0.284267
938 2.4038 2.16755 0.460898 0.931412
939 1.89345 1.20781 -1.38966 0.441806
940 2.04439 -1.05004 -1.7038 0.41717
941 1.10403 0.965264 -0.0118423 -0.535727
942 0.918957 -0.412679 -0.812015 0.121693
943 1.81071 0.299841 0.0241619 1.78555
944 1.96548 -0.925057 1.0651 1.36856
945 2.54519 -0.766896 2.02424 1.33877
946 1.48857 -0.670774 1.10414 0.739444
947 1.92292 1.74078 -0.802877 -0.150611
948 1.34067 -0.585493 0.856127 0.849487
949 1.25196 0.0646846 1.24377 -0.127471
950 2.05325 -1.8696 0.826022 0.195251
951 1.26154 1.13864 0.535097 -0.0929417
952 1.88254 -1.63687 0.638684 -0.675788
953 1.59488 -1.32971 0.0716521 0.877718
954 0.946391 -0.0352067 0.649376 0.687552
955 1.71564 -1.52795 -0.460116 0.630142
956 2.21871 -1.43911 -0.133485 -1.6834
957 1.81381 -1.50741 1.00063 0.127909
958 1.02139 0.175297 0.987785 -0.191826
959 3.69622 0.590526 3.32667 -1.49886
960 1.79172 1.61233 0.481516 0.61545
961 2.60492 -2.09937 1.47932 -0.435772
962 0.667941 0.0147742 0.665294 -0.0575484
963 3.48894 -1.32956 2.50967 -2.02645
964 3.1404 1.46607 -2.7358 0.477652
965 1.13669 -0.320124 -0.87886 -0.645904
966 3.63698 -3.55606 0.746386 -0.158025
967 3.24529 0.136445 1.26009 2.98755
968 1.36469 1.18774 0.639795 -0.205692
969 1.22744 1.20058 0.25427 -0.0235986
970 1.25462 0.979193 -0.781847 0.0630506
971 2.97207 -0.385025 2.09426 -2.07341
972 1.20495 -0.911252 -0.286159 0.734595
973 1.66927 -1.42957 -0.861781 0.0120344
974 1.16381 1.15761 -0.0206462 0.118189
975 2.8307 -1.99397 -1.73551 -1.01241
976 1.08696 -0.150083 -0.997633 -0.40458
977 2.44634 2.23508 -0.820535 0.56189
978 2.31693 -2.13763 -0.0143024 0.893598
979 1.82382 0.525373 -1.0603 1.38782
980 3.76269 2.63053 2.63478 0.544123
981 1.84691 -1.57282 0.497109 -0.830769
982 0.424068 0.283528 0.246168 -0.197097
983 1.12173 -0.189636 0.875014 -0.675767
984 2.04318 0.849367 -1.58825 -0.964697
985 1.00788 -0.404139 0.113429 0.916311
986 2.35555 -1.91605 -0.912524 -1.02208
987 1.47812 -1.30093 0.0905526 -0.695848
988 2.30257 -0.125803 0.524454 -2.23851
989 3.08655 2.09745 -1.99108 1.07847
990 2.73155 2.5606 0.9494 -0.0576958
991 2.36627 1.91666 -0.373172 -1.33656
992 3.42935 3.15221 -1.33582 -0.198964
993 1.63326 0.104425 1.59322 0.343927
994 0.610773 0.246237 0.137946 -0.541648
995 0.693708 0.392382 -0.571994 -0.00946306
996 2.63643 -1.3517 -0.582575 2.1873
997 1.5246 -1.45357 0.303979 -0.345181
998 3.4929 1.67399 -2.04258 -2.28604
999 1.53392 1.20344 0.946659 0.0920956
1000 1.94929 0.359694 -1.23124 -1.46779
1001 2.16077 0.391266 -0.661517 2.01946
1002 3.08645 1.44291 -2.06584 -1.78228
1003 0.92754 0.32961 0.268743 0.824296
1004 2.55194 -2.27791 -0.885929 -0.733947
1005 1.10588 -0.129031 1.00073 -0.452621
1006 1.77364 0.984695 0.623343 1.33701
1007 0.596188 0.346413 -0.483209 -0.0441283
1008 1.46024 1.45262 0.0504105 0.140162
1009 3.29412 -2.15823 -1.30406 -2.11959
1010 2.18741 -1.23217 1.76926 0.369104
1011 0.819974 0.183043 0.0488841 -0.797787
1012 1.64533 0.82438 -0.640944 1.2715
1013 2.46057 -1.17893 -1.85289 -1.10965
1014 1.15043 0.772227 0.849673 -0.0721563
1015 1.66329 1.20949 1.13157 0.152401
1016 2.25163 1.02669 1.64746 -1.14089
1017 1.78284 0.882454 0.397243 -1.49732
1018 1.28703 -1.28289 0.0448089 -0.0929041
1019 0.651395 -0.386297 0.318607 -0.416629
1020 1.24403 -0.753252 -0.795733 -0.589088
1021 2.46559 2.33591 0.764956 0.193715
1022 1.87968 -0.22012 1.83631 0.335687
1023 1.40331 0.0185254 -1.02755 0.955555
1024 2.28058 2.1267 -0.157858 0.808244
1025 2.60272 1.95407 0.14698 -1.71294
1026 1.49702 -0.765577 -0.60988 1.1327
1027 2.08145 -0.993451 1.04333 -1.50232
1028 2.02195 0.701456 -1.57325 -1.05884
1029 1.03549 -0.70533 -0.0985741 0.751682
1030 2.28758 2.20685 0.0361676 0.601249
1031 1.57358 -1.4737 -0.0791251 0.546003
1032 2.10583 1.43143 0.987905 -1.18726
1033 2.14563 1.27002 -0.670143 -1.59426
1034 2.48733 1.5711 1.80112 0.688753
1035 1.62184 -0.168802 1.37287 -0.846823
1036 0.798358 -0.782759 -0.0891654 0.129278
1037 4.01769 1.91588 -3.4953 0.50411
1038 2.4956 -0.679898 -0.231378 2.39003
1039 4.19331 -0.989725 -2.64978 -3.09564
1040 1.93979 0.943236 1.16434 -1.23182
1041 2.03209 0.464988 -1.84749 0.707074
1042 2.26534 2.26258 0.0179624 0.110325
1043 2.56521 2.25501 -0.463769 1.13144
1044 0.67517 0.361777 0.194702 0.535783
1045 2.42975 -1.13805 1.98116 0.826776
1046 2.22799 1.07021 -1.67521 -1.0061
1047 1.23653 0.334281 0.40482 -1.11955
1048 2.60727 -0.549515 -0.80134 2.41945
1049 2.55842 2.3134 0.897583 0.622912
1050 1.2411 1.09214 0.588189 -0.0400314
1051 1.65367 -0.945097 1.35698 0.00115436
1052 1.00405 -0.127943 -0.512061 0.854131
1053 1.5561 -0.847992 -1.05198 0.771811
1054 1.96372 -0.701179 1.61191 0.875368
1055 2.03171 -0.597436 0.963605 1.68594
1056 3.17946 0.377741 2.34181 2.11712
1057 1.16935 -0.747184 -0.614821 -0.65658
1058 2.54587 -2.13351 -1.0969 -0.852279
1059 2.32513 -1.09195 1.17757 1.68143
1060 1.5801 -0.878165 -1.20043 0.533389
1061 3.88762 -2.79086 2.53003 0.961069
1062 0.239108 -0.15567 -0.0605259 0.171103
1063 2.25427 0.259626 2.23629 -0.115636
1064 1.90381 0.777706 -1.33667 -1.1104
1065 2.28236 1.03722 2.02165 -0.215114
1066 1.40021 1.3016 -0.515689 0.0222244
1067 3.8366 -2.97553 -0.190353 -2.41443
1068 2.47086 0.361014 1.75274 -1.70374
1069 2.51252 -0.604456 -2.40584 0.399186
1070 1.69466 0.536685 0.570584 -1.50276
1071 1.18258 0.439654 -0.724501 -0.824797
1072 1.23871 -1.19132 -0.0311371 0.337924
1073 2.68857 0.914414 0.833759 -2.38686
1074 2.00385 0.376386 -1.41229 -1.37083
1075 0.863444 -0.683063 -0.527661 -0.0231185
1076 5.05679 0.855579 -4.16846 2.73186
1077 2.1726 2.06752 0.397557 -0.536192
1078 3.47307 1.69157 -0.410377 -3.0054
1079 1.86468 -1.45273 1.13941 -0.261481
1080 1.6377 0.353785 -0.391848 1.55027
1081 2.75834 -0.352356 1.19413 -2.46137
1082 1.27476 -0.529964 0.719119 -0.909404
1083 0.725011 0.130344 0.431123 0.568141
1084 1.21814 -0.832756 0.0953886 0.883905
1085 2.98058 -1.32014 2.66291 -0.223545
1086 0.496136 -0.32132 0.0320682 -0.376665
1087 1.46924 -1.14449 -0.920821 0.0296394
1088 2.6656 -2.27685 -1.03808 0.91859
1089 1.95971 1.87189 -0.386279 -0.432721
1090 1.47885 0.782906 1.16705 0.46049
1091 1.44195 0.532946 1.11278 -0.746257
1092 2.88346 -1.03284 -2.68406 -0.208367
1093 1.26977 -0.814545 -0.234068 0.945535
1094 1.5665 -0.263216 0.214999 1.52919
1095 2.56872 -2.17798 -0.0128726 -1.36182
1096 1.5906 -0.0717896 -0.950107 1.27363
1097 2.81585 2.36547 -0.376754 -1.48041
1098 3.97251 0.460721 3.04587 -2.50824
1099 2.67784 -2.67356 -0.151087 -0.00985496
1100 2.48464 -1.51164 -0.320441 1.94568
1101 2.86689 -1.14896 2.00791 -1.69329
1102 3.67147 1.70983 -2.51645 -2.05516
1103 1.46949 -0.142024 1.37629 -0.495021
1104 1.89605 -0.680134 -0.622045 1.65695
1105 2.09981 1.86325 -0.595616 0.763382
1106 2.39866 2.03561 1.18632 0.450016
1107 2.00965 -0.847175 -0.366977 1.78502
1108 1.70423 0.512221 -1.59476 0.314257
1109 3.25116 2.6372 -1.09892 -1.55164
1110 2.22347 -1.29603 1.68307 -0.656813
1111 1.04631 -0.265988 -0.567626 -0.83775
1112 2.68197 1.49641 -0.650791 2.12843
1113 1.29833 0.00323265 1.07048 -0.734667
1114 2.38105 2.2653 0.707503 -0.192983
1115 0.640505 0.23717 0.455317 0.382992
1116 3.67973 -0.574068 -3.59363 0.544672
1117 2.65472 -0.792045 0.883467 -2.3748
1118 1.98482 -0.157189 1.94596 0.357799
1119 3.3692 -0.0113737 3.32071 0.56943
1120 1.57534 -0.633091 -1.40934 -0.307664
1121 2.71479 2.70189 -0.260523 -0.0449116
1122 0.839063 0.511015 0.484683 -0.456039
1123 2.07694 -0.601344 1.96608 0.294275
1124 2.67613 -1.12789 2.38135 -0.46766
1125 1.60222 1.41982 -0.372625 0.642168
1126 2.47805 -2.34068 0.380402 0.719209
1127 2.42838 1.54881 -0.239368 -1.85498
1128 4.97479 -3.56697 3.24004 -1.23589
1129 3.99328 2.25068 -3.23395 0.649832
1130 1.73325 0.446972 1.66054 0.216743
1131 0.918016 0.471076 -0.0504135 0.786321
1132 1.69149 0.71592 1.52923 0.100177
1133 2.57116 -1.56086 1.9259 -0.682267
1134 3.79326 3.74262 -0.561402 -0.257897
1135 2.71615 1.08512 2.47897 -0.233891
1136 1.89656 1.58253 1.02664 -0.1964
1137 3.85982 -1.43292 -3.45615 0.948673
1138 1.33104 1.0197 0.42028 0.745139
1139 4.00678 -1.40772 -3.11241 -2.09416
1140 1.81527 -1.28719 -1.25562 -0.248487
1141 0.440521 -0.0110332 -0.440192 -0.0129827
1142 4.1625 -1.96221 -3.06308 -2.02328
1143 1.25064 0.247411 1.00528 -0.701645
1144 1.43554 -1.05739 0.0592986 -0.969115
1145 2.13751 1.49656 -1.52179 0.115743
1146 1.11618 -0.572614 0.678542 -0.676423
1147 1.44946 0.346504 0.329096 1.36842
1148 0.945402 0.944265 -0.00931786 0.0454072
1149 2.92992 -1.33022 -1.98185 1.69918
1150 1.39993 -0.331155 -0.247027 1.33758
1151 2.12249 0.337714 1.77078 1.12038
1152 3.96617 -1.26139 -3.22183 -1.93887
1153 0.942813 -0.749251 0.57176 -0.0246768
1154 1.94832 -0.908308 1.72332 0.0334365
1155 2.15232 1.0522 -1.64979 -0.896409
1156 0.694807 0.0152907 -0.190055 -0.668133
1157 1.37539 0.00868802 0.938848 1.00509
1158 2.52281 0.165666 -1.88985 1.663
1159 2.61718 -1.94116 0.560603 -1.6635
1160 2.36314 -0.193249 -2.29369 -0.534863
1161 1.31506 1.29495 -0.22475 0.0442689
1162 2.22142 -0.810322 0.486672 2.01028
1163 2.44474 -1.87313 1.57089 0.0213126
1164 2.79699 -1.91268 0.0719893 -2.03952
1165 3.26658 1.48639 2.63419 -1.23379
1166 2.55657 -1.69901 -0.198881 1.89996
1167 1.42803 0.41623 -1.15702 0.726167
1168 1.31388 -0.0443416 -0.0458967 1.31232
1169 0.986913 -0.896938 -0.383502 0.14975
1170 1.47034 -0.799745 -0.324315 1.19043
1171 0.671526 0.0260298 -0.650115 0.166194
1172 1.54007 0.197713 -1.4388 -0.512428
1173 1.83997 -1.72129 0.147006 0.633289
1174 1.59351 0.611768 0.583794 1.35063
1175 1.71045 0.756063 0.71313 1.35847
1176 2.10501 1.96426 -0.751534 0.0891581
1177 1.57894 1.41062 -0.0772032 -0.705149
1178 1.05408 0.459406 -0.915168 -0.249978
1179 1.482 -1.03585 -0.374122 0.991641
1180 2.65361 -0.733581 -1.63783 -1.95475
1181 1.30488 -0.911879 0.480716 -0.800058
1182 2.09858 0.243566 -0.698088 -1.96402
1183 0.984478 0.172523 -0.655745 -0.713744
1184 2.73562 -1.25717 1.67619 -1.75884
1185 1.38413 -0.789325 0.952365 0.621112
1186 1.80561 -1.35518 -1.19301 -0.0208609
1187 1.05541 0.000619957 0.0710048 1.05302
1188 1.48624 -0.667104 1.233 0.493562
1189 1.88272 -1.63668 -0.634988 -0.680243
1190 1.59717 -0.178546 -0.0107179 1.58713
1191 1.63863 -0.644483 -0.202604 -1.49288
1192 1.95398 1.35288 0.466911 -1.33032
1193 1.17461 0.854372 -0.337544 -0.732001
1194 1.8015 1.09428 1.35431 0.462402
1195 1.68672 1.60502 -0.469363 0.220516
1196 1.98308 -0.727018 1.08475 1.49244
1197 1.26535 -1.16665 -0.402914 0.278751
1198 0.455103 0.34482 -0.23064 -0.187145
1199 4.16431 -3.90115 0.380062 1.40644
1200 1.6319 0.0114469 -0.435213 -1.57275
1201 1.74385 1.41423 0.962322 -0.339016
1202 2.01007 -0.554661 0.651121 1.819
1203 3.48382 -2.26112 -2.64194 0.210942
1204 2.09207 1.19685 1.66998 -0.394303
1205 2.984 1.67301 2.02045 -1.42234
1206 0.83749 0.769161 0.319817 -0.0865963
1207 3.5186 0.850917 3.29775 -0.883948
1208 1.7152 0.458873 -1.65057 0.0832813
1209 1.84732 1.12693 -0.919261 1.13911
1210 3.54028 -3.32918 -0.176755 -1.19117
1211 1.19728 0.984565 0.258293 -0.630388
1212 3.54997 -2.0992 -0.833275 -2.73884
1213 2.14581 -0.992212 -1.89227 -0.198327
1214 0.916084 -0.631003 -0.1358 -0.650079
1215 2.05985 -0.567568 -1.40956 1.39069
1216 2.74162 0.777264 -1.77202 1.94223
1217 1.42265 0.40779 -0.397607 1.30367
1218 1.53316 1.11579 1.01842 0.261602
1219 2.24707 0.731591 0.00890645 -2.12462
1220 1.91924 -0.897708 -1.19762 1.20137
1221 3.20006 1.37905 -1.40107 -2.52499
1222 2.99997 0.247275 1.56643 2.54656
1223 2.58593 2.15276 -1.42142 0.179592
1224 2.04116 -1.77367 0.0548528 -1.00868
1225 1.5786 0.147653 1.29845 0.885542
1226 2.28239 0.447745 -1.83001 1.28837
1227 1.40343 -0.0232193 -0.658723 -1.23902
1228 1.70732 1.56294 0.686681 0.025675
1229 2.02079 0.0350956 1.74036 -1.02641
1230 0.795764 -0.361475 -0.0409183 -0.707744
1231 0.696019 -0.638481 0.000680333 -0.2771
1232 1.49423 1.09049 1.0212 0.0261608
1233 3.11823 2.34118 -1.98441 -0.551692
1234 3.5963 2.09585 2.7784 0.906242
1235 1.12596 0.406669 -0.657378 0.8187
1236 3.25678 -0.6593 1.52749 -2.79977
1237 3.31712 -1.29724 0.0427349 -3.05264
1238 1.23517 1.21148 -0.240576 0.00985467
1239 1.88804 -1.18385 0.708996 1.28861
1240 1.68076 -1.55607 0.316743 0.550709
1241 2.00245 0.53078 -1.90062 -0.340223
1242 1.12936 -0.969421 0.438586 0.37857
1243 2.17986 1.08176 -1.8461 0.416546
1244 3.06831 1.57078 2.63568 0.0197605
1245 1.34009 -1.30616 -0.269866 -0.130296
1246 3.81984 -1.16176 2.58546 2.56065
1247 3.30011 -0.335093 3.21008 0.688384
1248 3.49661 3.36465 -0.740224 -0.597883
1249 2.62406 -1.91778 -1.75595 0.352777
1250 2.11389 -1.58347 0.26908 1.37432
1251 1.31424 -1.29007 0.191382 -0.16219
1252 2.3389 2.0848 -0.134518 -1.05165
1253 1.1561 -0.460362 -0.242558 -1.03238
1254 1.78308 1.43164 -0.0885417 1.05922
1255 2.4212 -0.446606 -1.3011 1.99246
1256 3.18826 -2.8471 -0.463141 1.35814
1257 1.64933 -0.205341 -1.62408 -0.201207
1258 0.729069 0.52102 -0.24654 -0.446428
1259 1.73703 -0.0497457 -1.31439 -1.13453
1260 1.86043 -0.674408 -1.22484 1.22724
1261 2.08381 1.09602 1.44113 1.03158
1262 3.78643 1.74543 -1.39783 3.05558
1263 1.78182 1.35594 -0.463143 -1.05915
1264 1.48265 0.0908005 0.0589623 1.47869
1265 2.58801 -2.17927 -1.16841 -0.76379
1266 1.85691 -1.50632 -0.487901 -0.970076
1267 1.25665 1.1588 0.0570136 0.482798
1268 2.19061 -0.523826 -1.92308 0.908932
1269 1.67284 -0.751607 -1.3841 0.563712
1270 2.11796 -0.597097 1.01986 1.75759
1271 2.64789 2.25079 1.0054 0.966668
1272 0.998812 -0.759159 -0.494427 -0.42053
1273 2.54303 0.250466 2.5293 0.0829422
1274 2.07435 -0.427633 0.414879 1.98694
1275 2.86584 -0.579214 1.63868 -2.27865
1276 1.63417 -0.146346 -0.986665 1.29445
1277 0.98906 -0.370582 -0.785157 0.473749
1278 0.841566 0.000853322 -0.458527 0.70568
1279 2.11758 -1.15775 1.65077 -0.647088
1280 1.90825 1.63488 -0.130013 -0.975538
1281 2.47909 0.735196 0.512505 -2.31143
1282 3.24869 -3.18282 0.65036 0.0254979
1283 2.16275 0.686059 1.55485 -1.33763
1284 2.27192 -1.75565 1.21375 0.778537
1285 2.07628 -0.302722 1.74099 1.09007
1286 2.33736 2.26713 0.564993 0.0644214
1287 0.93742 0.289573 0.889153 0.0656577
1288 1.4495 1.34356 -0.0974061 0.535168
1289 3.09325 2.38824 -1.59652 1.14698
1290 1.21104 0.193448 -0.175574 1.18253
1291 1.64892 -1.22943 -1.09352 -0.107958
1292 2.28957 -1.78417 0.608999 1.29923
1293 2.8775 -0.212219 -0.0795882 2.86856
1294 3.03143 -1.56284 1.47708 -2.13667
1295 1.02184 0.0256508 0.970636 -0.318381
1296 0.464775 0.420263 -0.194003 0.0419312
1297 1.80375 -1.57865 0.187964 -0.852079
1298 2.40197 2.04588 0.648576 1.0785
1299 2.06016 -1.16175 0.19083 1.69062
1300 4.03955 2.84579 -1.98261 2.07093
1301 1.5305 1.45955 0.350762 -0.298492
1302 1.82277 -1.69329 -0.668208 0.093623
1303 3.09667 0.327472 -2.26038 -2.09113
1304 0.9208 -0.821455 0.33667 -0.244415
1305 1.7518 -1.49577 -0.0979979 -0.906567
1306 1.64261 1.31017 0.550281 0.823892
1307 1.82884 0.525924 -1.18658 1.28844
1308 0.932796 0.094959 0.828332 -0.418279
1309 2.73514 -0.436237 0.740701 2.59654
1310 1.84864 -0.655624 1.65583 0.495824
1311 1.97455 1.27127 0.903317 1.21109
1312 4.07065 -0.566113 -1.68799 -3.66066
1313 2.91725 1.19834 -2.49323 -0.92637
1314 1.78419 -1.17598 0.930989 -0.966266
1315 1.42732 1.06617 -0.814077 -0.487632
1316 1.22985 0.726175 0.0380567 0.991838
1317 1.67865 0.88695 0.623941 1.28136
1318 2.15559 -1.44605 -1.23782 -1.01159
1319 1.23913 -0.496305 1.10796 0.248108
1320 2.09451 0.268828 -2.03562 -0.413463
1321 2.88082 2.17415 -0.13976 1.88485
1322 3.15374 -2.7368 0.331205 1.53176
1323 0.424611 0.199336 -0.359558 0.1062
1324 1.63263 1.57067 0.395305 0.205457
1325 3.44753 -2.86857 -0.139049 -1.90722
1326 1.95964 -1.78129 -0.0632878 -0.814381
1327 3.85045 3.59718 0.593876 1.23837
1328 1.38451 -1.12897 0.720323 0.351327
1329 1.24884 1.08875 0.341527 -0.507513
1330 2.53004 -2.11231 0.991926 0.977413
1331 3.88425 -2.43962 -0.963397 2.86487
1332 1.30431 -0.994616 -0.103976 0.837355
1333 1.24312 0.0268512 -0.923445 0.831796
1334 2.99768 -0.978821 0.148263 -2.82949
1335 0.532218 0.448325 -0.128434 -0.256447
1336 1.65941 0.370175 -1.18005 -1.10639
1337 1.11931 -0.789159 -0.747878 -0.26603
1338 1.60658 -1.37447 -0.626872 -0.54677
1339 1.5027 -0.445163 -1.33233 0.533689
1340 2.16327 1.04385 -1.42447 -1.24941
1341 0.793696 -0.688116 -0.340661 0.200996
1342 1.17753 -1.09049 0.201254 0.396108
1343 1.79642 -0.841418 -1.00901 -1.22517
1344 2.87664 1.75218 -1.53009 1.69226
1345 1.82834 0.102693 1.04855 1.49426
1346 2.61276 2.3864 0.408472 -0.982204
1347 4.52517 3.58581 -2.74 -0.333892
1348 0.724891 0.319283 -0.463039 -0.457296
1349 1.27968 0.512258 1.15561 -0.199334
1350 1.3971 0.769612 1.03134 0.54399
1351 3.33493 -0.389633 -3.15959 0.993454
1352 0.743644 -0.175529 0.545089 0.47442
1353 0.507853 0.305388 0.257452 -0.313641
1354 2.92736 1.74215 1.91376 -1.36817
1355 2.5946 0.809846 1.56306 1.90602
1356 1.91661 1.7135 -0.776234 0.367075
1357 0.960735 0.860556 0.228046 -0.361177
1358 1.77351 0.106676 1.02863 -1.44079
1359 0.954424 -0.361569 -0.439541 0.766157
1360 1.39955 0.4964 1.2806 -0.269026
1361 1.99849 1.94659 -0.450143 -0.0458142
1362 1.85076 -1.37908 0.974986 0.756859
1363 1.55716 -1.26265 -0.745235 0.524473
1364 1.8253 -0.876787 0.579975 -1.49218
1365 1.56293 0.0966235 1.55646 -0.104225
1366 1.84463 0.374474 -0.0697351 1.80488
1367 0.908115 1.17719e-05 0.901248 -0.111461
1368 2.17312 1.65982 1.07297 -0.903414
1369 2.76196 -2.19187 -0.460534 -1.61618
1370 3.05208 -0.634463 -1.11547 2.76918
1371 2.43076 -1.26539 -1.27948 -1.63412
1372 1.28098 -0.895816 0.872554 0.27762
1373 0.852385 0.381727 0.609308 -0.457807
1374 0.754235 -0.181871 0.0437266 0.730672
1375 1.38465 -0.281409 1.2656 -0.486126
1376 2.75879 -2.44129 -1.07695 -0.700875
1377 2.37745 2.11824 -0.0815564 1.07644
1378 2.49287 0.937719 -2.26351 -0.459987
1379 1.91483 -0.508286 1.771 -0.521326
1380 1.17843 -0.107656 -0.741631 -0.909451
1381 1.44254 -0.922948 0.228323 1.08487
1382 2.13941 1.78614 0.47317 1.07838
1383 3.75553 3.01239 1.66718 -1.5
1384 2.24366 -0.499204 0.426419 -2.14546
1385 1.54949 -0.15079 0.591365 1.42425
1386 2.20806 -1.62807 0.203734 -1.47763
1387 0.412615 -0.122215 -0.103355 0.380305
1388 3.03631 -0.793875 -1.00043 -2.75465
1389 1.61387 0.978018 0.750457 1.04156
1390 0.819594 -0.215564 -0.778873 -0.136468
1391 1.56439 -0.480592 1.38691 -0.541121
1392 0.795154 0.702253 -0.183248 -0.324853
1393 1.64137 -1.06923 0.412487 1.17503
1394 1.73548 0.377789 0.947879 1.40382
1395 2.56149 0.599821 2.08748 1.35789
1396 1.82205 1.00801 -1.3139 -0.759883
1397 0.811491 -0.623784 -0.113244 0.506543
1398 1.88556 0.38728 -0.518494 1.77102
1399 1.61968 -0.979504 -0.766946 1.03717
1400 2.71357 2.08369 0.830647 -1.52699
1401 2.47448 -1.84068 -0.147741 1.64716
1402 1.7686 -1.59462 0.764762 0.0158512
1403 0.445321 0.115509 -0.271235 0.333766
1404 1.69102 -1.02873 -0.554951 1.222
1405 0.791881 -0.691189 0.322658 -0.21266
1406 1.71484 0.807974 -1.48785 -0.272331
1407 3.25786 -1.09758 -2.81765 -1.21236
1408 0.885255 0.54155 -0.518687 0.470491
1409 2.10658 -1.75289 -0.932502 -0.703916
1410 3.12777 0.821019 2.62258 1.49365
1411 3.43892 -1.91933 0.454491 2.81706
1412 1.4495 0.66789 -1.22028 -0.407266
1413 1.03579 -0.691983 -0.232593 -0.734786
1414 3.62872 0.613728 3.08465 1.80995
1415 4.69725 -2.19198 2.25119 3.49164
1416 3.20773 -0.825025 -1.54995 2.6845
1417 1.40107 1.18535 0.74246 0.0817584
1418 2.94508 -0.234765 -2.91797 -0.322216
1419 2.04542 -0.212718 -2.00109 -0.366222
1420 2.22135 0.789091 -1.31658 -1.60572
1421 2.34044 0.863149 1.98913 -0.880908
1422 1.59446 0.485076 0.371307 1.4728
1423 3.5616 2.73926 -0.478246 2.22547
1424 4.18175 1.78545 -3.15112 2.09035
1425 2.21341 0.942803 -0.808343 1.83218
1426 2.29877 -0.761073 1.94082 -0.96869
1427 2.61015 2.25271 1.26661 0.365914
1428 1.04997 0.739268 0.251074 0.702055
1429 2.88093 1.95149 1.14116 1.78583
1430 2.02049 1.227 -1.27659 -0.973234
1431 2.00142 0.185286 1.98951 0.115018
1432 2.12249 0.833753 -0.962218 -1.69823
1433 0.559345 0.383167 0.39781 -0.0883053
1434 1.49688 -0.284436 0.412758 1.41045
1435 2.21067 -0.607336 1.98404 0.762744
1436 0.38011 -0.226113 0.171913 -0.252593
1437 2.0933 -0.48644 -1.6369 -1.21071
1438 1.38303 0.0194145 0.954108 1.00103
1439 1.38254 -0.0770249 -0.667415 -1.20832
1440 1.16289 0.309017 -1.10971 0.159265
1441 0.574575 0.33795 -0.226025 0.406003
1442 2.65575 -2.14286 -0.821644 1.33644
1443 2.18272 0.903722 1.215 -1.57205
1444 0.692755 -0.0193052 0.655185 0.224209
1445 2.95364 1.61678 1.54712 -1.92781
1446 2.18185 0.205612 -1.99088 -0.868685
1447 2.87539 1.38265 -2.12191 -1.36147
1448 1.26206 -1.19588 0.175561 -0.363074
1449 3.95588 -2.58621 1.13194 -2.77114
1450 2.64462 1.89054 0.565498 1.7607
1451 1.96248 1.0624 0.774632 1.45691
1452 1.2945 -0.783269 0.581508 0.85092
1453 2.07657 -0.929702 -0.0542693 1.85603
1454 2.95541 1.62852 -1.39639 -2.03286
1455 1.93551 1.1097 0.179508 -1.57561
1456 0.829858 -0.280654 0.66503 0.40943
1457 1.50057 1.22155 -0.51575 0.702509
1458 3.14686 0.910566 3.01201 -0.0374361
1459 1.58727 -0.517633 0.670777 -1.34222
1460 1.87272 1.13308 0.0302553 1.49073
1461 2.21741 -0.920864 1.4561 1.39595
1462 1.14254 0.854041 0.486848 -0.582228
1463 1.74441 -0.354491 0.319431 1.67788
1464 0.729309 -0.457467 -0.17263 -0.541124
1465 3.68466 3.6748 0.142611 -0.228534
1466 2.03082 -1.5989 1.07974 -0.633977
1467 3.06465 -1.66056 -1.75998 1.88071
1468 4.05681 -2.01655 2.9255 1.95773
1469 3.06645 1.11764 2.51909 -1.3447
1470 1.21218 -0.756152 0.923502 -0.211577
1471 1.57011 0.307431 -1.32903 0.777426
1472 1.24074 -0.304776 -0.915965 -0.77946
1473 1.24181 0.594777 0.978718 0.480053
1474 3.39963 3.31556 -0.710681 -0.243867
1475 1.76023 1.27539 -0.917933 0.793212
1476 3.16294 -0.627458 3.01724 -0.711892
1477 0.67847 0.0422609 0.623861 -0.263312
1478 1.37959 -1.02389 0.667952 -0.639351
1479 1.76852 -1.76447 -0.0347194 0.114457
1480 3.09821 -2.22877 -1.98006 0.843106
1481 1.48093 -1.40969 -0.44135 -0.105493
1482 1.21738 0.967928 0.73782 0.027263
1483 2.09388 2.07503 0.100293 -0.261828
1484 2.98426 -1.97837 1.98991 -1.01594
1485 4.21039 -2.64823 -3.22474 0.56154
1486 2.42522 0.308187 -0.553183 -2.34109
1487 0.418026 -0.111655 0.0117854 -0.402666
1488 0.854299 0.556672 0.644178 -0.0705493
1489 1.51796 -0.664544 -1.26774 -0.505383
1490 1.08491 -0.602689 0.878929 0.203167
1491 2.46303 -0.76723 0.419722 2.30254
1492 0.81735 0.259878 0.7745 0.0259836
1493 2.21489 -2.08623 -0.636288 -0.385375
1494 1.12879 0.222747 0.747494 -0.815969
1495 1.04913 -0.27527 -0.995579 -0.183625
1496 2.72908 0.335148 2.67391 0.431033
1497 3.02651 -0.618936 2.94537 0.318517
1498 1.77915 1.18325 -0.319005 -1.28978
1499 2.77255 1.58854 1.95157 -1.16403
1500 1.7227 -0.464876 -1.1015 -1.24027
1501 1.68786 -0.521841 0.0865048 -1.60283
1502 1.47863 0.96112 0.88418 -0.693405
1503 0.945962 0.360279 -0.639501 -0.596726
1504 1.39845 0.572155 0.251213 -1.25108
1505 3.31737 0.522684 3.24634 0.439286
1506 2.32527 -1.96197 -1.24274 -0.11472
1507 3.26215 1.62047 0.882212 -2.69023
1508 2.43644 -2.42676 -0.028398 0.21512
1509 1.29604 -0.773199 0.749193 0.72152
1510 0.75732 -0.688164 -0.308084 -0.0710538
1511 1.817 -1.68845 0.360935 0.566012
1512 1.97286 1.91265 -0.43383 -0.213827
1513 2.05024 -0.886245 -0.865711 1.63358
1514 0.642426 -0.253042 -0.552196 0.209191
1515 0.789699 -0.299738 0.525402 0.507675
1516 1.99514 -1.89125 0.0977454 -0.627864
1517 1.47943 0.600223 1.09723 0.790263
1518 1.88896 -1.24432 -1.05255 0.954986
1519 1.79147 -0.658597 0.832132 1.44332
1520 4.19954 -0.449453 4.15552 0.407216
1521 3.09873 -0.350152 -0.699597 -2.99834
1522 3.52761 -2.14378 1.13801 -2.55991
1523 1.40336 -0.550093 1.08424 0.700894
1524 4.61417 4.0525 -1.64584 1.46935
1525 1.65721 -0.343979 -1.04187 -1.24199
1526 1.50842 0.452641 -1.17815 -0.82608
1527 2.73231 -0.111945 -2.63989 -0.695654
1528 2.24589 -0.934046 -0.387768 2.0053
1529 0.650543 -0.112273 0.172221 0.617204
1530 2.61054 -2.11975 0.312063 1.49136
1531 1.08875 -0.982355 -0.459209 0.0973737
1532 1.47367 -0.534735 0.840366 1.08607
1533 2.19112 -0.440474 1.26694 1.73259
1534 1.08583 -0.250162 -0.923845 -0.512793
1535 2.65702 0.517393 -2.2291 1.35026
1536 1.7217 -0.15814 0.894717 1.46244
1537 1.61085 -0.862924 0.00655095 -1.3602
1538 3.41942 -0.102922 -3.03023 1.581
1539 2.35477 -1.00759 0.157074 -2.12251
1540 2.54336 1.45979 0.0528764 -2.08205
1541 0.374332 0.211604 0.111097 -0.288108
1542 3.1465 1.41168 -0.493487 2.76841
1543 2.2558 2.22321 0.372815 0.0836087
1544 1.72281 0.292977 1.29973 -1.09221
1545 1.97843 -0.874196 -1.39621 -1.0957
1546 0.364667 -0.0111188 0.363739 -0.0234997
1547 3.23801 -0.755254 3.14493 0.154075
1548 1.85237 1.64614 -0.849332 -0.011064
1549 1.28221 0.0154148 -0.0507115 1.28111
1550 2.80002 -0.770966 -0.78335 2.57528
1551 1.71497 -0.133239 1.40278 -0.977539
1552 1.53767 0.0521202 -1.37131 -0.69371
1553 1.13999 -0.900598 -0.636138 0.289552
1554 1.12572 0.806537 0.550187 0.560389
1555 1.51929 -1.42148 -0.535946 0.0204396
1556 1.5966 0.57391 0.0258595 -1.48966
1557 1.22322 -1.13253 0.227393 0.402407
1558 1.93763 1.61565 -0.823451 0.682644
1559 2.15848 0.278121 -0.712507 -2.01842
1560 1.27274 0.55549 -1.13929 0.115404
1561 0.533797 0.298615 -0.00443838 0.442435
1562 0.743518 0.575421 -0.435108 -0.179972
1563 0.890905 -0.862144 0.186821 0.124573
1564 2.78962 -1.08353 2.13945 1.42502
1565 0.917264 -0.622713 0.618109 -0.267475
1566 2.19526 1.26595 0.907553 1.5469
1567 0.942759 -0.564969 0.72277 0.217274
1568 4.75553 -2.77319 3.32807 1.96175
1569 2.82742 2.40553 -0.246362 1.46526
1570 2.9261 1.67 1.17908 -2.09354
1571 1.27513 -0.00912679 -1.16214 -0.524705
1572 2.94461 0.250642 2.66399 1.22926
1573 1.37464 -0.0525102 -1.35113 -0.247637
1574 2.39964 1.86509 0.0333135 -1.50951
1575 1.20479 -0.899313 0.323699 0.733461
1576 3.95596 -2.88327 -2.6858 0.350513
1577 3.23107 1.52424 0.13226 -2.84588
1578 1.26209 0.432813 -0.631269 -1.00352
1579 1.77908 0.0121691 1.42353 -1.06702
1580 2.08963 1.78256 1.08762 -0.0781157
1581 1.48473 0.7376 -0.472085 1.19895
1582 1.24967 -0.684302 0.758763 -0.719501
1583 3.29599 0.172114 -3.29091 -0.0618766
1584 3.44362 1.04721 0.203772 -3.2742
1585 1.77617 0.955082 -0.0504014 1.49668
1586 2.30724 0.0849417 -0.414051 -2.26819
1587 2.10355 -2.00434 -0.00255085 0.638404
1588 2.20262 1.4662 -1.51498 0.637681
1589 1.30113 1.06845 0.414679 -0.615951
1590 2.55372 0.131867 -1.28348 -2.20381
1591 3.67612 -3.27844 0.107134 1.65958
1592 1.9441 -0.731361 1.7095 0.567651
1593 2.63005 -2.0121 -1.61664 -0.50505
1594 1.77702 -1.75945 0.14399 0.203494
1595 1.83228 -1.80587 0.181105 0.251507
1596 1.22051 0.854043 0.0685136 -0.869227
1597 1.21472 1.05813 0.441272 0.401494
1598 0.683033 -0.573773 0.21617 0.30098
1599 2.44511 0.0216494 2.34444 0.694056
1600 3.2793 0.140182 -0.794011 3.17863
1601 2.80331 -2.74961 -0.54039 0.0784844
1602 1.80275 -1.35133 -0.56776 1.04952
1603 2.54333 -1.62083 1.04201 -1.66001
1604 1.39831 0.128922 -1.32256 -0.435315
1605 2.51378 -0.746264 2.38655 0.257997
1606 2.11171 -0.731274 1.80086 0.825496
1607 1.65102 0.213584 -1.48962 -0.679177
1608 1.46887 -0.995481 0.223332 1.05675
1609 1.72751 -0.93306 -0.65977 -1.29553
1610 2.23175 -0.459202 -2.17243 0.224436
1611 2.26074 0.790077 -0.134254 -2.11393
1612 1.96955 1.20083 -0.537782 1.46558
1613 1.77106 -0.730937 -1.57377 0.354429
1614 1.62786 1.09184 -0.236378 -1.18404
1615 2.1214 1.50569 -0.909751 -1.18557
1616 2.16883 -1.61063 -1.44497 -0.147445
1617 1.31954 -0.353886 1.12673 0.588568
1618 3.9214 -1.5639 3.55704 0.528248
1619 2.91277 0.670095 2.36449 -1.56346
1620 2.72103 -0.73741 1.2926 2.27804
1621 1.85717 0.787955 -0.417784 -1.62901
1622 3.1013 -2.639 -1.3134 0.963713
1623 1.34856 -0.329967 0.0711193 -1.30563
1624 1.7517 0.488533 1.65525 0.299874
1625 2.6348 0.458736 2.49449 0.71359
1626 2.0164 -1.36079 1.08755 -1.01555
1627 0.590076 0.417798 -0.410911 0.0691894
1628 1.16873 -1.0011 0.529504 0.288718
1629 1.5332 1.3662 -0.313684 -0.621127
1630 1.32118 0.088152 0.0929502 -1.31495
1631 2.0979 -0.0691803 0.469619 2.04349
1632 2.73657 -0.271151 2.21353 1.58605
1633 1.23416 -1.13788 0.436853 0.193724
1634 2.01737 0.836858 -1.67164 0.758351
1635 1.87875 0.867849 1.44082 0.83699
1636 2.60602 1.8156 -1.16516 -1.46196
1637 2.80629 1.03601 0.442124 -2.57031
1638 0.632046 0.537318 -0.321314 0.0867683
1639 2.09506 -0.530045 1.4289 1.43756
1640 2.9236 -1.50905 -0.43737 2.46555
1641 0.91322 0.615986 0.538893 0.405125
1642 2.06192 1.96139 -0.0447898 -0.634374
1643 1.46624 -0.620058 1.27849 0.361717
1644 1.69263 0.939729 1.07641 -0.90732
1645 1.5286 -0.187606 -1.09514 1.0498
1646 1.67076 -1.47007 -0.589887 0.531382
1647 3.05066 -2.45054 1.77064 -0.407709
1648 1.46107 0.372025 -0.866519 1.116
1649 1.4285 0.0895285 0.897251 -1.10794
1650 1.58023 -0.192692 0.0475192 1.56772
1651 0.900817 -0.548029 0.596293 -0.394423
1652 3.12658 1.77535 0.876157 2.41992
1653 1.81836 -1.25531 -1.03305 -0.814505
1654 1.8826 -0.614373 1.69217 -0.550727
1655 1.69373 1.34665 -0.956014 -0.375858
1656 1.62611 1.57431 -0.185743 0.362341
1657 3.66508 -0.629516 3.00391 2.00326
1658 1.22112 0.53941 -0.85652 -0.683035
1659 1.81453 -0.937856 -0.545292 1.45452
1660 2.90505 2.61178 0.591922 -1.12584
1661 2.70254 0.652712 -2.59342 0.389732
1662 2.7116 1.57533 1.40229 -1.70432
1663 1.93851 -1.61124 0.336742 1.02387
1664 1.93503 0.428795 1.64462 0.925057
1665 3.41881 -0.867055 -3.02258 1.34184
1666 1.50867 -0.855555 -0.675293 1.04312
1667 3.38363 -1.07008 -0.827702 3.10142
1668 1.60552 1.16514 -0.815469 0.745083
1669 2.59593 1.92053 -0.939016 1.47265
1670 2.22662 -1.01817 -0.499159 -1.91625
1671 2.76351 -0.346118 2.58888 -0.90272
1672 1.52631 1.4345 0.352294 0.384361
1673 1.3252 1.05921 -0.712893 -0.354981
1674 2.18395 0.649742 1.45415 1.4943
1675 1.84807 -0.353106 1.66855 0.711779
1676 1.52779 -0.339527 1.48175 -0.152586
1677 2.28458 0.14671 -2.17701 0.677052
1678 3.50653 2.88263 -0.766228 1.84366
1679 2.51227 -1.65664 0.496034 -1.82236
1680 1.50736 0.970075 1.14422 0.14783
1681 1.74096 0.0483681 1.71688 -0.284465
1682 1.82744 -1.68917 0.59593 0.36212
1683 3.00414 -2.85641 0.384804 0.847169
1684 2.96853 -1.6201 2.35315 -0.806312
1685 2.90379 -2.59388 1.07726 0.737074
1686 1.43512 -0.29567 -0.525139 -1.30245
1687 1.75752 -0.999297 1.37922 0.433598
1688 2.06599 -0.830757 -0.881708 -1.67354
1689 3.73079 1.68339 1.11237 3.1381
1690 1.49861 0.531422 -0.0254983 -1.40099
1691 2.27311 -0.494932 1.10966 -1.92112
1692 5.58522 -4.56804 2.40916 -2.12687
1693 0.782975 0.532821 -0.564997 0.0996518
1694 2.52884 -2.5197 -0.00667653 -0.214738
1695 2.04876 -1.59821 0.22301 1.2623
1696 2.41414 1.62828 0.768799 -1.60802
1697 1.37615 -0.208733 -1.35675 -0.097149
1698 3.2055 -2.20649 -1.40033 -1.85626
1699 1.67162 1.50175 0.147515 -0.719234
1700 2.2172 -1.94652 0.95657 -0.460434
1701 1.80928 -0.56144 -1.46684 0.898148
1702 2.39181 0.176828 1.30466 1.99684
1703 1.48712 -1.27452 -0.733238 0.222502
1704 0.792196 0.0731011 -0.471552 -0.632352
1705 2.06209 -1.94877 -0.65581 -0.156272
1706 2.65029 -2.50954 -0.0996646 -0.846328
1707 2.79123 2.70689 0.13296 0.667846
1708 2.81897 -0.0446333 -2.78834 -0.412031
1709 2.06466 -0.302158 1.49944 -1.38679
1710 1.4116 -0.937869 0.876907 -0.586567
1711 1.86471 0.407885 1.81938 0.0249972
1712 3.05469 -3.03319 -0.0215305 0.36113
1713 1.57857 0.173885 0.700456 -1.40392
1714 1.18367 -0.953278 -0.503108 0.489097
1715 1.67224 0.422497 -0.999969 1.27198
1716 1.65637 -0.576976 0.841246 -1.30498
1717 2.81428 0.159937 0.047295 2.80934
1718 1.47545 0.716562 -0.253001 -1.26471
1719 2.48246 -2.26295 0.536277 0.868358
1720 2.9249 1.29042 2.61921 0.172086
1721 2.02796 1.0351 1.60069 0.692084
1722 3.78624 1.19707 -0.816371 -3.49802
1723 3.28288 3.15909 0.5038 -0.737326
1724 2.70227 -1.38368 0.354942 -2.29384
1725 1.73748 -1.1745 0.855257 0.952842
1726 2.56619 0.853376 2.37831 -0.447983
1727 1.48175 -1.25802 -0.751367 -0.220023
1728 0.850972 -0.332549 -0.771862 -0.133395
1729 0.952148 -0.50084 -0.425871 -0.688752
1730 2.88546 -0.527093 2.66142 -0.982295
1731 2.18429 0.204612 1.23161 1.79232
1732 2.8509 1.19995 -0.92468 2.41511
1733 1.82197 -0.895232 -0.17924 -1.57671
1734 1.08882 -0.0767808 -1.01764 0.379521
1735 3.0089 1.24716 1.58443 2.2333
1736 2.57491 0.719773 2.46717 -0.158573
1737 3.09271 -1.28794 2.72827 -0.680172
1738 1.69098 1.21036 -1.07943 0.478833
1739 2.23095 2.00484 0.928201 0.310156
1740 0.748976 -0.105302 -0.491332 0.5554
1741 3.58282 1.59792 -3.19363 -0.28987
1742 1.08307 -0.0897471 0.44981 -0.981149
1743 2.94495 1.96253 0.878766 -2.0122
1744 1.8945 -0.00989216 0.973074 1.62547
1745 1.7769 -1.31869 -1.03551 0.588341
1746 1.56335 1.25687 0.728441 0.577681
1747 3.07226 2.68934 -0.14343 1.47839
1748 2.7607 -0.653289 -1.4696 -2.24386
1749 1.15789 1.12231 0.264217 0.106397
1750 0.339999 0.0261415 0.28254 -0.187315
1751 1.35256 0.647428 0.770881 -0.90332
1752 2.26936 -1.11961 1.73758 -0.936638
1753 1.96933 0.275205 0.375478 -1.91352
1754 1.94286 -1.24691 0.195173 1.4771
1755 1.80605 -0.448601 0.951734 -1.46792
1756 2.23638 -0.790385 -2.05106 -0.412101
1757 1.41858 -0.43914 1.3101 -0.321183
1758 2.47771 -1.10457 1.75403 -1.35732
1759 1.36408 1.25457 0.334232 0.418393
1760 4.86234 -4.80539 0.359323 0.649194
1761 2.23744 -0.0116976 0.456859 -2.19027
1762 2.40496 -0.421394 1.48338 -1.84549
1763 5.32899 4.34228 -3.03953 -0.551366
1764 2.45698 -0.406973 -1.17164 2.12094
1765 1.6295 -1.53742 0.466023 0.272846
1766 2.47104 0.843747 -1.46437 1.80271
1767 2.2427 0.660747 1.52128 -1.50958
1768 2.366 -1.05322 -1.49146 1.50474
1769 2.56137 1.52811 -1.56795 -1.3293
1770 1.46895 0.426734 1.08449 -0.894207
1771 3.24767 3.0943 -0.311997 0.935598
1772 1.65632 -0.232436 -1.58296 0.428485
1773 2.49167 1.32017 -0.0648406 -2.1122
1774 2.34471 1.50902 0.0683047 -1.79328
1775 2.1857 -0.0986967 -0.175025 2.17645
1776 1.61072 -0.066006 -0.940289 -1.30611
1777 0.40072 -0.0606514 0.392877 0.0504548
1778 1.03355 0.40377 -0.861616 -0.403495
1779 3.0883 2.42874 -1.87093 0.372124
1780 1.18977 0.444832 -1.09384 -0.145614
1781 2.68585 -1.79936 0.1181 1.99052
1782 0.925134 0.224877 0.895406 -0.0595848
1783 1.47898 -0.34753 -0.588153 -1.31174
1784 1.1909 0.428981 0.138417 -1.1023
1785 2.89212 -0.149147 0.84598 -2.7616
1786 2.43264 -2.23553 -0.0802187 -0.955874
1787 1.72696 -1.69805 0.266352 0.167516
1788 1.18895 0.985446 -0.490076 0.449817
1789 2.35855 1.4817 1.81309 0.282927
1790 2.28398 -1.8532 -1.25813 -0.446476
1791 1.24231 -0.265174 1.12806 -0.447764
1792 2.0761 -1.34573 1.57288 -0.158997
1793 1.89876 -1.8785 0.276107 0.0173328
1794 1.68045 -0.906184 1.23101 -0.698099
1795 3.23969 -1.44552 2.30878 1.75373
1796 1.47566 0.0848725 -1.45792 -0.211714
1797 2.38355 -0.88695 -2.21227 0.0225956
1798 1.26345 -1.11077 -0.557114 0.228317
1799 2.08269 1.48194 1.36666 0.523159
1800 2.13989 0.664261 1.65174 -1.18728
1801 3.31497 1.16343 -2.31381 -2.06923
1802 2.89428 2.28312 -1.59102 0.795502
1803 1.42463 -1.37192 -0.0121775 -0.383728
1804 2.217 1.38355 1.57381 -0.723863
1805 2.023 -1.64742 -0.329287 -1.12699
1806 2.56507 -0.737272 0.396067 2.42469
1807 3.05786 1.98066 2.06736 1.07402
1808 2.62334 1.33198 -1.88781 -1.24253
1809 0.576615 0.0769093 0.422859 -0.384396
1810 1.68404 -0.351847 1.60103 -0.385852
1811 2.34967 -0.589131 2.2704 0.138262
1812 2.71956 -0.609656 1.77873 1.9648
1813 1.4523 1.23649 -0.178493 0.740548
1814 0.878041 0.681344 -0.190942 -0.519873
1815 3.69178 -1.20389 -2.73335 2.16995
1816 1.46141 -0.91072 1.12577 0.197347
1817 1.37358 0.469689 -0.634131 -1.12427
1818 0.492845 0.463624 -0.0185214 0.16615
1819 2.76897 -0.541548 1.1326 2.46803
1820 2.47845 1.64068 1.41656 -1.20177
1821 0.866303 0.661111 -0.289961 -0.478891
1822 3.31892 0.538557 2.92983 -1.46332
1823 1.91445 1.0505 1.54255 0.426751
1824 2.14644 -1.14115 1.60184 0.859701
1825 1.03504 0.129302 -0.429855 0.93264
1826 1.06699 1.0575 0.0456173 -0.134429
1827 1.67952 -0.587331 -1.49305 0.496638
1828 1.53261 -0.47347 1.25142 0.747441
1829 4.20378 0.16952 2.41612 3.4359
1830 1.78203 -1.59472 0.677827 0.415988
1831 2.19132 -1.4121 -0.494029 1.60119
1832 2.41608 -1.76873 1.62869 -0.237587
1833 1.48545 1.17939 0.00579931 0.90309
1834 4.07682 -0.971468 -1.03474 3.82178
1835 2.76305 1.47401 0.534851 -2.27501
1836 1.73927 -0.783712 1.40087 0.669637
1837 2.34165 -0.659527 0.223479 -2.23571
1838 1.36524 -1.28999 -0.220412 0.388903
1839 1.77081 0.945888 0.736532 -1.3033
1840 0.723012 0.637305 0.308764 0.145785
1841 2.16359 1.26071 -1.66884 0.5538
1842 0.806965 0.095004 0.596572 0.535041
1843 2.02436 1.25627 -1.4574 -0.62915
1844 4.26297 3.87934 1.51559 -0.909154
1845 1.14361 0.55097 -0.983979 -0.189867
1846 1.36413 1.14079 0.738465 0.118787
1847 4.16234 -2.48794 3.32378 0.296161
1848 3.05427 1.82318 1.57087 1.88068
1849 1.10892 -0.271074 -1.04207 -0.265154
1850 1.86438 -0.664033 1.53042 0.832338
1851 1.68008 0.435115 0.180323 1.61271
1852 0.374042 0.126684 -0.233753 -0.263094
1853 3.78968 3.18615 0.627718 1.95347
1854 1.7793 -0.500821 1.60434 0.584095
1855 2.71238 2.18738 0.90952 -1.32104
1856 3.85839 -0.62901 3.61187 -1.20248
1857 3.58368 -0.259806 3.50886 -0.680581
1858 1.66401 -1.05157 1.27207 -0.212033
1859 1.87904 0.158382 -1.25099 -1.39311
1860 1.62008 1.31992 -0.0931982 -0.934774
1861 0.820596 -0.672595 0.407993 0.233528
1862 1.11709 -0.315136 0.210211 -1.0509
1863 1.08438 -0.623214 -0.46163 0.757879
1864 1.75888 -1.52571 -0.729282 -0.483755
1865 1.79412 0.851961 -1.27351 0.933385
1866 1.55422 -0.549811 -1.13859 0.903842
1867 1.77484 -0.195154 -0.991253 1.45924
1868 1.03104 -0.387398 -0.930446 0.217317
1869 1.24928 -1.06233 0.538296 0.377366
1870 3.21488 -0.778068 -2.87739 -1.20444
1871 1.49509 -0.542854 -1.2864 0.534589
1872 3.2669 1.84598 0.517749 2.64517
1873 3.06129 2.54613 -1.56087 -0.672626
1874 2.22426 -1.04223 1.15347 1.59078
1875 0.500567 -0.0164569 -0.448996 0.220677
1876 0.919812 -0.14554 0.253396 0.87216
1877 2.29765 -2.28094 0.115309 0.251479
1878 2.2571 1.57698 -1.61337 -0.0683808
1879 0.922002 -0.669017 0.57632 -0.265255
1880 1.40543 -0.893633 -0.767067 0.766983
1881 3.29992 -1.54704 1.53768 2.47623
1882 1.86335 -1.4858 0.365535 -1.06343
1883 1.82562 -0.678487 0.942336 -1.40874
1884 2.84423 -2.67187 -0.5578 -0.799788
1885 0.897171 0.368056 -0.564112 -0.592646
1886 1.64361 1.41123 -0.13181 0.832181
1887 3.61704 0.748752 2.58829 -2.41311
1888 3.29455 -0.156549 -1.18706 3.06927
1889 1.28796 -0.59936 0.543335 1.0022
1890 2.96707 1.19558 -0.763513 -2.60599
1891 2.68975 -0.162685 0.505301 -2.63685
1892 2.86592 0.539601 -0.199285 -2.8076
1893 3.06981 -0.636947 -2.4221 1.77523
1894 2.21969 2.01468 -0.813049 -0.455003
1895 1.57434 -1.55232 -0.134172 0.225506
1896 1.17149 0.666536 0.917084 -0.295072
1897 2.28047 0.0995183 -0.52073 -2.218
1898 2.24113 -1.50864 1.65133 0.140649
1899 2.45801 -0.176903 -1.31515 2.06903
1900 1.62805 1.29159 0.898351 -0.418676
1901 2.70906 -2.27184 -0.427604 1.41241
1902 1.78365 -0.13699 1.03611 1.44538
1903 1.54025 0.621631 1.38712 0.248652
1904 0.885098 -0.753306 0.443324 -0.139262
1905 2.4877 -2.38845 0.496984 0.486783
1906 1.49517 0.602428 1.36663 0.0701883
1907 1.27408 -0.692968 -0.913104 0.556156
1908 1.72854 1.46981 -0.59894 0.684689
1909 3.24389 2.46821 -0.557837 -2.02968
1910 2.41252 1.05553 -0.982504 -1.93411
1911 2.77841 1.58527 1.36464 -1.82872
1912 4.57798 -3.28567 -1.54148 -2.79037
1913 1.16607 0.725778 0.404622 -0.81807
1914 1.92211 -1.07459 1.58327 -0.181725
1915 0.491302 -0.00122961 -0.0826098 0.484305
1916 2.97907 0.768168 0.856944 -2.74781
1917 2.42579 -0.783501 -2.12282 0.874199
1918 4.6072 -0.418819 3.36525 -3.11865
1919 1.46588 -0.862632 -0.808793 -0.866323
1920 0.530897 0.209199 -0.0711995 -0.482719
1921 1.9328 -0.268226 1.23671 1.46094
1922 1.21657 0.553993 0.520917 0.949626
1923 3.37565 1.20125 1.30035 2.87422
1924 1.70027 -1.00778 -0.445915 1.29478
1925 2.94013 0.575672 -1.93527 2.13721
1926 1.58741 -0.610619 -0.708849 1.2824
1927 2.50496 -1.12238 -1.10566 1.94747
1928 2.58996 1.38039 -1.41045 1.67721
1929 1.46623 -1.02145 0.249392 -1.0219
1930 1.28961 -0.641961 -1.03676 -0.419655
1931 1.90091 -1.84735 0.156525 -0.419829
1932 2.62336 1.53502 0.893737 1.93054
1933 2.2493 2.15693 0.438994 0.462935
1934 4.06072 1.97266 3.13049 1.67276
1935 1.66573 1.46246 -0.093163 -0.791942
1936 1.16211 -0.0494766 -1.05163 0.492059
1937 1.07525 0.0108272 0.528634 0.936265
1938 0.891559 0.873801 0.0342418 -0.173712
1939 2.55922 2.46131 -0.310946 -0.628363
1940 2.24565 -1.05226 1.62356 -1.14005
1941 2.92941 -0.910289 -2.67472 0.773733
1942 2.96192 2.32654 -1.3255 1.26619
1943 1.80059 -1.56869 0.419896 -0.777831
1944 1.0255 1.01185 0.0971949 -0.135536
1945 1.15676 0.935495 -0.402612 0.548502
1946 3.14208 1.14558 0.443253 -2.89204
1947 3.00231 0.555609 -0.433143 -2.91848
1948 0.637723 -0.350209 0.30759 0.435238
1949 1.8322 0.297411 -0.862866 1.5887
1950 1.91551 -1.70574 0.751014 0.442288
1951 2.0402 -1.83229 -0.712516 0.54539
1952 1.40078 0.298837 -1.35653 0.1809
1953 2.34158 -1.20934 -2.00119 -0.125453
1954 1.82607 0.0812189 1.81439 0.18953
1955 0.688186 0.587834 0.233891 -0.270825
1956 1.92724 -0.101155 -1.41766 -1.30165
1957 1.5158 1.38939 0.500877 -0.341107
1958 2.68924 0.430657 0.607538 2.58407
1959 2.0359 0.289418 1.20884 -1.6124
1960 1.94184 0.249534 1.57624 1.10632
1961 2.71853 -0.294054 0.497246 -2.65645
1962 0.69159 0.597779 0.258577 -0.232584
1963 4.52479 1.92092 -0.0681173 -4.09624
1964 1.62331 -0.119577 -1.54221 0.492358
1965 1.8889 0.687845 1.01617 1.43604
1966 1.35462 0.480658 -0.429337 1.19148
1967 2.53449 1.42778 0.0264742 2.09389
1968 2.52645 1.34243 -1.43088 -1.59168
1969 2.00411 -0.461111 1.64421 -1.049
1970 3.26036 -3.11372 0.707947 -0.658454
1971 2.37827 -0.428831 -0.479278 2.28966
1972 2.38169 2.13656 0.710809 0.776096
1973 2.24771 -1.78316 0.467465 1.28609
1974 2.79081 0.802395 2.17414 1.55495
1975 2.75537 -2.43655 -0.844005 -0.971062
1976 4.00332 -2.80855 -2.30354 1.68294
1977 1.92158 1.46419 0.059071 1.24303
1978 2.05594 1.27891 0.614601 -1.4878
1979 2.4952 -0.230674 1.9793 -1.50174
1980 0.866731 -0.425924 -0.532849 -0.53468
1981 1.73088 0.0230157 -0.043211 1.73019
1982 0.879309 0.037117 -0.102686 0.872503
1983 0.93178 -0.826162 -0.0288043 0.42993
1984 1.60405 0.0293858 -0.679387 -1.45278
1985 1.52583 -0.394518 0.701152 -1.29649
1986 1.29425 0.460316 -1.18195 0.257287
1987 2.99061 -0.296033 -2.21998 -1.98187
1988 1.21206 0.0701609 1.20966 0.0298453
1989 0.697676 -0.569523 -0.213404 0.341838
1990 3.39377 0.760525 -3.24816 -0.623506
1991 3.09102 2.42413 1.90731 -0.200411
1992 2.4201 2.31307 -0.483368 0.522424
1993 2.15241 1.07022 -0.220748 1.8544
1994 2.11119 0.651714 1.38933 1.44989
1995 2.41529 0.383153 -2.29913 0.633093
1996 1.65502 1.62452 -0.115721 0.294366
1997 1.01558 0.470978 0.14055 -0.888726
1998 2.37673 2.05451 -0.531072 1.07042
1999 2.28766 -1.05202 1.10804 1.70261
