n=2000
0 1.50502 -0.78346 1.2647 -0.227626
1 1.92521 0.0223867 -1.83912 0.568838
2 4.65593 4.17104 -0.178257 2.06114
3 4.39342 -4.27521 0.008261 -1.01229
4 1.39365 1.35241 -0.313078 0.12346
5 2.06883 -0.0691066 -1.45299 1.47108
6 1.48141 -1.28601 0.646477 -0.350478
7 1.90941 0.736386 -0.633667 1.64379
8 3.24231 -2.42097 -1.78669 1.20798
9 6.96881 2.25982 2.06324 -6.26103
10 1.17363 0.749294 -0.315915 0.84627
11 0.974084 -0.602806 0.635719 0.425823
12 2.52968 2.0591 -0.757957 1.25892
13 2.19984 0.536903 -2.13207 -0.0729123
14 1.50447 0.855926 -0.189679 1.22264
15 1.57935 -0.878436 -0.367601 1.25999
16 1.22238 0.691542 -0.723864 -0.701429
17 2.3609 -0.779783 -2.2095 -0.289682
18 2.83979 2.16263 0.163322 -1.83325
19 1.98206 -1.92703 0.287466 -0.36398
20 2.26511 -0.595648 1.24967 1.79284
21 2.69572 2.69074 0.143743 0.0786414
22 2.11187 -0.213651 2.08529 -0.256761
23 1.23166 0.722604 -0.411467 -0.908582
24 2.10167 -2.04602 0.438107 -0.197193
25 1.57203 -0.338534 -0.764115 -1.33146
26 2.70786 1.34717 -2.16988 -0.899565
27 2.98895 2.21777 1.53243 1.29111
28 1.35346 -1.02049 -0.722099 -0.518688
29 4.87188 -0.260594 -3.14792 3.70917
30 1.59342 1.50171 -0.447394 0.289312
31 2.11877 -1.63543 0.432161 1.27584
32 1.85024 -1.15588 0.760332 1.22851
33 2.66239 -2.25772 0.0767266 -1.40895
34 1.42529 0.454081 0.961481 0.94911
35 1.98228 -0.779573 0.843604 -1.61556
36 3.06989 0.291242 1.3458 -2.74376
37 2.79683 1.15507 -2.24252 -1.20797
38 5.04121 -1.85551 4.54901 -1.13021
39 2.32963 0.406074 -1.75713 -1.47471
40 1.07932 1.0084 -0.0548949 -0.380838
41 1.86257 1.12227 -0.4121 1.42824
42 2.10707 1.9847 0.430217 -0.561813
43 2.21691 1.88956 0.213551 -1.13959
44 3.25578 3.21241 -0.528558 -0.0339227
45 2.00309 -1.25839 -0.0593616 1.55733
46 1.78147 -0.640894 1.03506 1.3006
47 3.18194 -0.741179 1.59076 2.65422
48 1.42126 0.520716 0.59391 1.18157
49 5.19442 -1.13457 -0.880519 4.99193
50 1.89804 0.624808 0.306462 -1.76586
51 2.79706 2.35973 1.48046 -0.251863
52 0.961732 0.629441 -0.419149 -0.594177
53 2.8554 1.99883 0.678464 -1.92294
54 3.29646 3.11537 0.98067 0.446558
55 1.28716 -0.0778884 0.561956 1.15539
56 0.643521 0.251375 -0.378088 -0.456047
57 3.28449 -2.95762 -0.924717 -1.08869
58 1.77035 0.505888 -0.806315 -1.49268
59 1.34458 -1.2621 -0.462158 -0.0375274
60 1.0509 0.348265 0.978325 0.161172
61 4.04222 2.69826 2.59857 -1.5187
62 2.42959 1.80114 -0.543336 1.53739
63 1.45072 0.697466 0.860703 0.93666
64 1.9261 -0.0456118 -1.39473 -1.32759
65 4.10995 -2.52199 2.71742 1.77396
66 0.343029 -0.21668 0.208119 0.165545
67 1.19869 0.465188 -1.10347 0.0529009
68 0.744859 0.39488 -0.527722 0.346979
69 1.73627 -0.896166 1.46168 0.273866
70 3.44804 0.290145 -2.58446 2.26392
71 1.74299 0.150398 1.71649 -0.262793
72 1.44086 0.714019 -1.22476 0.257335
73 0.903573 -0.0297807 0.0738487 -0.900058
74 2.6606 0.415521 -1.16173 2.35723
75 2.24756 0.260556 1.68315 1.46651
76 2.7483 0.271265 0.418414 2.70269
77 2.91666 -0.745628 1.48871 2.39472
78 3.13474 -1.8984 2.47876 -0.280011
79 3.51175 -0.380498 2.67427 2.24408
80 3.24591 2.01315 2.38181 -0.90008
81 1.38899 -0.990914 -0.938624 0.257595
82 1.61828 1.15047 -0.796294 -0.813116
83 2.53403 2.01062 -1.15464 -1.0225
84 2.03023 -1.81692 0.771361 0.475047
85 4.21278 0.72247 4.15036 -0.00940734
86 1.40399 -1.24102 0.638537 0.152739
87 2.89649 -2.6176 -0.937235 -0.812052
88 2.72361 2.06999 1.09123 -1.39369
89 1.92052 0.811847 -1.73932 -0.0637891
90 2.24104 1.58722 1.54742 -0.329361
91 2.9536 0.684764 -1.53805 2.42678
92 1.53125 -0.722445 0.639826 1.18887
93 2.0205 0.609526 0.404665 1.88338
94 5.28335 3.76691 3.64944 -0.636947
95 1.18842 -1.04421 -0.211622 0.526476
96 3.50145 1.69203 -1.07068 2.87243
97 1.53458 0.498493 0.279624 -1.42416
98 4.06544 -1.9563 -1.00692 3.41859
99 2.60263 1.27716 -0.876779 2.09136
100 2.40643 0.834241 1.52524 -1.66391
101 0.972262 0.891991 0.355869 -0.151665
102 1.97961 -1.07306 -0.841595 -1.43496
103 2.0498 -0.18304 1.81349 0.937786
104 1.29165 -0.748224 1.03213 -0.207895
105 1.92077 1.38182 -0.74666 1.10564
106 1.0516 0.196428 -0.562814 0.866324
107 1.91854 1.35955 -1.29233 -0.402867
108 3.45451 2.78588 1.34277 1.53931
109 2.57795 -0.97156 -2.15061 1.03767
110 1.74516 0.808269 -0.258884 1.52488
111 3.08932 -1.33723 -1.24662 2.49031
112 3.43978 2.20279 1.8966 -1.83921
113 2.59397 2.56126 -0.355977 -0.204642
114 1.7878 -1.38194 -0.327312 -1.08596
115 2.52542 0.968255 -1.39933 1.86604
116 2.48256 0.794946 2.31914 0.390832
117 3.56082 3.50746 0.421269 -0.446847
118 3.27806 2.62268 -0.650488 1.85583
119 2.3304 0.62947 -1.12324 1.94238
120 1.08673 -0.0950715 -0.99592 -0.424366
121 1.71825 -1.64476 -0.411759 0.278586
122 0.642453 -0.533561 -0.0437478 -0.355168
123 3.69207 3.30422 0.324569 1.61499
124 1.70125 -0.237399 1.44455 0.866697
125 1.33212 -1.21264 -0.426489 -0.349497
126 1.12095 -0.989413 -0.180143 -0.495125
127 1.4288 0.341374 -1.11108 0.830919
128 1.10849 -0.562896 -0.952516 0.0678879
129 3.79421 -2.15224 -3.11748 0.212739
130 0.85222 0.192857 -0.210715 0.802922
131 1.98841 0.640544 1.28148 -1.37887
132 0.846867 0.443536 0.499181 0.520843
133 0.88976 -0.719789 0.517771 -0.0740864
134 2.16945 -0.185327 1.75294 1.26467
135 3.12283 -1.34843 -0.255232 2.80512
136 2.88391 -2.54372 -0.686011 -1.17296
137 0.889009 0.7499 0.469948 0.0844706
138 2.8306 -0.0555572 -2.80741 -0.357321
139 3.16706 -0.130049 -2.10853 -2.35955
140 3.86001 -0.362223 3.65903 1.17473
141 1.56971 1.36566 -0.578679 -0.513903
142 2.57773 -0.85074 1.7213 1.71991
143 2.17765 2.10224 0.52306 0.221709
144 2.02289 0.385696 0.647639 -1.8772
145 1.41239 -0.254772 -0.393922 -1.3322
146 4.76854 0.163436 1.45979 4.53666
147 4.01552 0.593326 0.690356 3.91098
148 5.08719 0.39309 4.54453 2.25215
149 2.59089 -0.34397 -0.0206033 -2.56788
150 2.43837 1.32413 -1.53561 -1.35434
151 3.26234 -0.425737 -2.2794 -2.29476
152 1.72851 -1.13511 -0.970762 -0.870007
153 1.94368 0.757195 1.73369 -0.445959
154 4.35356 0.815799 4.18999 -0.855539
155 2.11495 1.21707 -1.3132 -1.12572
156 2.32961 1.54322 -1.67471 -0.490789
157 2.11644 -1.011 -1.76331 -0.589846
158 2.78087 1.95576 -0.862748 -1.77873
159 2.81851 0.983441 2.5697 -0.611161
160 1.33543 0.95112 -0.937253 -0.0169918
161 2.72636 1.38614 -1.33775 1.92927
162 3.16961 -0.946971 -1.28088 -2.74026
163 2.12809 1.16182 -1.77211 -0.196457
164 1.72368 1.62643 0.0233497 -0.570313
165 2.94586 0.856334 0.15083 2.81461
166 3.29016 2.40606 1.82598 1.30452
167 3.86894 -3.77995 -0.434981 -0.701037
168 1.15591 0.621713 0.017062 -0.974327
169 1.88241 1.76456 -0.610433 -0.239124
170 3.36087 0.211234 -0.773903 -3.26372
171 2.37233 0.786944 2.21601 -0.31302
172 1.72563 0.539632 -0.217083 1.62465
173 1.84679 1.20304 -1.06937 -0.905408
174 2.66291 2.07709 -0.135761 -1.66083
175 2.89663 0.79892 0.152808 -2.78008
176 1.92254 -0.745815 0.283494 -1.74916
177 2.34633 2.29849 -0.403994 0.242954
178 2.64755 -0.751797 -2.51223 -0.364768
179 1.47873 1.11286 0.904766 0.359977
180 2.14103 0.378648 0.8618 1.923
181 2.58161 1.53208 0.443137 -2.03004
182 2.44042 -1.61674 -1.45863 1.10192
183 6.55761 2.18616 5.9658 -1.6224
184 0.794692 -0.237272 -0.754427 -0.0779608
185 3.15393 0.455523 1.35067 2.81345
186 2.13396 0.0855486 -1.41891 -1.59158
187 1.78616 -1.71216 -0.375035 -0.34388
188 1.53096 -0.0753062 -0.83304 1.28226
189 4.98612 -3.72397 -0.413013 -3.28981
190 2.77727 -2.11745 -1.77095 0.305631
191 4.66767 -0.723626 4.57523 -0.57509
192 1.10055 -0.374764 0.969638 0.361339
193 1.23282 0.374427 -0.967835 -0.665532
194 2.70347 2.54075 -0.911425 0.1504
195 2.58039 0.895188 1.5887 1.82567
196 1.44848 -0.508498 0.92208 -0.994628
197 1.07031 1.02198 0.303151 0.0960621
198 1.79111 0.917313 1.38916 -0.660944
199 1.22632 0.0887923 -1.18179 -0.315197
200 2.28495 2.0603 0.448079 0.880555
201 3.16022 0.0759273 1.06068 2.97593
202 1.98037 0.49206 1.60198 -1.05518
203 3.30944 3.28274 0.38037 0.177028
204 2.09121 -0.252316 -0.64927 -1.97178
205 1.84941 0.407674 1.37498 -1.16771
206 4.20033 2.00622 3.68005 0.273956
207 0.57108 0.385606 -0.220366 0.358997
208 2.85654 0.941043 1.7939 2.014
209 2.51865 -1.17187 -0.948687 2.0175
210 3.04067 -2.53273 1.63914 0.379707
211 4.60614 -1.98245 -0.857201 4.06836
212 2.23417 -1.0933 1.92782 -0.282283
213 1.95593 -0.0391251 -1.3779 -1.38763
214 3.69127 1.92177 -3.14976 0.106554
215 0.763315 0.413599 -0.20602 -0.607571
216 3.4181 -0.497395 3.22145 1.02874
217 1.79396 0.580212 -0.593672 -1.59035
218 3.61292 -1.10891 3.16839 -1.33596
219 3.34094 0.25801 2.12671 -2.56368
220 2.81318 0.226556 1.32349 -2.47205
221 2.32699 -0.105278 -0.976418 2.1096
222 2.36018 -0.0126851 0.0372677 -2.35985
223 3.24704 0.380525 -2.79959 1.60023
224 2.27411 1.56945 0.850538 1.4089
225 3.75515 -2.71561 1.94495 1.71574
226 2.78632 1.98501 -1.57288 1.16163
227 4.5326 -2.14357 3.85603 -1.03952
228 1.21575 -0.865393 -0.0449234 -0.852722
229 2.61209 1.96521 1.53061 0.786252
230 2.23131 -1.53669 1.61688 0.0552329
231 1.21541 0.560303 0.717633 -0.805168
232 2.01632 0.811041 1.48916 1.09095
233 2.69824 -2.64544 -0.528136 0.0566276
234 0.604399 -0.0167346 -0.151329 0.584908
235 2.86308 -0.889954 1.53998 -2.24358
236 1.53116 0.76448 0.161911 1.31674
237 1.98625 0.181873 -0.437845 -1.92883
238 2.81529 -0.512594 1.37888 -2.40038
239 1.76367 -0.604962 -0.613773 1.53877
240 2.84191 -0.280878 -1.82469 2.16057
241 2.57342 1.41354 -2.14986 -0.0498975
242 4.07743 3.20989 -2.07778 1.41593
243 1.97907 0.835248 -0.991913 1.49505
244 1.79725 1.33296 -0.498374 1.0977
245 1.90772 0.473702 0.568294 1.75843
246 0.992893 -0.662774 -0.679829 -0.290516
247 2.39774 0.0146215 -1.45562 1.90529
248 2.79572 0.71413 1.41941 -2.30029
249 2.70911 0.355474 1.28242 2.35972
250 1.918 -0.800892 -0.0206157 1.74266
251 2.93894 0.974956 2.735 -0.454568
252 0.974687 -0.785341 -0.357488 0.453272
253 2.8885 2.4858 0.560284 -1.36025
254 0.744865 0.198809 -0.583245 -0.418478
255 1.75109 -0.410125 -1.00654 -1.37295
256 2.15472 0.477946 1.83317 1.02658
257 1.36792 -0.279414 0.471417 1.25335
258 2.70027 -2.64164 0.219667 0.514727
259 1.68409 0.495869 0.911022 1.32676
260 1.30158 -0.355613 1.25073 -0.0577179
261 1.29509 -0.965318 0.563659 -0.653997
262 2.93238 -0.0433846 -2.84321 -0.71636
263 2.64091 -0.323006 2.27913 -1.29446
264 2.44164 -0.792081 -0.832854 -2.1542
265 1.62854 -0.612351 1.50864 0.0344377
266 4.08139 3.47533 0.592817 2.05632
267 2.28301 -1.3464 -1.58782 0.937107
268 2.64186 0.727605 2.2594 -1.1598
269 2.43881 -0.525286 -2.28589 0.66827
270 1.87395 -1.2168 0.966601 -1.04726
271 2.20823 1.17088 -0.00888486 -1.87223
272 2.88008 1.03061 1.06858 2.46796
273 2.20934 -1.44864 -1.54806 -0.621393
274 2.64998 -1.7424 1.79111 -0.88225
275 1.55449 -0.869351 -1.2837 -0.113133
276 2.62441 2.03979 -1.30765 1.00838
277 1.37714 0.766158 -1.12483 -0.210392
278 3.45685 2.39941 0.661473 2.39899
279 2.41757 -1.65146 1.75786 -0.165047
280 1.78097 -1.41077 -1.04215 0.309053
281 1.70789 -0.0201179 -0.562775 1.61238
282 0.279368 0.21299 0.0212395 -0.179529
283 3.98709 0.619305 -3.55722 1.69103
284 1.71856 1.65093 -0.450169 -0.158863
285 2.5538 -0.468544 0.222631 -2.50056
286 0.792922 -0.14997 0.581205 -0.518108
287 1.89921 0.811795 0.989813 -1.40295
288 2.34215 2.01361 -1.14731 -0.338718
289 1.61704 -1.61536 -0.0512201 -0.0530379
290 2.89056 2.47295 -1.38464 0.567977
291 0.844658 -0.759871 -0.311855 0.196951
292 0.887669 -0.341511 -0.662763 0.481739
293 3.34119 -0.497473 2.7773 -1.78961
294 2.89012 -2.74927 0.882951 -0.121246
295 1.71124 -0.621013 1.18288 1.06933
296 0.58242 0.203215 0.0989668 -0.53677
297 2.72603 2.45986 -0.866007 -0.793953
298 1.75926 -0.458901 0.578343 1.59684
299 3.70121 3.68366 -0.00178837 0.359946
300 3.52148 2.20479 -2.5107 1.11182
301 3.02194 1.40374 2.5982 0.641077
302 2.11917 1.76141 0.0475646 1.17731
303 3.65288 3.11615 -0.851237 1.70545
304 2.19922 2.0505 -0.031737 -0.79435
305 0.986748 0.218875 0.025829 0.96182
306 3.05638 3.02372 0.110061 0.431805
307 3.95409 0.239789 2.24705 3.2447
308 2.20746 -1.6306 -1.16335 0.927707
309 1.51571 -1.47548 -0.298547 -0.176644
310 0.472598 0.114022 -0.209309 -0.40809
311 1.27854 -1.22617 -0.278912 -0.231056
312 1.96442 -0.739471 0.396508 1.7762
313 1.41491 -0.566775 1.29344 0.088048
314 1.60168 -1.41481 -0.642567 -0.388322
315 3.31588 -1.31505 3.03933 0.167799
316 0.990509 0.494053 -0.855727 -0.0689239
317 1.47815 -0.297596 1.31369 0.608767
318 1.37281 -0.164285 0.0357446 -1.36248
319 4.65195 0.164921 -0.960842 4.54865
320 1.39296 0.266543 -0.665534 -1.1943
321 2.05897 0.940693 1.70428 -0.670738
322 3.74697 0.687405 3.26275 -1.70931
323 1.59912 -0.750912 -1.2076 -0.731449
324 3.34003 0.760533 1.64804 -2.80381
325 1.8693 1.17186 0.711328 -1.27084
326 1.97303 0.250377 1.21514 1.53414
327 1.57405 -0.227819 0.250869 1.53714
328 1.3008 0.559344 0.356887 1.11886
329 1.62553 -0.775782 -0.693331 1.24891
330 3.28163 1.49374 -2.11959 -2.01127
331 3.76595 -2.92198 1.70557 -1.65391
332 2.43255 1.921 -1.32326 -0.689968
333 3.55432 -2.11515 -1.6721 2.3159
334 1.51202 -0.163589 0.134492 1.49712
335 3.70469 -2.59753 -0.490348 -2.5956
336 2.7154 -0.473341 -0.969156 2.492
337 1.77155 -0.768877 -1.46177 0.640656
338 2.30234 0.91308 1.11449 1.79582
339 2.82569 -0.68924 -1.05436 2.52938
340 1.49763 0.0311007 0.290867 1.46878
341 2.90308 -0.572062 1.18783 -2.58644
342 1.50739 -1.09122 1.03856 0.0535034
343 1.21064 0.547637 -0.563513 0.920977
344 1.50678 -0.602718 -0.863306 1.07788
345 2.89714 1.8676 -0.377866 2.18236
346 2.71359 1.38041 -0.647148 2.24482
347 4.56769 -1.80549 2.70565 -3.20678
348 3.60459 2.45984 -2.11696 -1.56865
349 1.88524 1.00958 -0.213719 1.57771
350 2.03055 -0.667465 -1.43943 -1.26714
351 1.59917 -0.839681 1.29733 -0.411341
352 3.32077 0.936599 -3.11381 -0.674149
353 2.72004 1.74191 2.02518 0.51284
354 1.25283 1.24186 -0.0628972 0.152988
355 1.50907 0.510633 -1.40424 0.211303
356 3.71905 0.528903 1.19614 -3.4815
357 1.81164 -1.26395 -0.503761 1.19612
358 2.90705 -2.7119 -0.888712 0.553792
359 1.72977 -1.16249 1.2744 0.128983
360 3.9992 -3.29119 -0.401048 -2.23626
361 1.81834 1.50172 0.495186 -0.897774
362 2.51855 1.25357 2.03936 0.782746
363 1.96874 -0.886986 -1.09848 1.37205
364 2.03288 -2.02277 0.178729 -0.0953407
365 1.34698 0.79381 -1.0534 0.273087
366 2.82773 1.66248 -2.21721 0.562278
367 2.15503 -0.804678 1.90469 0.607293
368 2.01437 1.73429 0.950372 -0.383027
369 1.71517 -0.920149 0.209184 -1.43226
370 2.72465 -0.0163071 1.21506 -2.43866
371 2.83908 -2.64903 0.925903 -0.430907
372 1.83208 1.54389 -0.758687 -0.630328
373 1.73247 1.2189 1.22495 0.123447
374 4.44043 -4.15067 0.369644 -1.53386
375 3.01773 1.12 0.492558 -2.75857
376 1.66524 1.16085 1.02642 -0.609862
377 3.00636 1.9275 0.956882 2.09937
378 0.894805 -0.73773 0.27492 0.425263
379 2.79707 -2.21767 1.41622 0.948586
380 1.00578 -0.283796 0.838919 0.476718
381 1.54839 -0.883392 -0.965207 -0.827949
382 5.92667 -5.24009 -1.03141 -2.56964
383 1.13412 0.651263 -0.925388 -0.0757091
384 3.34647 1.54853 -2.02385 -2.16909
385 2.22548 -0.502873 -1.09062 -1.87362
386 1.24583 1.16811 -0.410791 -0.137422
387 2.9291 1.09543 -0.726353 2.61764
388 1.5314 -1.20927 0.200584 -0.917946
389 2.49006 1.15753 2.0591 -0.787802
390 3.32437 -1.42051 1.0846 -2.80307
391 4.99299 1.12071 2.63589 -4.08975
392 2.35801 -0.102771 1.06596 -2.10081
393 1.69302 0.506261 1.43874 -0.734875
394 2.96703 1.66104 -1.88779 1.57495
395 1.69899 -0.581724 -0.110796 1.59244
396 1.56669 -0.128639 -0.908561 -1.26983
397 1.51807 0.0353214 1.51761 -0.0120284
398 2.90522 0.174913 1.40946 -2.53439
399 1.51236 1.11026 0.170505 1.01267
400 3.1016 1.89295 -2.31977 -0.80954
401 2.04012 -0.458942 0.397041 1.94777
402 3.42593 3.28249 0.840211 0.506243
403 3.8652 3.60986 1.35332 0.277832
404 2.3686 -2.0434 0.513279 1.08228
405 3.44048 2.86667 0.321816 -1.87498
406 1.40591 -1.2267 -0.0499497 0.685048
407 0.542276 -0.483153 -0.0305805 0.244316
408 4.78806 -0.760101 -2.70798 3.87487
409 1.32113 0.00923676 0.69453 1.1238
410 3.85344 1.24005 2.99394 2.08508
411 1.28361 0.0253416 0.461647 1.19745
412 2.15327 1.06765 -0.79352 -1.69323
413 1.76221 -0.54466 -1.67324 0.0948639
414 2.62041 2.44218 0.301091 0.900931
415 3.26966 0.0862944 -2.93704 1.43424
416 0.927112 -0.0541935 0.323577 0.867121
417 2.50708 -0.782467 1.33308 1.97385
418 5.23949 0.298421 4.98655 1.58033
419 2.25416 -1.23543 -1.28858 1.37641
420 1.55458 0.876875 0.781971 -1.018
421 2.77899 0.440142 0.748411 -2.63988
422 1.6844 0.618525 -0.97861 -1.22351
423 4.16508 -2.53371 3.22346 -0.733116
424 2.45239 -0.320344 2.20524 1.02397
425 1.80693 -1.2014 -1.20847 -0.601052
426 2.30605 2.13302 -0.821426 0.3055
427 1.36119 -1.35355 0.0996254 -0.10405
428 1.06906 -0.956046 -0.13365 -0.459339
429 3.37394 -3.15903 -0.324103 -1.13971
430 1.17035 -0.191604 0.305543 1.11339
431 1.90114 0.193074 -1.18967 -1.47029
432 2.33824 0.925711 2.0429 0.661053
433 3.41836 3.30237 0.367847 0.802632
434 1.04005 0.327963 0.148062 -0.975821
435 1.75339 0.393518 1.41384 0.959475
436 1.42658 0.968874 1.04469 0.0708887
437 2.39218 1.83951 -0.713129 1.35284
438 3.81738 -0.255728 2.49425 2.87849
439 1.54792 -1.51643 -0.247312 -0.187967
440 2.20245 -0.372914 0.332721 -2.145
441 1.43948 0.6986 1.01319 -0.746664
442 1.52489 -0.808432 0.663939 1.10947
443 2.61787 -1.81287 1.78545 0.615524
444 1.93195 0.999844 1.62501 -0.303462
445 5.06803 2.97512 -0.44271 -4.07893
446 1.2054 -0.0121685 -0.0879555 1.20213
447 3.90251 2.37646 1.82591 2.49962
448 2.82659 2.37627 0.220671 -1.51467
449 4.61092 0.0567556 -4.5786 0.542023
450 2.37967 -1.19112 0.2085 2.04953
451 2.86287 2.09223 -0.66648 1.83694
452 1.96122 -1.35959 0.253691 -1.39051
453 0.414891 0.195724 -0.25166 -0.265508
454 3.01521 -2.47097 -0.620608 -1.61265
455 2.36073 2.06558 -1.12502 0.201928
456 1.31059 -0.460713 -1.05132 0.63256
457 1.66362 -0.986908 0.59196 -1.20135
458 1.78295 0.95158 0.930175 -1.18667
459 1.64489 -1.63617 -0.143601 -0.0894761
460 2.20303 -2.01126 0.842596 -0.313413
461 0.972983 -0.0309858 -0.856181 -0.461185
462 2.38364 0.0238361 -2.32355 -0.531284
463 3.77081 1.47473 -0.936499 -3.34173
464 2.72695 -1.69088 -2.13575 0.125352
465 3.32502 0.984833 0.711083 3.09519
466 1.19907 -0.584678 1.03901 -0.12803
467 0.636184 -0.0988789 0.346588 0.524243
468 2.35406 -0.879131 -0.161312 -2.17778
469 4.12145 2.22555 -1.72936 -3.00709
470 1.95158 -1.17424 -0.918927 -1.25913
471 3.68178 1.46947 2.99634 -1.55502
472 3.23402 0.095111 -2.97289 1.26955
473 2.8639 0.727601 -2.63268 0.861109
474 1.3518 1.30761 0.0824297 0.332765
475 0.907726 -0.369775 0.187715 0.807463
476 1.99441 1.73456 0.188612 -0.966122
477 1.59649 -1.15191 1.09876 -0.120831
478 2.59287 -2.54088 0.291185 -0.426711
479 2.22416 1.06652 -0.0763962 -1.95028
480 2.53196 1.28528 0.546313 2.11197
481 1.14206 0.623595 0.926061 -0.240482
482 4.98793 -3.73059 3.23067 -0.724542
483 1.84906 1.07639 0.686363 1.33765
484 1.56952 0.597242 -1.3451 -0.545356
485 1.66517 -0.0490296 -1.04988 -1.29157
486 2.44079 -1.66164 0.672602 1.65651
487 4.48631 -1.62201 3.50386 -2.28451
488 1.5103 -0.779352 0.970612 -0.855288
489 4.61214 0.588437 3.09672 3.36689
490 2.65878 1.35462 1.34744 -1.84893
491 3.49569 -2.78037 -1.34315 -1.6387
492 3.05847 2.82594 -0.600032 -1.00415
493 1.6308 0.821849 1.30386 0.532944
494 3.28475 -1.98717 -2.08581 1.57802
495 2.43654 -0.68281 2.26608 0.579105
496 1.90875 -0.208416 1.64163 0.95129
497 4.56583 -4.37504 1.00776 -0.830831
498 2.05909 -0.028646 -1.97921 0.56723
499 2.93111 0.0440334 -2.56359 1.42038
500 1.47766 -0.636236 1.25929 -0.439167
501 1.63542 -0.390666 -0.0332122 1.58773
502 1.17984 0.560733 -1.02319 -0.175157
503 6.85101 2.90969 -2.65003 5.60779
504 2.37489 -1.23739 0.581699 -1.94181
505 2.61525 -0.66977 -1.78013 -1.79501
506 1.59077 -1.35505 0.0103884 -0.833234
507 2.55435 -1.32155 -0.867131 2.00656
508 2.48339 1.73497 -1.57548 0.821579
509 1.76783 -0.0136327 1.14589 -1.3461
510 4.03981 -1.6146 3.68401 -0.375752
511 2.68879 -1.31205 2.13519 0.974211
512 4.40129 -1.68536 2.1398 3.45719
513 2.50738 0.390164 0.570985 2.41013
514 2.30193 -0.969067 0.824252 -1.91844
515 3.5312 -2.04522 -2.24546 -1.80121
516 3.13582 -1.65959 0.863103 2.51679
517 3.19441 0.395166 -0.227076 -3.16173
518 1.05463 0.0328525 0.818801 -0.663873
519 2.24271 -0.221079 1.6929 1.45428
520 1.56079 -0.20849 1.53835 -0.161427
521 2.74271 -2.41846 -0.371341 -1.23919
522 2.44358 -0.769524 -0.713681 2.20671
523 2.54409 -2.07584 -1.27773 0.728467
524 0.934122 -0.563925 -0.583699 0.462458
525 1.93506 1.89105 0.39115 0.124045
526 3.65365 0.619167 -0.47179 3.56976
527 3.12728 -2.83036 0.772374 1.08277
528 2.49016 -1.65631 -1.52786 -1.05979
529 1.72965 1.66915 -0.303206 0.337216
530 0.907568 -0.169658 -0.463976 0.76133
531 2.53921 -0.922089 -2.31274 0.498573
532 1.75605 -0.504827 -0.453495 1.61963
533 2.60316 0.377357 1.31486 -2.21477
534 3.06074 -1.80252 -2.44829 -0.353479
535 3.03701 -1.71114 0.647065 -2.4242
536 2.03069 1.74839 -0.253299 1.00133
537 3.14643 1.40662 -0.159595 -2.80998
538 4.40999 0.106595 -4.39466 0.35152
539 1.60127 -0.682242 1.44379 0.118705
540 5.35874 -2.23273 4.61951 1.54635
541 3.183 -0.327637 -2.17836 2.29759
542 2.91899 0.304019 0.653706 2.82856
543 1.48197 0.552399 1.23717 -0.600413
544 4.31863 2.73939 -3.04618 1.36641
545 1.05908 -0.969186 -0.404333 -0.137251
546 1.26801 -0.977454 0.807478 -0.01999
547 1.28077 0.470774 -1.18483 -0.122174
548 2.80379 0.00741245 -2.65206 -0.909834
549 1.19625 -0.43128 -0.932445 0.612831
550 2.68227 -1.79026 0.780349 1.83863
551 2.3262 1.60722 1.34152 1.0141
552 3.22453 1.24248 0.120951 2.97308
553 3.25991 -3.18473 0.695027 0.0373803
554 3.20875 2.02676 -0.189551 2.4804
555 3.30286 3.23173 -0.277146 -0.622901
556 2.83113 0.944839 -2.64274 -0.372126
557 2.6678 -2.327 1.21276 -0.481136
558 4.21695 -4.13154 0.513404 0.670422
559 1.88543 -0.906598 -0.849712 -1.41807
560 3.47508 -0.403391 2.76515 -2.06577
561 1.72388 1.02038 1.35556 0.305012
562 2.24249 -0.588039 1.19914 1.8014
563 1.9335 1.39776 0.829337 -1.04732
564 2.57169 0.704044 -1.31764 2.09326
565 2.31174 -0.89328 -1.9425 -0.879151
566 2.89506 -0.824889 2.60875 -0.946251
567 2.40105 0.254186 2.08898 -1.15611
568 2.37034 -1.23827 -1.05137 -1.72621
569 2.48612 -1.26368 -0.0993398 2.1387
570 2.3957 2.18486 0.747679 -0.637773
571 2.30216 0.349665 -1.28615 -1.8771
572 2.34325 -0.348774 -1.67793 -1.59803
573 3.69985 1.3696 0.352077 3.41894
574 2.85631 -0.351305 0.837324 2.70813
575 2.80104 -0.563372 1.48535 2.30698
576 4.49196 -3.01623 3.2107 0.878349
577 1.44457 0.896602 -1.06407 0.388109
578 1.43308 -1.22691 0.248261 -0.697691
579 2.76289 0.660702 -1.49478 2.2277
580 3.92159 3.23984 -0.214586 2.19914
581 2.42386 0.469636 2.3066 0.578043
582 2.56191 0.219334 0.429961 2.51603
583 1.35757 -0.429762 1.05133 0.743638
584 3.12248 -1.17233 2.3512 -1.68742
585 1.95797 -0.587068 1.86622 0.0787878
586 3.91828 0.829741 3.78653 -0.57149
587 2.09589 -0.382998 0.644665 -1.95716
588 1.03473 -0.771108 -0.572249 0.385463
589 3.03074 1.52388 0.0782794 2.61859
590 3.20575 1.4949 0.717263 2.74366
591 0.537365 -0.38614 -0.165037 -0.33529
592 2.37457 0.362949 -1.50974 -1.79653
593 3.56379 -1.34815 1.16219 -3.08746
594 4.4472 -2.58374 3.0743 1.91065
595 1.62263 0.655307 -0.639304 1.3397
596 1.70404 -0.375832 -1.20441 1.14538
597 1.83534 -1.25388 -1.15817 0.674451
598 1.07219 -0.842692 0.156969 0.644071
599 1.65739 1.30566 1.01987 0.0455191
600 0.729196 -0.098798 0.661258 -0.291037
601 0.968292 0.823892 0.375831 -0.342846
602 3.96215 -2.90878 -2.2821 1.42467
603 2.64372 0.410743 -2.60347 0.206131
604 1.40221 -0.960639 0.442873 -0.920444
605 2.12948 -0.358199 0.722543 1.97087
606 1.94234 0.441363 -1.0607 -1.56615
607 2.74284 -1.10617 2.26633 -1.07856
608 4.38802 -0.171151 -2.68416 3.46709
609 3.67343 3.42644 1.32153 0.0843282
610 0.889473 -0.450952 -0.575619 0.506425
611 2.13207 0.0368397 0.507532 -2.07046
612 1.19402 1.00073 -0.624604 0.184677
613 2.77058 2.71414 -0.378902 0.407469
614 1.81925 -0.432385 -1.54529 -0.857191
615 2.24847 0.019772 -2.02119 0.984911
616 2.34544 1.92892 -1.32223 -0.17906
617 1.55005 -0.210551 1.47599 -0.424005
618 2.78397 -1.36941 -0.211258 2.41466
619 1.80795 -1.05886 -1.05202 1.02018
620 2.53917 -0.689923 0.101631 -2.44153
621 2.45732 -2.35063 -0.507616 -0.505274
622 2.02475 -1.97764 0.0357211 0.432761
623 2.36372 1.23912 2.00401 0.18897
624 2.18445 0.025613 0.252284 2.16968
625 2.5147 -1.68752 -1.8025 0.476423
626 2.17363 -0.545299 -1.68717 -1.2573
627 0.605105 -0.18081 -0.145566 -0.558811
628 1.04472 -0.550932 -0.786591 0.411325
629 2.61546 -2.497 -0.720912 -0.293103
630 3.09553 -2.93086 0.990165 -0.109316
631 1.14565 0.658825 -0.617583 -0.705019
632 0.659569 0.213282 -0.374031 0.499642
633 1.29686 -1.01384 -0.752419 -0.296377
634 1.78432 1.48296 0.970783 0.2054
635 4.46177 0.633127 1.20646 4.24864
636 2.34001 2.1502 -0.917439 0.102925
637 3.68071 -2.64975 -1.29269 2.2035
638 5.18167 4.15333 0.87813 2.97127
639 2.64868 2.18741 -1.22817 0.849897
640 3.0896 -0.182839 2.19233 2.1693
641 1.46739 -0.0155158 1.24381 -0.778409
642 2.62679 1.46017 0.886057 -1.99569
643 1.92762 -1.76804 -0.756229 -0.133735
644 1.25082 -0.636112 -0.83309 0.682552
645 4.69195 -4.18571 -1.22253 -1.73197
646 2.31548 1.35883 1.38678 -1.26169
647 2.11564 0.500275 -1.94824 -0.655748
648 2.22597 2.0069 -0.611841 0.743603
649 3.93943 3.56476 -1.58987 0.532871
650 1.35048 -0.287132 -1.31954 -0.0126426
651 2.37215 -0.439556 1.95953 1.26259
652 3.58788 -1.27048 -2.22269 2.51364
653 3.90154 -1.72768 3.42846 0.694811
654 4.25598 2.79168 -1.78423 2.6714
655 3.15886 -1.26227 -1.26389 -2.60531
656 1.72531 0.352047 -0.567456 -1.59084
657 1.23656 -0.825612 -0.908792 -0.146767
658 1.07474 -0.831866 -0.326159 -0.597237
659 0.312408 -0.105216 -0.0983801 0.277218
660 4.21222 -1.04049 -3.82753 1.41782
661 2.69831 -0.745882 -1.91151 1.75234
662 1.26056 0.683876 -1.05058 -0.132657
663 2.28279 0.246297 -1.72567 -1.47394
664 3.37462 0.808638 1.77602 -2.75316
665 3.44619 -0.363272 -1.69776 -2.97688
666 1.41024 -0.243387 0.114056 1.38439
667 3.56136 -1.43706 -3.0289 1.20164
668 2.3545 -1.40418 1.31352 1.35889
669 3.04256 2.11369 -1.20048 -1.82984
670 1.71004 0.313857 -1.34651 -1.00631
671 3.38576 3.25156 0.447358 0.831039
672 2.83856 -1.34852 1.41538 -2.05806
673 0.845583 0.435309 0.528899 -0.495765
674 1.90403 -0.0304864 -1.64418 0.959727
675 2.80737 1.00866 -1.96121 -1.73711
676 3.3882 -1.36775 2.31338 2.06335
677 2.38241 0.656569 -1.43197 -1.78724
678 3.12243 -2.24278 -2.17231 0.0232943
679 1.32177 -0.121271 1.30927 -0.134831
680 1.10685 -0.34071 -0.0348495 -1.05253
681 2.16913 -0.207066 2.01947 -0.764218
682 3.11782 -1.35281 0.111521 2.80683
683 3.18152 -1.25134 -2.00997 -2.12515
684 3.04474 2.65319 1.47069 -0.260999
685 2.19915 0.220569 -1.57285 -1.5211
686 2.11997 -0.784605 0.32616 -1.94223
687 2.77783 -1.4885 -0.612141 -2.26407
688 1.23878 0.0285937 -0.727585 -1.00218
689 1.265 0.23244 -0.143748 1.23512
690 2.27354 1.89722 -1.02872 0.715029
691 1.4312 0.0252011 -1.38293 -0.367709
692 2.06527 0.678076 -1.65762 -1.02852
693 2.54118 -1.00516 0.874512 -2.1639
694 2.56263 1.48389 -2.02105 -0.529612
695 4.15488 1.62286 -0.115403 3.8231
696 2.0514 -0.415912 1.65576 1.13741
697 3.24677 -2.64199 -1.46893 1.18474
698 1.9476 1.08412 0.932457 1.32226
699 1.18932 1.128 -0.162728 0.340032
700 2.06179 -0.890404 -1.68524 0.7862
701 3.91879 -0.110857 -1.0343 3.7782
702 3.06271 -0.429207 -1.38916 2.6956
703 0.523182 0.41554 -0.105399 -0.299894
704 2.4461 -2.16811 -0.585376 -0.96956
705 2.37415 1.31068 -1.60122 -1.16397
706 4.80783 -2.41827 -4.06344 -0.869268
707 3.04834 2.86161 0.982058 0.373018
708 5.05777 0.632645 4.04816 -2.96534
709 0.722119 0.618759 0.362983 -0.0826779
710 2.30163 -0.631408 -0.829412 -2.05205
711 1.72042 -0.758103 -0.870042 1.276
712 1.53755 -0.699094 0.344223 1.32546
713 3.13563 -0.410246 -0.391056 -3.08398
714 1.9483 -0.177324 1.33746 -1.40557
715 1.1336 0.824537 0.770443 -0.107681
716 2.86144 -1.48743 -1.86344 1.58209
717 1.63302 -0.147057 -1.61891 -0.155759
718 2.51115 1.15167 0.347373 -2.20428
719 2.30197 -0.694263 1.99707 0.91037
720 1.49835 -1.33924 -0.257599 0.620606
721 3.74911 -2.90994 -1.44021 -1.87453
722 2.49307 1.82281 0.924126 -1.42785
723 1.88894 0.306497 1.1941 1.43118
724 0.974249 -0.380902 0.591057 0.674333
725 1.4947 0.0539147 -1.47327 0.246331
726 2.35852 -0.698775 0.429329 -2.21133
727 1.48557 -1.19294 -0.68971 -0.555079
728 2.01559 1.41938 0.759907 -1.21264
729 3.30113 1.52261 0.233187 -2.91971
730 0.996596 0.0268355 0.115072 -0.989567
731 3.23583 -2.01076 -2.33133 0.996169
732 3.54336 -1.14461 1.08651 3.17251
733 1.78069 0.186051 1.48469 0.965364
734 2.57233 -0.495962 0.542555 -2.46507
735 1.63859 -1.46023 -0.501272 -0.549034
736 1.31004 0.450822 -1.01993 0.687534
737 1.59942 0.504759 0.919448 1.20747
738 2.31988 0.767168 2.18217 0.177362
739 2.3876 -2.20171 0.631003 0.674499
740 3.55352 -3.51134 0.0779851 0.540289
741 2.23854 -2.05013 -0.805861 0.398304
742 4.51964 -0.72938 0.781189 -4.39145
743 2.31476 1.07581 -2.04929 0.0336931
744 2.14122 0.827449 0.816399 1.79823
745 3.17662 2.06084 1.75422 -1.66329
746 2.12281 -1.09768 -0.901995 -1.57729
747 1.88443 0.552219 -1.18465 1.35748
748 2.93052 -1.75001 2.28532 0.550183
749 3.21119 -1.23653 -0.620763 2.89783
750 2.92656 -2.56772 0.660043 -1.23933
751 1.77019 -1.72413 -0.244621 0.31794
752 0.741799 -0.27522 -0.545914 0.420117
753 1.08994 -0.229505 0.291054 1.02498
754 2.566 -1.61759 -1.73085 -0.985865
755 1.65324 0.336188 1.33686 -0.912673
756 1.29915 0.0711669 0.302348 -1.26147
757 4.48298 -0.00668199 -0.506697 -4.45425
758 1.20431 0.987303 -0.273512 0.63307
759 2.94261 0.741764 2.81549 -0.426353
760 2.66026 -2.29808 -0.859331 -1.02829
761 1.93043 -1.19396 1.40599 0.569397
762 5.71951 -0.12647 -5.716 0.1555
763 2.21927 -0.696097 1.62572 -1.34077
764 1.49045 -0.911221 1.14929 0.265043
765 2.55949 2.30195 -0.48427 1.00872
766 4.30841 -3.80284 0.160994 2.01865
767 1.27384 1.24027 -0.211396 0.199279
768 3.62818 -1.33101 -0.518219 -3.3352
769 2.58401 -0.249623 -0.0395695 -2.57162
770 1.8221 1.53014 0.311239 -0.939064
771 2.43042 -1.22467 0.171137 2.09232
772 3.08394 1.29319 -0.902726 2.65018
773 3.21377 -1.43102 -2.81647 0.589899
774 2.11198 -0.451239 -1.94771 -0.680639
775 2.55282 1.38682 -1.97847 0.824166
776 1.93567 0.689039 1.77385 0.354267
777 1.35997 0.956543 -0.246188 -0.934839
778 1.65897 0.0824248 -0.759593 -1.47255
779 1.9963 0.324293 -1.11514 -1.62373
780 1.98085 -1.439 1.36067 -0.0405262
781 1.61098 1.52419 -0.307156 0.421612
782 2.80948 -1.05709 -2.42602 -0.943486
783 4.29824 -4.05989 1.39458 -0.217575
784 2.24228 0.348358 1.35044 -1.75579
785 1.35555 -1.02187 0.849148 -0.268798
786 1.97277 0.5065 -0.947148 1.65475
787 1.79272 0.794148 -0.950316 1.29617
788 3.86516 1.35122 3.59876 0.403255
789 3.28348 -1.46359 2.89367 0.515546
790 1.25494 -0.340984 0.936334 -0.762816
791 0.986703 -0.281367 0.676472 0.660908
792 1.80621 -1.17984 -1.0737 0.847077
793 2.26097 0.731417 -0.472045 2.08667
794 1.96472 -1.05612 1.65657 -0.0229028
795 2.59706 -2.28725 -0.390739 -1.16643
796 1.33445 -1.1437 -0.626432 -0.28336
797 3.55356 1.79904 -2.53636 -1.71991
798 1.47381 -0.395747 -0.0357727 -1.41923
799 1.4243 -0.577492 -0.874398 -0.96466
800 1.7743 -0.513295 -1.64908 -0.406465
801 1.81164 1.52581 0.287258 0.933502
802 1.62138 -1.57941 -0.305347 0.202758
803 2.41275 0.31537 -1.8713 -1.49002
804 1.27356 0.808492 -0.0722455 -0.981367
805 4.17457 3.08886 2.52272 1.23365
806 1.69031 -0.049879 1.46809 -0.836297
807 2.74283 -1.76646 1.25829 -1.67912
808 5.69545 -5.6854 0.218095 0.258398
809 0.877114 -0.599388 0.404154 -0.496711
810 1.38664 -0.29221 0.453967 -1.27722
811 3.9493 -3.76523 1.04495 0.572786
812 3.27097 2.10523 1.75346 -1.78678
813 2.27396 1.92728 0.0983296 -1.20284
814 2.12391 0.37749 -0.628489 -1.99336
815 2.78526 0.814931 -2.63799 -0.366851
816 4.25142 -3.77451 0.271053 1.93756
817 1.70998 -0.625434 0.873191 -1.33056
818 1.59274 0.0672802 1.48314 0.576712
819 3.13602 -2.27046 2.16232 0.0629672
820 1.34886 0.110813 0.962607 0.938363
821 4.14118 -3.14022 -1.58775 2.18345
822 2.46011 0.459828 1.86923 1.53188
823 1.98609 -0.801237 -0.0638725 -1.81617
824 2.54158 -0.522487 0.968316 -2.29107
825 1.50781 -0.217028 -0.935608 1.16234
826 1.42386 1.05936 0.525764 0.792906
827 2.64989 1.98876 0.330773 -1.71969
828 1.6425 0.0414302 0.177307 -1.63238
829 2.44915 -1.82807 -0.370613 -1.58719
830 1.04687 0.85201 -0.326892 -0.512985
831 4.46379 3.4237 -2.65456 -1.07564
832 0.82523 -0.564689 0.592013 -0.107939
833 2.30185 -0.941741 -1.92488 0.840515
834 2.19711 -1.87171 0.592741 -0.986226
835 2.24761 0.0934971 -2.23214 0.246073
836 3.5534 -0.15732 -0.401132 3.52718
837 3.05856 0.402947 -1.16538 2.79899
838 2.70339 1.74265 1.48312 -1.43938
839 3.3608 -2.70782 0.677305 1.87188
840 1.05422 0.975807 0.367529 0.155237
841 1.72736 -1.66248 0.454267 -0.116561
842 3.45597 3.09911 1.47958 -0.387351
843 3.37181 -2.39579 -0.26245 -2.35805
844 2.48933 -1.66646 -1.32412 -1.29089
845 3.04024 -0.483624 2.19033 -2.05222
846 5.25137 0.523646 -2.48162 4.59829
847 1.23122 -0.040628 -1.22819 -0.0761521
848 2.85791 0.605137 2.56125 1.11422
849 0.841002 -0.642356 0.542202 -0.0260979
850 2.93328 -0.929912 1.27918 2.47044
851 1.88324 -1.67874 -0.737487 -0.429617
852 2.42162 0.725673 0.992666 -2.08621
853 4.25151 4.23845 -0.0873132 -0.321365
854 3.53104 2.1376 -2.77864 0.421957
855 1.50232 0.609675 0.0459097 1.37228
856 4.34711 0.623572 -4.15867 1.10184
857 2.98522 2.78345 1.07386 -0.103757
858 3.06385 2.39921 -0.47695 -1.84486
859 1.20607 1.16095 0.146124 -0.292286
860 0.934069 -0.0140331 -0.793955 -0.491857
861 1.80011 -1.07919 -1.44012 0.0420575
862 3.28228 -1.7832 2.51951 1.11609
863 0.745204 0.353652 0.643865 0.125289
864 0.629131 -0.253841 0.544556 -0.186629
865 2.64502 -1.71177 1.89122 0.699489
866 3.29681 -0.38208 1.57058 2.87338
867 2.57555 -2.1312 -0.524474 1.34772
868 2.14118 -1.40357 -1.47734 -0.657342
869 1.24703 -1.06326 0.350752 -0.549107
870 2.52824 -1.60479 -1.09259 -1.61953
871 4.23067 1.04752 2.18945 -3.4652
872 2.7338 -0.955354 2.5578 0.136546
873 0.929112 -0.853363 0.326643 0.168303
874 2.14191 -1.43803 0.828625 -1.35397
875 2.7657 1.56621 0.41282 2.2418
876 1.42305 -0.448128 -0.0274781 -1.35037
877 3.47855 0.505936 1.1002 -3.26096
878 2.27666 0.360923 -0.804212 2.09909
879 2.79297 1.19235 1.07263 2.28657
880 4.29773 0.52958 -2.69673 3.30418
881 0.883827 -0.5839 -0.527943 0.401854
882 1.65149 0.153192 -1.4168 0.834637
883 3.16216 2.30087 1.84082 -1.14745
884 2.60792 -2.05298 -0.618516 -1.48457
885 1.76104 0.974124 -0.50993 1.37562
886 1.5897 0.00606049 0.278707 1.56507
887 2.21482 1.499 0.788842 1.42694
888 2.01141 1.22907 1.59091 -0.064604
889 2.83329 -2.63683 -0.0501542 1.03546
890 4.4376 -0.0719441 -4.42063 0.381053
891 2.09671 -1.92576 -0.801712 -0.211881
892 2.15777 1.92295 0.338114 0.918651
893 3.40596 -2.89674 1.78508 0.151393
894 1.07443 -0.0971689 1.04987 0.206754
895 1.34991 -0.715088 -1.05567 0.443227
896 1.5335 1.11262 0.833304 -0.647539
897 1.16923 1.03383 -0.483745 0.253541
898 2.41607 1.61494 0.33989 1.76461
899 2.85032 0.126607 -2.82987 -0.316476
900 3.21397 1.57709 2.77053 0.408051
901 5.96422 -5.46091 -2.34345 0.508506
902 1.92366 0.607935 0.937613 -1.56581
903 1.55582 1.41017 0.413524 -0.510868
904 4.58839 0.020168 4.54498 0.629358
905 1.91842 1.83645 0.0726929 0.550018
906 1.20864 -0.0472558 -0.326356 -1.16278
907 3.42377 -2.19172 -0.950555 -2.45255
908 0.252004 -0.194677 0.145152 0.0673626
909 2.93271 0.510547 -2.8144 -0.647493
910 1.27653 -1.03596 0.589583 0.456842
911 1.66051 -1.54484 0.0462653 0.607138
912 2.50725 1.85717 -1.30383 -1.06642
913 1.8141 1.49556 -0.708686 -0.742981
914 0.790967 0.457632 0.333847 -0.552039
915 1.05054 -1.02577 -0.154433 -0.166079
916 1.3848 -0.666342 -0.890946 0.824539
917 3.62069 -3.19067 -1.54027 0.746022
918 2.526 1.15572 1.99369 1.0345
919 3.28661 -1.81251 -2.31911 -1.46229
920 1.42091 0.240856 0.406029 -1.34019
921 0.937603 -0.313407 0.485759 0.738183
922 3.48096 -0.148475 1.17083 -3.27479
923 1.96938 0.210518 -1.94431 0.231896
924 2.17079 0.0970055 -1.89479 1.05484
925 2.47778 1.63076 -1.42017 -1.20961
926 0.825439 -0.0300966 -0.775251 0.281832
927 1.99328 0.146193 -0.945007 -1.74892
928 2.19144 -0.788256 2.02273 0.299385
929 2.21264 -1.02756 0.668842 1.84189
930 1.88905 -0.598551 -1.35141 -1.1764
931 2.41345 -2.2496 -0.439331 0.755655
932 1.26821 0.387277 -0.758561 0.939659
933 3.64261 -0.567089 3.58459 0.312584
934 1.55672 0.932547 1.09431 0.596831
935 4.10281 -2.65872 -0.756666 -3.03178
936 1.90886 1.47503 -0.143659 -1.20308
937 1.49676 -0.693411 1.01419 0.854918
938 2.85328 2.69916 0.522532 0.763337
939 3.50601 0.0774709 -1.4255 -3.2022
940 2.60855 0.137164 2.46065 0.854967
941 0.728081 -0.710275 0.155717 -0.0369351
942 2.20539 0.662162 0.553679 -2.02947
943 3.91856 -2.48691 1.8268 2.4152
944 3.81127 0.568192 -3.16751 2.04202
945 5.31323 -0.678212 -4.14403 -3.25536
946 0.532003 0.0813018 -0.448958 -0.273594
947 1.6313 -1.55901 0.172061 -0.448363
948 4.46915 -2.86451 -2.7502 -2.05044
949 0.62677 0.37441 0.49621 0.080211
950 1.52904 -0.750755 1.31325 0.222928
951 3.81896 -0.171344 3.81083 -0.180663
952 2.48843 -2.02138 1.32782 -0.585854
953 1.64248 0.79959 -0.589137 1.30817
954 3.20196 2.7503 -1.63955 0.0157867
955 2.5327 -2.16099 -0.0743334 -1.31877
956 2.09364 1.91366 -0.622489 0.577725
957 6.28015 -0.0970947 5.95722 -1.98555
958 4.5661 -4.27121 -0.954605 1.30183
959 2.54248 -0.742052 0.261492 -2.41768
960 1.55469 1.06807 0.32283 -1.08262
961 2.31328 2.1352 -0.228388 -0.860254
962 0.518403 0.216201 -0.466038 -0.0693389
963 1.29765 1.07423 0.578218 -0.442233
964 1.50673 -1.12183 -0.158045 -0.993349
965 1.77021 1.41284 -1.01842 0.316766
966 2.17235 0.641822 -1.07728 1.77387
967 1.60843 0.275635 -1.52555 0.428679
968 2.60448 0.166198 0.443027 -2.56113
969 1.49263 -0.776502 0.737145 1.04001
970 3.63278 2.42335 -2.50746 -1.01839
971 1.86926 -1.47944 -0.926464 0.668607
972 2.03456 -1.69748 -0.891198 0.680996
973 2.31086 0.112843 0.507091 -2.25171
974 2.05389 -0.823397 1.81928 0.480315
975 2.78705 -2.02812 -0.312202 -1.88598
976 4.39652 1.89696 -0.445299 -3.94114
977 1.07328 0.449561 -0.974435 -0.0171646
978 2.92256 -0.102696 -2.22811 -1.88847
979 2.96815 -1.16584 2.32598 -1.42847
980 2.41861 -0.443167 -2.37171 -0.168092
981 0.964632 0.525384 -0.584417 -0.559413
982 1.06859 -0.438321 -0.748799 -0.623746
983 2.50162 -1.53444 1.44983 -1.34224
984 1.19935 -0.269913 -0.576618 1.01642
985 2.48457 -0.0677562 -0.60369 2.40916
986 3.38478 -2.72209 -1.23058 -1.59143
987 2.18486 -0.616917 0.665431 1.98751
988 2.44771 0.855718 0.11651 -2.2903
989 0.865862 -0.34912 -0.587634 -0.531525
990 1.605 0.388346 -0.415347 1.5009
991 3.3454 -0.164645 0.817176 3.23988
992 1.90778 0.136253 -0.950799 1.64834
993 1.84986 -0.338125 1.11386 1.4377
994 2.69211 1.88467 -1.11849 1.56348
995 1.46174 -0.138281 -1.42999 -0.269654
996 2.61338 1.13332 2.06865 -1.12517
997 1.12253 -1.07073 -0.0987162 0.322283
998 2.50229 -1.17529 1.39494 1.71298
999 0.855624 -0.00435096 -0.0980645 0.849975
1000 2.42368 1.35396 0.996443 -1.74588
1001 3.88474 2.20922 -1.92959 -2.54701
1002 4.7283 -2.18884 3.57451 2.1883
1003 2.0273 -1.07767 -1.63204 -0.533865
1004 1.64536 0.473452 -0.629498 -1.44457
1005 5.40883 5.20946 -0.99763 -1.05909
1006 2.38708 1.6007 0.171232 1.76255
1007 2.30903 -0.0271524 2.21026 -0.66758
1008 2.79315 -2.38575 1.15184 0.884955
1009 1.6015 -1.52408 -0.213995 -0.442917
1010 3.64783 -2.35686 -2.35712 -1.48184
1011 5.40533 -2.654 -1.08967 4.5811
1012 3.63052 2.89756 2.05685 0.744467
1013 1.90433 -1.83281 -0.220812 0.467479
1014 1.80927 1.46808 0.735956 0.759327
1015 2.80339 2.30544 0.0325177 1.59465
1016 2.22194 -1.21077 1.5912 -0.969093
1017 1.90988 1.67847 -0.907746 -0.0798054
1018 2.38288 2.22859 -0.813705 -0.22226
1019 2.58003 -1.05606 2.25096 -0.68884
1020 3.71274 2.17335 -2.29362 -1.94943
1021 2.05904 -0.0948861 2.0269 0.349767
1022 1.91588 1.1552 0.854907 -1.26698
1023 2.86623 2.40347 -1.1915 1.00942
1024 3.43076 -1.57386 -2.47577 1.77867
1025 1.8786 0.248112 1.83676 0.306401
1026 2.66976 2.12544 1.47715 -0.654354
1027 2.48013 1.14407 -1.79738 -1.26947
1028 1.53035 0.120916 0.285135 1.49868
1029 2.92899 -0.445969 -0.672597 2.81562
1030 3.59372 -2.00686 2.46293 -1.67969
1031 2.13893 0.0671001 -2.11062 -0.340344
1032 1.44393 -0.02376 1.38201 -0.417642
1033 1.84522 -1.72293 0.519209 -0.408365
1034 3.8126 1.54977 2.77938 2.0998
1035 2.45144 1.58115 1.56516 -1.02946
1036 2.18009 -0.23691 0.601213 2.08212
1037 4.48894 0.77528 3.83909 -2.19336
1038 1.75574 1.35552 1.04644 -0.387484
1039 3.87374 1.11713 3.25796 -1.77301
1040 2.82838 0.356175 2.57144 -1.12277
1041 2.01645 1.73823 0.196619 -1.00299
1042 1.78935 -0.253895 0.0588766 -1.77026
1043 4.09933 1.40218 0.405057 3.83071
1044 1.91703 0.888635 1.62183 -0.504949
1045 5.47423 -1.15996 5.31207 -0.635335
1046 2.25225 -0.763339 -1.7671 1.16932
1047 4.50459 0.461399 -0.942832 4.38058
1048 2.72294 -0.45 -2.67997 0.172286
1049 1.39527 0.992797 0.392802 -0.89824
1050 3.29555 -1.75447 2.16664 -1.75731
1051 3.70275 0.0833384 2.05494 3.07906
1052 3.66768 -3.04465 -1.87114 0.825138
1053 4.18962 0.870526 -0.0665066 4.09764
1054 2.98237 2.08509 -1.81538 -1.11862
1055 3.31082 0.0494538 -3.08895 -1.19059
1056 1.99895 -0.035256 1.27707 1.53742
1057 4.59397 -1.44113 2.41742 3.63095
1058 1.9333 -0.484628 1.60264 0.966611
1059 3.08129 2.22386 -0.114806 2.1297
1060 1.06066 0.32269 0.169913 -0.995994
1061 3.60465 -1.18413 1.56919 -3.02142
1062 0.746128 -0.298747 0.0800533 0.679006
1063 3.79616 -1.21039 3.27754 1.48443
1064 3.7053 -1.06312 2.74316 -2.25258
1065 1.4793 -0.241199 -0.800634 1.2203
1066 1.40258 -0.466622 0.285625 -1.29148
1067 1.64554 -1.07503 1.01949 0.716066
1068 1.29841 -0.012915 -1.29678 0.0638358
1069 1.51353 -0.310838 0.232502 -1.4629
1070 2.776 1.67272 -1.32655 1.77439
1071 1.51469 -0.310915 1.47987 0.0870425
1072 1.89429 0.57534 1.36903 1.17604
1073 1.12879 -1.0483 -0.199794 0.367867
1074 1.54584 0.0937844 0.543837 1.44397
1075 1.27618 0.13127 1.26548 0.0998822
1076 3.75084 -2.38533 2.89388 -0.0669034
1077 2.15084 -0.62936 -1.96723 -0.60002
1078 4.64266 -2.20998 -3.32686 -2.36691
1079 0.755797 -0.623269 0.197083 0.379374
1080 0.850154 0.212637 -0.535482 0.625146
1081 2.41637 1.49678 -0.29372 1.8741
1082 2.72885 -1.21885 1.75009 1.70242
1083 1.54479 -1.51907 -0.1759 -0.21878
1084 2.58429 2.08424 -0.37767 -1.48048
1085 3.42388 2.96123 1.18681 1.24321
1086 1.80392 -1.79645 0.0650135 0.150569
1087 2.72402 -0.805886 2.36463 -1.08598
1088 1.74152 -1.6876 -0.426435 0.0554636
1089 1.52489 -1.00824 -0.921837 -0.677473
1090 3.12277 -0.272487 -3.11005 -0.0712522
1091 1.58395 0.344873 0.702738 -1.377
1092 2.84484 1.78685 -2.13127 0.598316
1093 1.85574 1.42226 -0.159974 1.18125
1094 2.59044 1.95767 -0.0115057 1.6964
1095 3.75634 1.47467 -2.92636 1.83626
1096 1.94988 -0.631822 -0.56286 -1.75671
1097 1.00248 0.77255 -0.354723 -0.531316
1098 2.46306 0.181472 1.86006 -1.60435
1099 3.77854 2.06342 -0.114422 -3.16331
1100 2.39502 2.14624 -0.670014 -0.825137
1101 1.77594 0.645926 -1.50519 0.686403
1102 2.36088 -0.437825 1.97823 -1.21189
1103 2.03088 -0.418077 1.86625 -0.683247
1104 2.83775 1.92559 1.9239 0.80221
1105 1.65176 -0.126308 1.54694 0.565076
1106 2.60233 0.44222 2.43102 -0.816505
1107 1.65985 0.692538 0.151488 1.50085
1108 1.20222 -0.385242 0.457218 1.04302
1109 4.67178 -0.323119 4.55419 0.990156
1110 2.24233 1.93865 -1.1265 0.0255162
1111 2.72113 1.1397 -1.842 1.64702
1112 2.99453 0.731897 2.80514 0.750159
1113 3.7775 -2.92268 -1.7311 -1.65251
1114 1.40795 0.268933 0.597223 -1.24633
1115 2.97436 -2.7879 0.932219 0.45319
1116 4.1648 -2.50963 2.28741 2.41145
1117 0.991922 0.168983 0.976424 0.044156
1118 1.36428 -0.995272 0.809206 0.464634
1119 2.42545 0.653117 2.33218 0.131126
1120 1.76079 -1.39971 -0.870084 0.619799
1121 1.52659 1.33616 0.732316 -0.0941144
1122 2.08912 1.55858 1.15279 -0.778675
1123 1.57275 -1.19008 0.6529 0.794337
1124 3.83544 -1.8833 1.56858 -2.95014
1125 2.13669 -0.088736 -2.01273 0.711678
1126 2.14758 -1.28557 -1.51897 -0.807547
1127 1.18005 1.17154 0.0217948 -0.139755
1128 2.76773 -1.31984 0.85527 -2.27747
1129 2.14052 -2.04654 -0.495749 -0.384361
1130 2.46456 1.62906 1.81421 0.358987
1131 1.93342 0.596678 -1.83468 0.126618
1132 3.49865 3.40942 0.750541 0.230433
1133 2.76643 2.08212 0.421336 -1.77211
1134 1.52138 -0.533833 0.71501 -1.23222
1135 3.21125 2.44383 -1.60792 -1.32454
1136 2.95556 -2.45621 -0.24337 -1.62577
1137 2.92483 2.82987 0.139884 0.725874
1138 3.37199 2.70263 1.20516 1.61669
1139 3.31652 1.58756 -2.10881 -2.00795
1140 2.40051 -1.27254 1.52492 1.34823
1141 2.93171 2.33752 -1.10049 1.3856
1142 3.4522 -0.418146 -0.0997293 -3.42533
1143 2.38607 1.12325 1.58929 1.3805
1144 3.90538 -1.28773 -3.44859 1.3042
1145 1.19196 0.39026 -0.51967 0.999203
1146 1.19398 1.03556 -0.277525 0.525526
1147 2.3233 -2.26208 -0.186574 -0.495858
1148 4.63095 4.01185 -1.85594 1.38067
1149 2.56748 0.580761 -0.154114 -2.49618
1150 3.14668 0.854054 2.45739 1.77016
1151 1.85211 0.885625 0.727179 -1.45506
1152 2.36336 1.45952 0.560505 1.77231
1153 1.61609 0.157628 -0.232061 -1.59155
1154 1.64304 1.06292 -0.240149 -1.22969
1155 1.56543 -1.35969 -0.553164 -0.543898
1156 3.80159 1.82747 3.27818 -0.604922
1157 2.24883 0.67365 2.13053 0.253477
1158 3.79698 0.870393 0.705549 -3.6279
1159 1.53803 -1.06435 -0.820991 -0.747441
1160 2.26973 -1.67587 0.340202 -1.49245
1161 1.75113 1.4347 0.941165 -0.349726
1162 3.62541 -2.81144 -1.62238 1.61472
1163 0.637887 0.281413 -0.570432 -0.0481093
1164 1.78134 0.0765878 -1.5071 -0.946556
1165 1.04546 -1.04158 0.0185712 -0.0879887
1166 0.925291 -0.87659 -0.00312136 0.296216
1167 1.3281 -1.24315 -0.345749 0.314478
1168 1.68791 -0.842977 0.830951 -1.20331
1169 1.92572 -0.475242 -0.261999 -1.84768
1170 1.29414 -1.19645 -0.488754 0.0665334
1171 2.27318 -0.442196 1.74797 -1.38434
1172 2.44933 -1.04895 -1.87635 1.17398
1173 1.8145 1.2889 0.893035 0.913032
1174 1.46382 -0.0205545 0.89064 -1.16151
1175 2.41084 -2.09626 0.545226 1.05857
1176 3.48802 -3.00346 1.31337 -1.19188
1177 2.5856 -1.04521 2.25133 -0.724145
1178 2.45866 0.294621 -0.145514 -2.43661
1179 1.58878 -0.388653 -1.32021 -0.79386
1180 1.44038 -0.818202 -0.0726706 -1.18319
1181 3.26091 -2.44407 0.446557 2.11202
1182 3.20363 0.387326 2.47211 2.00047
1183 3.34115 0.256843 -3.24537 0.7516
1184 1.85185 1.34627 0.813724 0.977119
1185 2.61107 -1.6417 -1.98036 0.447995
1186 4.53599 -3.86347 1.5305 -1.81834
1187 1.21716 0.869925 0.646039 0.554375
1188 4.04422 2.68664 2.2862 1.97761
1189 2.86262 -2.57981 -0.460121 1.15217
1190 5.18228 -2.45538 -2.5808 3.76385
1191 2.2137 -1.03944 -0.554117 -1.8743
1192 2.56155 -1.88073 -0.525306 1.65784
1193 2.33802 1.63498 -1.54791 -0.63022
1194 1.9182 -1.02589 0.0344647 -1.62045
1195 3.79954 1.84679 1.18011 3.10374
1196 1.16001 0.679713 0.0566975 0.938294
1197 1.92021 0.416907 -1.4461 1.19256
1198 3.07702 -0.765531 2.9481 0.436725
1199 2.47538 0.100157 -2.46859 -0.153389
1200 1.32611 -0.870586 0.665583 0.74675
1201 2.87685 0.176214 -2.8667 -0.165088
1202 1.30743 0.690563 -1.10566 0.10008
1203 1.41846 0.962284 0.658729 0.80753
1204 1.33224 0.869136 -0.618346 0.798193
1205 3.67312 1.52422 -3.1824 1.02023
1206 2.10023 1.42565 -1.41885 -0.604438
1207 2.34345 -0.921981 -0.127489 2.15069
1208 0.730026 -0.0625858 -0.454827 -0.567585
1209 1.53473 -0.54129 1.39555 -0.338874
1210 2.0803 1.30102 -1.39838 0.824329
1211 1.26788 -0.248998 -1.03821 0.683844
1212 1.99386 -1.20843 -1.5847 -0.0623932
1213 2.09095 1.18429 -1.71397 0.178448
1214 4.85146 2.47276 -0.000969787 -4.17398
1215 0.794622 0.354741 0.707454 -0.0713598
1216 2.94743 -1.96869 -0.758116 -2.05837
1217 6.12271 -6.11756 0.0717729 -0.240582
1218 3.37701 -2.67593 0.0984426 -2.05764
1219 2.51646 -2.08087 -1.12985 -0.852039
1220 2.23798 1.50214 1.62579 -0.330055
1221 1.57715 0.562029 1.10014 0.980418
1222 4.37768 -0.597416 2.17202 -3.7536
1223 3.48838 -2.23476 -2.67845 0.0239993
1224 2.81075 1.58979 1.81903 1.43666
1225 3.06498 -1.61745 2.58222 0.33179
1226 0.854981 0.433923 -0.7339 -0.0639838
1227 2.73405 -1.86037 -1.83191 0.811282
1228 4.65844 -0.60806 4.42661 -1.31776
1229 0.765828 0.688067 -0.171983 -0.288926
1230 1.81268 -0.759248 -1.63022 0.227467
1231 1.78515 -0.0935506 1.52204 -0.92812
1232 1.96401 1.61063 -1.12227 -0.060974
1233 2.42404 0.292031 -1.52038 -1.86524
1234 0.464525 -0.280048 0.369696 0.0261187
1235 0.812337 -0.675841 -0.422373 -0.157262
1236 1.85795 -0.59396 -1.0837 1.38736
1237 3.27023 1.32869 2.98132 -0.201941
1238 4.46915 1.31917 0.301643 4.25935
1239 3.31171 2.72573 -0.554962 1.79718
1240 3.47226 1.35279 2.06092 2.44524
1241 2.82449 -2.79274 -0.422286 -0.00699875
1242 2.62724 1.51695 -0.339454 2.11802
1243 1.64767 1.03619 1.28053 0.0367147
1244 0.818525 -0.552485 0.356167 0.487738
1245 5.53163 1.60952 5.28801 0.213019
1246 5.14558 -3.31256 0.209266 3.93194
1247 1.71318 -0.1237 -1.08049 1.32372
1248 1.39191 -1.08373 0.227417 0.843343
1249 2.88797 0.523644 -2.57788 -1.19194
1250 5.39326 4.20524 -0.969829 -3.2346
1251 4.83538 1.03634 -4.05644 -2.41912
1252 3.21941 1.80714 -1.49396 2.20611
1253 1.30129 -0.812423 -0.172077 1.00185
1254 2.37857 0.984219 2.14756 -0.277324
1255 4.07993 -1.29479 -3.6651 1.23953
1256 1.91978 -0.369959 1.80436 0.541265
1257 4.42739 -4.37414 -0.625643 -0.278035
1258 3.66468 2.77002 0.909347 2.22034
1259 1.16037 0.00231766 0.983722 -0.615427
1260 1.90646 0.582101 -1.23259 -1.33284
1261 1.02804 -0.201582 -0.968874 0.278412
1262 3.12254 -2.06172 -0.932876 -2.15159
1263 1.89115 -0.460478 0.710775 1.69091
1264 3.41528 2.74335 1.57092 1.29242
1265 0.510797 -0.0198393 0.477832 -0.179433
1266 1.40178 1.14898 0.490905 0.635495
1267 2.43941 -1.69076 -1.44952 -0.995455
1268 1.66232 0.206528 1.6263 0.275307
1269 2.52122 1.37295 -1.68428 1.27856
1270 2.52101 1.68687 1.16703 1.4656
1271 2.78286 2.25372 1.56435 -0.466756
1272 0.943713 0.711695 -0.600966 0.151402
1273 2.86779 1.1095 1.95349 1.78244
1274 5.39685 0.673484 -5.27405 0.925621
1275 1.99079 1.01903 1.31095 -1.0983
1276 1.78341 0.0930774 1.41076 1.08703
1277 1.16851 -0.0034718 -1.07429 -0.459674
1278 1.20476 -0.70405 -0.561543 0.800266
1279 2.5595 -2.25788 1.19444 0.162185
1280 2.02284 -0.487133 0.111813 1.96012
1281 2.48727 -2.1437 -0.595169 -1.11213
1282 0.653915 0.505991 -0.114165 -0.398175
1283 0.784069 -0.257111 -0.580469 0.460125
1284 3.66662 3.44623 -1.06932 -0.651269
1285 2.20264 0.911513 -1.88392 0.686723
1286 2.39679 1.31601 1.9576 -0.424912
1287 1.81586 -0.304069 1.53347 -0.923772
1288 2.12945 -0.386531 -1.93531 -0.799846
1289 3.51926 2.68591 -0.192114 2.26587
1290 1.23246 -1.07205 0.137929 0.59216
1291 1.70907 0.246257 -1.67994 -0.19513
1292 2.12401 -0.122664 2.10447 -0.259992
1293 1.44539 0.770516 0.2068 -1.20528
1294 4.38338 2.23381 -1.17261 -3.58457
1295 2.50546 -1.67205 -0.449834 -1.81087
1296 2.57234 0.599079 -2.20789 -1.1761
1297 2.57149 1.63098 -0.813591 1.81399
1298 2.07273 0.620211 -1.73509 0.949213
1299 2.66589 -0.604832 1.37766 -2.20073
1300 2.48321 -0.935029 1.68569 1.56541
1301 2.03667 -0.807475 -1.44295 1.18908
1302 2.70542 -1.98617 0.358106 1.80172
1303 0.687052 -0.18391 -0.648607 -0.132386
1304 1.27879 0.538153 -1.15308 0.126818
1305 3.16929 -0.223825 1.08428 2.96962
1306 3.45647 -2.71518 1.83784 1.0942
1307 3.03295 -0.93397 1.25128 -2.60015
1308 2.85076 -1.93406 1.75806 -1.13818
1309 4.28281 -1.25636 -0.744893 -4.02606
1310 0.818555 -0.613879 -0.166289 -0.515298
1311 2.60098 1.64393 1.61001 -1.21261
1312 2.25559 -1.05203 -1.98607 -0.190989
1313 2.91258 2.13539 0.206148 -1.96995
1314 2.52758 -2.51303 -0.270065 -0.0208519
1315 1.86014 -1.154 1.03213 -1.03108
1316 3.32126 3.31749 -0.105368 -0.118096
1317 1.65582 -0.407492 -0.0070971 1.60488
1318 1.25398 0.386015 -0.663395 -0.991651
1319 0.664711 0.178873 -0.218396 -0.601787
1320 1.35421 0.692576 0.301811 -1.1239
1321 1.08397 -1.01023 -0.198165 0.339342
1322 2.61745 -1.84708 -1.54283 1.02908
1323 1.75938 0.102775 -1.74099 -0.231921
1324 2.1785 -2.02828 0.712248 -0.353043
1325 2.54785 2.0433 -0.505408 1.43564
1326 2.22245 1.56175 -0.206935 1.56761
1327 1.04307 -0.865671 0.117259 0.569965
1328 1.68371 -0.363839 1.21177 1.11091
1329 2.60913 2.11798 1.40583 0.587672
1330 3.43938 -0.375205 1.77512 -2.9219
1331 1.53998 -0.324632 -1.26915 0.809586
1332 3.1052 -0.869415 0.919531 -2.83564
1333 1.46748 -0.253361 -0.482695 -1.36247
1334 1.77413 0.230131 1.75861 0.0430166
1335 2.88419 -1.18392 -2.39054 -1.09647
1336 3.37534 2.55308 2.19274 -0.258139
1337 2.18367 -0.150601 1.4492 -1.62651
1338 1.71564 0.763285 -0.654586 -1.39009
1339 2.84918 -1.89992 1.44488 1.55578
1340 2.13176 -0.219743 1.37095 -1.61759
1341 4.20944 -1.1974 2.8297 -2.87723
1342 1.98756 -1.55129 1.06187 -0.645219
1343 2.12494 -1.22446 1.7302 0.149919
1344 4.32288 3.24975 -1.64358 -2.32917
1345 2.29808 -0.660701 -1.41982 -1.68189
1346 2.02403 -0.845066 -1.31825 1.28249
1347 0.847427 -0.202601 0.816821 0.0994473
1348 1.15104 -0.889322 -0.0571422 -0.728514
1349 2.26608 2.19798 -0.217361 -0.506705
1350 1.03934 0.272286 0.671427 0.745166
1351 1.85349 0.586044 1.46725 0.969103
1352 1.41131 0.843588 0.146493 1.12192
1353 1.37905 0.737893 0.734217 -0.904555
1354 1.20574 -0.974823 -0.421502 -0.570838
1355 3.40288 -3.15106 -1.28343 -0.0566936
1356 1.09978 -0.548897 -0.199277 -0.931946
1357 2.12182 -0.400117 1.20346 1.70109
1358 2.23719 1.97297 0.716762 -0.773715
1359 1.62616 1.13112 -1.09922 0.395821
1360 1.48544 1.10326 -0.82249 0.55935
1361 1.40863 -0.642357 -0.841549 0.929203
1362 4.23458 2.81057 -2.69184 1.66925
1363 3.33133 0.921433 0.44624 3.17011
1364 1.30407 0.0678346 -0.453672 1.22072
1365 1.27605 -0.975787 0.521951 0.635372
1366 2.21603 0.309569 -2.14584 0.458629
1367 1.82624 -0.479223 1.58259 -0.775176
1368 1.50478 0.587337 -1.15437 -0.766061
1369 2.71711 2.16801 1.03979 -1.2654
1370 0.616657 -0.181116 -0.14384 -0.571641
1371 3.19257 0.215899 -2.57205 -1.87894
1372 3.18157 -2.95217 -1.15251 -0.280712
1373 4.56903 -2.66861 2.37859 2.8455
1374 4.12882 1.09947 -0.226038 3.97332
1375 1.59601 -0.940067 1.27808 -0.173257
1376 2.86277 0.716792 -1.80415 -2.10397
1377 2.13094 -2.04328 0.556753 0.23654
1378 2.18723 0.591457 -0.0442525 2.10527
1379 3.84882 2.43868 2.74467 -1.15458
1380 2.38107 0.893444 1.04017 1.94661
1381 1.652 -1.3385 0.000781134 0.968248
1382 0.832106 -0.728486 0.0401895 0.400115
1383 2.41303 -0.117885 1.25215 -2.05936
1384 2.73072 -2.65108 0.569763 0.322478
1385 3.34016 0.194846 3.16638 -1.04536
1386 3.10221 2.99442 -0.810673 -0.00206733
1387 2.36885 -0.311506 -2.23237 0.728655
1388 1.18878 1.06733 -0.301126 0.428176
1389 2.11131 -0.827775 -1.36707 1.37969
1390 3.35178 -0.935409 -2.95963 1.26493
1391 0.640785 -0.0070786 -0.40488 -0.496616
1392 2.40008 0.142625 1.19158 -2.0785
1393 0.717989 0.25034 0.41526 -0.529526
1394 2.66124 0.341387 -1.2057 2.34775
1395 2.20105 0.268705 -2.14909 0.392203
1396 2.84836 -2.63934 0.173945 -1.05679
1397 4.18273 3.02492 2.85897 -0.413947
1398 1.18398 0.512066 1.03301 -0.269241
1399 3.05143 -1.77012 -2.01115 1.46054
1400 2.07099 0.479161 1.25204 1.57854
1401 1.37103 -1.30058 0.300672 0.312766
1402 1.43768 1.22052 0.628738 0.426533
1403 5.66388 1.39555 0.947532 5.40686
1404 3.01698 1.16463 -2.61892 0.941839
1405 2.54356 2.3789 -0.81566 -0.381059
1406 1.31406 1.05121 -0.609877 -0.499765
1407 2.86247 1.48427 1.8872 -1.55857
1408 1.20619 0.501687 -0.365756 -1.03414
1409 2.57824 -1.0368 -2.35805 -0.109249
1410 3.2765 2.02234 2.33975 1.08218
1411 1.18709 -0.622453 -0.780532 -0.642265
1412 2.10194 -1.94377 0.444848 -0.664844
1413 1.57401 0.396339 0.9979 1.15092
1414 1.44306 -1.18859 -0.757216 0.310315
1415 1.62797 -1.59028 -0.28469 0.200628
1416 2.82933 0.40464 -2.73928 -0.581138
1417 1.59617 0.126177 -0.277018 1.56688
1418 2.70178 1.34843 1.71826 -1.59027
1419 1.04153 0.674765 -0.609202 0.508285
1420 1.02773 -0.84124 0.450759 -0.381252
1421 3.15092 2.85456 1.11548 0.731747
1422 3.31272 -3.24972 0.458842 0.450453
1423 0.377969 -0.254466 0.231742 0.156217
1424 1.83271 -0.537538 -0.597067 -1.64724
1425 3.6526 2.49229 -0.92936 -2.50326
1426 2.10216 -1.97558 0.392459 -0.601782
1427 0.990013 -0.787791 -0.48481 -0.352802
1428 3.8786 2.23499 -2.51943 -1.92377
1429 2.09243 -1.04126 -1.79342 0.278792
1430 3.26175 1.11533 0.645056 -2.99649
1431 2.12548 1.87193 0.499285 -0.874234
1432 2.10353 1.65034 -1.04132 -0.785421
1433 2.07578 1.70456 -0.861711 -0.812906
1434 3.14664 -0.772752 -1.12734 -2.83431
1435 2.19844 -0.99469 0.47192 -1.9029
1436 1.51668 -0.456232 -1.44224 0.110099
1437 3.39093 -1.55923 1.73268 -2.46273
1438 2.24435 -0.885665 0.66509 1.95201
1439 3.14345 1.0132 -1.92632 -2.26804
1440 2.07758 1.27074 0.692544 1.49061
1441 4.15028 -3.77729 -1.71891 -0.0478471
1442 0.730597 -0.458924 0.423267 0.379482
1443 3.52971 -2.58394 -2.34396 -0.536607
1444 2.59437 1.43992 2.0568 0.653417
1445 2.06604 1.51224 0.733934 -1.20125
1446 2.07437 0.315754 -0.735505 -1.91373
1447 1.87084 1.59689 0.246478 0.942994
1448 1.81717 1.66091 -0.0776389 0.733124
1449 2.45038 1.08047 -1.56197 -1.54829
1450 2.38887 0.517747 1.30472 1.93296
1451 2.34676 -1.70795 -1.27157 0.986545
1452 1.25098 1.1418 0.511043 0.0078624
1453 3.15663 -1.10579 2.67347 1.26258
1454 2.04928 1.40986 0.836822 -1.22947
1455 3.352 2.9971 1.37674 0.59822
1456 2.7396 -1.25523 -1.48681 -1.92853
1457 1.13154 0.982432 -0.501243 0.252922
1458 2.38263 0.216355 -0.237877 -2.36083
1459 1.10474 -0.810989 -0.748661 0.0475685
1460 5.39396 5.30314 0.456982 0.8733
1461 3.46891 1.64914 -1.89916 -2.3889
1462 2.98918 2.43752 1.24543 -1.20107
1463 2.58304 2.44973 0.417511 0.704697
1464 3.01931 1.16906 1.88286 2.05046
1465 2.82892 -1.83955 -0.479691 2.09494
1466 0.643931 0.472871 -0.433868 -0.0529048
1467 2.16948 1.58173 -1.3776 -0.554047
1468 1.69986 0.968827 1.38269 0.197653
1469 1.19747 -0.958952 -0.147596 -0.701829
1470 2.92271 -1.71847 -2.2269 -0.793762
1471 3.63396 3.59861 0.439811 0.249538
1472 3.13466 -1.72205 -0.0455789 2.61889
1473 1.09508 0.403154 -0.805878 0.622285
1474 1.28004 0.258256 1.25249 0.0553515
1475 2.76172 0.288369 2.59795 0.891387
1476 3.45839 -1.99594 1.60805 -2.32181
1477 3.44001 1.75261 2.80801 -0.936527
1478 1.59418 -0.274697 1.52099 0.390572
1479 1.91098 0.722165 1.71334 0.441336
1480 1.76939 1.13299 0.294547 1.32676
1481 3.04129 0.844256 -2.8959 -0.387918
1482 1.83467 1.16639 0.5351 1.3112
1483 2.93339 1.43704 -1.41477 2.13028
1484 4.09369 -1.11641 3.72057 1.292
1485 1.50968 -1.41324 0.493796 0.195107
1486 1.12737 0.988442 0.184547 0.509791
1487 2.6173 0.938953 -0.311794 -2.4231
1488 3.12833 -2.3671 0.610889 -1.95195
1489 1.82379 0.564369 -0.60709 1.62454
1490 5.15815 -0.851942 -1.53722 4.8495
1491 2.31111 2.11818 0.635812 -0.671038
1492 2.30113 1.34083 0.923586 1.62615
1493 4.87024 4.49344 -1.83924 0.381397
1494 1.19002 -1.00934 -0.603554 0.181973
1495 2.95903 1.85354 -2.30523 -0.0783009
1496 2.75984 -2.12495 -1.35237 1.128
1497 0.370563 -0.24716 0.265553 0.0755655
1498 3.38251 1.33585 -0.532739 3.06155
1499 3.60236 -3.51016 -0.788533 0.184426
1500 3.78 1.69226 -3.34106 -0.511801
1501 1.49977 -1.24644 0.427577 0.716158
1502 3.67365 -0.484636 -0.410346 -3.61835
1503 1.46844 0.519187 0.120551 -1.36829
1504 3.11903 -0.0163192 -2.71098 1.5423
1505 2.35991 -1.98815 0.66805 -1.08173
1506 2.68686 -2.41044 0.914713 -0.756502
1507 4.19078 -0.435642 -2.14127 3.57601
1508 3.7074 1.14153 2.11598 -2.82212
1509 2.73947 -0.668429 -1.6149 -2.10951
1510 2.28489 1.5135 -1.36328 1.03514
1511 2.49291 0.640804 0.905109 -2.23265
1512 3.18682 1.5824 0.732349 2.66749
1513 0.992004 -0.254072 0.618518 0.732772
1514 3.39366 -0.0593886 -1.87595 -2.8274
1515 2.77101 -1.27465 -0.647969 -2.37358
1516 3.53738 -2.95288 -1.71193 0.928909
1517 5.7515 3.26213 -4.44227 1.64455
1518 1.82432 -0.673912 -1.28515 1.10562
1519 1.07207 -0.200886 -0.836045 -0.640323
1520 1.76377 -0.986135 -0.19005 1.44993
1521 3.99613 2.67156 1.55049 2.53531
1522 2.9316 -1.16407 -2.32331 1.357
1523 0.820279 0.585251 0.571557 0.0605046
1524 2.74407 -2.0159 1.22298 -1.4037
1525 2.39496 0.967398 0.271032 -2.17405
1526 1.39894 -1.3691 -0.0880982 0.273547
1527 2.43439 -0.664045 -2.15351 0.920704
1528 1.26338 -1.03168 0.548555 -0.480461
1529 4.74017 -0.50147 1.57169 -4.44382
1530 3.80662 0.940179 3.19153 1.84949
1531 1.07963 0.740454 0.602337 -0.504489
1532 1.28791 -0.0811789 1.12669 -0.618615
1533 3.44579 1.52204 2.95897 0.89518
1534 2.7135 -2.08718 1.43928 -0.96706
1535 2.39226 -0.752309 2.26472 -0.167266
1536 3.80445 2.81994 2.14634 -1.38386
1537 1.4686 0.591858 -1.15575 0.686098
1538 0.35636 0.0205992 0.182306 0.305504
1539 3.10173 -2.98214 0.821621 0.229147
1540 1.45513 1.14884 0.888839 -0.0867593
1541 2.20981 -2.02155 -0.560919 0.694236
1542 1.81161 1.0616 0.0278134 -1.4677
1543 1.96108 -0.894156 -1.54342 0.814961
1544 4.68477 -0.218769 3.6531 -2.92474
1545 2.47872 0.222733 -2.39157 -0.612245
1546 0.814511 -0.38117 0.693143 0.194137
1547 2.38014 -1.79698 -0.544758 -1.46259
1548 2.00661 0.463885 -0.955706 1.70233
1549 2.05814 0.297403 -2.01407 0.301714
1550 5.59972 -3.05625 1.75936 -4.34981
1551 1.61843 -0.0924327 1.55457 0.440557
1552 3.05127 -0.715452 2.52518 1.55623
1553 1.79106 0.859725 -1.51896 0.401894
1554 4.62314 -1.80065 1.31274 -4.05065
1555 1.43803 -0.104375 -1.27944 -0.648134
1556 5.88286 -5.27115 1.9519 1.73583
1557 1.5429 0.25691 1.16717 -0.975831
1558 3.0313 -2.86613 -0.980081 -0.116346
1559 2.73672 -1.52462 2.00369 -1.07256
1560 3.12599 0.798359 0.0683847 -3.02154
1561 4.00477 -2.32115 3.25762 0.195762
1562 4.68775 1.26082 2.35392 -3.85284
1563 1.10884 -1.00254 0.412837 -0.232388
1564 3.04785 -1.93597 1.26505 1.98521
1565 3.72857 0.50192 0.975759 3.56345
1566 1.30889 1.23946 -0.00111061 0.420648
1567 3.28381 1.56972 1.67868 2.34551
1568 2.92151 0.603671 -1.12626 -2.62722
1569 3.73451 -1.69271 -0.264513 -3.31833
1570 1.71573 -0.327553 1.39802 0.939145
1571 4.79707 3.93051 -0.236009 -2.73995
1572 1.90444 -0.0941659 0.740494 -1.75206
1573 4.017 3.48449 0.312746 -1.97403
1574 2.61311 1.77995 1.61765 -1.02145
1575 2.01484 -0.418769 -0.0212563 -1.97073
1576 5.20664 -4.25906 -0.372198 -2.97169
1577 1.54815 -0.152759 1.31116 -0.808886
1578 1.56477 0.98632 -0.584112 1.06512
1579 1.1777 0.104889 0.551845 -1.03511
1580 2.77227 1.84184 -0.349474 2.0423
1581 2.71384 2.45037 -1.07513 -0.452466
1582 0.877952 -0.582024 0.647297 -0.114256
1583 2.48534 -2.03951 -0.1012 1.41671
1584 1.01688 0.227191 -0.982628 -0.129885
1585 3.26135 1.63007 2.82375 0.0754221
1586 3.92782 1.18219 0.775033 -3.66464
1587 1.32998 0.0910255 0.485687 1.23477
1588 3.1035 -2.21232 -0.848185 -2.00447
1589 2.05681 -0.157352 2.04802 0.106448
1590 0.724846 0.713402 0.119551 0.0465466
1591 3.38523 -2.26327 2.51418 0.127743
1592 1.37165 -1.27533 0.50079 -0.0646537
1593 2.77729 -2.22189 1.24718 -1.10502
1594 2.36769 0.226001 0.496009 -2.3041
1595 2.28484 -0.534374 2.2155 0.162768
1596 2.31266 -1.80514 -1.24981 0.726534
1597 2.17725 0.574532 0.0891518 2.09818
1598 4.73414 -3.70965 -2.93935 -0.103747
1599 3.03886 2.58985 1.50862 0.501418
1600 3.43343 -1.26269 -1.26526 2.93141
1601 2.01453 -0.733088 -1.34687 -1.30647
1602 3.96833 0.524531 3.87838 0.656272
1603 2.20273 -1.50651 1.60682 -0.0237975
1604 1.22654 0.135518 1.12779 -0.46273
1605 1.96508 0.0385257 -1.82477 0.728203
1606 3.9912 0.629472 -3.93795 0.16131
1607 2.88556 0.893201 -2.58804 -0.911419
1608 1.55835 -1.28682 -0.862023 -0.171665
1609 4.11248 1.17333 3.82997 -0.931173
1610 2.80125 0.405571 -1.033 -2.57205
1611 0.931444 0.886123 -0.272127 0.0912164
1612 2.9619 -2.47158 -0.0271098 1.63201
1613 2.33588 0.248582 1.67769 1.60622
1614 2.40577 0.153221 -2.07077 -1.21497
1615 0.92641 0.543538 -0.737613 0.136855
1616 1.45989 0.502978 1.10379 -0.812369
1617 4.50795 -2.19349 3.08407 -2.44922
1618 2.18529 -1.07517 1.90096 -0.076489
1619 3.14747 -0.63785 -3.0788 0.143891
1620 0.970705 0.358046 -0.310201 0.847258
1621 0.858694 -0.199716 0.080097 0.831296
1622 3.43077 0.0809399 1.94525 -2.82482
1623 3.2008 0.551461 -1.0815 2.96165
1624 3.65743 -3.19979 -1.63641 -0.678475
1625 3.18394 -1.35525 0.282932 2.86718
1626 2.07726 -1.64453 -0.234205 -1.24726
1627 3.63749 1.61678 0.149733 -3.25499
1628 4.32478 0.656834 -3.94442 1.64738
1629 2.45885 1.96254 -0.0691191 -1.47972
1630 3.2269 2.94251 1.30226 0.242208
1631 1.76186 0.456921 0.713914 1.54457
1632 2.45745 -0.379891 -1.55489 -1.86469
1633 4.40431 0.263382 2.1214 -3.85075
1634 2.19605 1.66602 -1.19752 -0.782913
1635 3.02158 -2.35862 -0.520697 1.81541
1636 3.037 2.24593 2.00501 0.39893
1637 3.255 0.592739 3.06076 0.935616
1638 0.998096 -0.291186 -0.288369 -0.910082
1639 2.72641 -2.40416 -1.25247 -0.290921
1640 1.19144 -0.588541 0.64738 -0.808729
1641 2.10653 -2.05893 0.0792755 -0.43814
1642 2.99153 2.46288 0.0413069 1.69757
1643 1.71728 -0.339329 -1.48678 0.789552
1644 3.33104 1.48541 -1.80576 2.37247
1645 1.76037 0.239069 -1.00563 1.42495
1646 3.05443 2.12301 -1.96314 -0.984094
1647 2.19089 0.594614 1.84114 -1.02793
1648 1.62455 0.931172 -0.660993 1.15549
1649 1.4012 -0.161002 1.08829 -0.867791
1650 2.24666 -1.83202 1.19817 -0.50555
1651 2.6471 0.550201 -2.43431 -0.882356
1652 0.984949 -0.00596963 -0.684995 -0.707722
1653 1.78367 0.0441775 -0.752396 -1.61661
1654 3.47768 3.14432 -1.24956 -0.803814
1655 2.82379 2.17395 1.13533 1.39956
1656 4.93612 3.91007 2.93764 0.668509
1657 2.91498 -1.84914 -1.81537 -1.335
1658 2.1409 -0.725385 1.8967 0.678089
1659 2.71904 2.69964 -0.0212155 0.323558
1660 3.32715 2.59026 -1.30252 -1.63217
1661 1.07013 1.06228 -0.0668308 0.110739
1662 0.580136 -0.11876 -0.173062 0.540836
1663 1.86197 1.74314 -0.0384273 -0.653381
1664 0.894178 0.874427 0.161375 -0.0942841
1665 2.84084 1.25766 -2.13521 -1.38909
1666 1.55658 0.0718396 -0.524453 1.4638
1667 2.55914 0.0873053 1.35834 -2.16714
1668 3.8214 2.51518 -1.7906 -2.25181
1669 2.46784 1.30885 1.49943 1.45906
1670 2.18 0.81587 1.36894 1.48754
1671 2.15699 0.306784 1.36711 -1.63997
1672 4.78727 2.362 -1.78983 3.75971
1673 1.43004 -0.259141 1.22317 -0.69407
1674 1.97763 -1.5286 -1.20369 0.35433
1675 2.28673 -2.18076 -0.471263 0.501335
1676 3.34727 0.0847321 -2.53151 2.18825
1677 5.06591 -2.48433 -0.954309 4.31055
1678 1.85146 -0.169728 0.0308821 -1.8434
1679 2.92733 1.02905 -1.33429 2.39374
1680 0.757752 0.685342 0.127467 -0.297064
1681 2.52853 -1.92239 -0.435002 1.58387
1682 1.47497 0.691118 1.2959 -0.136105
1683 4.01116 1.83836 -3.08732 -1.78276
1684 2.74615 -0.234767 2.20663 -1.61772
1685 1.33659 1.1272 -0.524811 0.490372
1686 3.85231 -3.6879 -0.92201 0.624156
1687 3.94501 -2.4365 3.0936 -0.237046
1688 0.563379 0.488212 -0.130378 -0.249091
1689 0.913991 -0.755055 0.017325 0.514754
1690 2.29773 -1.3503 -1.32665 -1.3024
1691 2.39969 -1.23598 1.74391 -1.09071
1692 1.93646 -0.0666302 0.0519582 1.93462
1693 3.17269 2.89748 -1.07741 -0.713985
1694 1.53251 -0.850011 -0.822524 -0.97443
1695 2.70564 -1.40982 1.45249 1.79532
1696 1.60802 1.19285 0.392392 1.00443
1697 2.78286 -2.23651 1.52588 0.64347
1698 7.02137 -1.99607 4.78705 -4.73281
1699 3.53173 -0.359848 1.56153 -3.14726
1700 0.925674 -0.311171 0.859134 0.148097
1701 2.72232 1.49331 -2.12197 -0.82359
1702 1.12034 1.01726 0.44542 0.148119
1703 2.53487 1.21921 -2.2094 -0.240156
1704 1.8426 -0.647642 -1.72458 -0.0392595
1705 1.37187 0.936675 -0.96655 0.265421
1706 3.54992 -3.5108 -0.513249 0.113081
1707 1.67122 1.32979 -0.907654 -0.4481
1708 1.97986 -1.89214 -0.581862 0.0326292
1709 3.76997 0.641115 2.35928 2.86974
1710 1.38853 0.316768 0.247288 1.32911
1711 0.411189 -0.202573 -0.00112192 -0.357826
1712 3.42616 0.520539 3.05468 1.4617
1713 1.30168 -0.468476 1.02847 -0.64587
1714 2.39094 -0.697063 2.27496 -0.235124
1715 2.15271 -1.32793 -1.65605 0.358156
1716 0.329752 0.0272075 0.204839 0.256976
1717 1.70631 1.32311 -0.0787901 -1.07455
1718 3.13117 1.25643 -2.61949 1.16785
1719 2.87913 -0.349422 -2.52764 -1.33355
1720 2.59417 1.61296 1.61613 -1.23134
1721 1.46551 -0.348812 0.0257297 1.42316
1722 2.99488 0.842271 1.48553 -2.4603
1723 1.44174 -0.965979 0.739778 0.773445
1724 2.77542 -1.42271 1.47647 -1.87053
1725 0.428354 -0.417142 0.0614541 0.0755179
1726 1.18776 0.81777 0.539858 0.671246
1727 3.6333 -0.282227 1.61712 3.24132
1728 2.55811 -1.16909 1.07477 -2.00551
1729 1.78729 1.15882 -1.25213 -0.532619
1730 1.98393 -0.927793 0.729071 1.59488
1731 2.27599 0.331196 -0.619547 2.16485
1732 1.65784 0.713265 -1.05155 -1.06487
1733 2.80619 -0.0415791 -2.7195 -0.690876
1734 1.65382 0.056846 -1.15808 -1.1793
1735 2.2399 1.06494 1.46638 1.31635
1736 0.842976 -0.168121 -0.244909 -0.788901
1737 1.69703 -0.578707 -1.59302 -0.08537
1738 0.94813 -0.266857 -0.901961 0.119182
1739 3.9395 -3.74001 0.961257 -0.779733
1740 1.50775 1.25529 -0.43043 -0.715736
1741 1.99191 -0.7828 1.62393 0.847231
1742 1.13675 -0.383582 -0.069535 1.06781
1743 1.2437 -0.222793 -1.08525 -0.565128
1744 1.85075 -0.413453 0.332283 -1.77311
1745 1.72832 1.14785 1.15558 0.578094
1746 1.88588 0.665871 -1.75391 0.192208
1747 2.13401 -0.858315 -0.0421787 1.95334
1748 1.95284 0.65687 -1.78678 0.435333
1749 1.39405 0.980068 -0.722156 -0.679208
1750 2.1933 1.54477 -1.53425 0.265213
1751 1.62478 -0.0697555 1.54516 -0.497532
1752 2.81133 0.807761 0.0500994 -2.69232
1753 2.48015 0.755834 -2.28123 -0.613064
1754 0.916783 -0.147417 -0.351997 0.833581
1755 3.47246 -1.85755 -0.49881 -2.89114
1756 3.26293 2.31171 -2.28016 -0.321804
1757 3.82675 1.04275 3.44209 -1.30719
1758 2.87509 2.47622 -1.36767 -0.513777
1759 2.97964 -1.44377 -2.14407 1.48215
1760 4.17884 2.59527 -2.73322 -1.80467
1761 0.229726 0.0999904 -0.16104 0.129778
1762 3.69457 3.40931 1.39536 -0.281816
1763 3.47286 2.4111 -2.36094 0.820562
1764 2.35073 -0.493575 0.461804 2.25146
1765 1.17468 0.85893 -0.524007 -0.606241
1766 4.54495 -0.517508 3.83481 2.3839
1767 1.77654 0.132578 -1.38431 1.10553
1768 2.11254 0.222371 0.110685 -2.09789
1769 2.27155 0.641643 0.263819 -2.16301
1770 3.71159 -1.14762 -1.85548 -3.00267
1771 3.2399 1.46514 1.79873 -2.26162
1772 4.24031 -3.69681 0.899541 -1.87207
1773 2.50367 2.37602 -0.363323 0.70063
1774 1.72184 -0.375566 1.39432 0.937851
1775 3.60821 -0.375854 -1.42513 3.29346
1776 1.55182 -0.56136 -1.04892 -0.996375
1777 2.33484 1.84141 -0.822165 1.17676
1778 1.76486 0.539406 -0.546032 -1.58922
1779 1.36928 -0.648094 0.58418 1.05528
1780 2.21991 -0.197701 -0.331999 -2.18602
1781 1.80991 -1.22411 0.946454 0.938907
1782 1.61991 0.952935 -0.115617 1.30485
1783 1.10335 0.635772 0.234816 -0.870648
1784 3.59326 -1.65511 -1.47697 2.82678
1785 3.14178 2.52477 1.6619 -0.856952
1786 4.47485 -1.3351 -2.11491 3.71066
1787 2.29279 0.29198 -2.26301 0.22447
1788 2.11979 1.81077 0.748826 -0.808627
1789 1.67668 -0.892171 -1.04727 0.958397
1790 2.46888 -1.01494 2.21217 0.414226
1791 3.03637 0.534456 -2.52975 -1.59195
1792 1.92136 1.33417 1.31247 0.434764
1793 5.16563 4.58033 -1.50938 -1.85097
1794 1.27927 1.02453 -0.460979 0.611851
1795 3.67401 2.06545 2.43691 1.81488
1796 2.80754 -0.476199 -2.61976 0.890168
1797 3.17125 -2.32985 -0.168186 -2.14484
1798 3.57394 -3.52531 -0.246528 -0.533334
1799 1.84044 0.72202 1.66758 0.291685
1800 3.80283 -3.25097 -1.77695 0.857429
1801 1.35753 0.987492 -0.931537 0.00038597
1802 1.76447 -1.39276 -0.43187 -0.993522
1803 3.84056 -2.91396 0.536941 -2.44345
1804 1.09051 -0.714232 -0.0849399 -0.819675
1805 1.35975 -0.752529 -0.604247 0.957861
1806 1.66039 -0.780644 -0.00500215 -1.46542
1807 2.90768 -2.45581 -1.33036 -0.808533
1808 2.13416 0.718327 1.67683 1.10765
1809 4.96057 3.56476 -3.41217 0.506822
1810 2.29838 0.775802 2.07648 -0.607376
1811 1.94626 -1.65512 -0.649826 0.791334
1812 1.45746 -0.474829 0.962462 0.986102
1813 1.73923 -1.49811 -0.883002 0.0294458
1814 3.13216 -2.03405 -2.14435 -1.03676
1815 0.650621 -0.433273 0.465863 0.136212
1816 2.13173 -1.28045 -0.0131048 -1.70428
1817 2.24686 -1.20766 1.59393 -1.02437
1818 1.3691 1.24763 0.557689 0.0827362
1819 2.32749 0.869692 0.29151 -2.13913
1820 0.771649 -0.069506 -0.243119 0.729044
1821 2.59854 -0.766733 -0.6114 2.4064
1822 1.55457 0.312267 0.60727 1.39657
1823 4.56577 -3.83326 -2.36076 0.76107
1824 4.96374 -0.778264 0.691653 -4.85331
1825 2.7551 -1.89209 1.85532 0.753919
1826 2.42966 1.83269 -1.41562 0.735195
1827 4.08899 -2.71093 2.62078 1.58184
1828 2.20365 -1.03661 0.041279 1.94417
1829 2.53847 1.55448 0.508776 -1.94128
1830 1.99065 0.370491 1.85366 -0.624014
1831 1.75676 0.395151 -0.303659 1.68459
1832 2.10133 0.328135 0.895747 1.87231
1833 1.22436 -0.159835 -0.478233 1.11571
1834 3.56996 -0.246976 -3.54174 0.37371
1835 0.642522 -0.39039 -0.400813 -0.315877
1836 3.93877 3.063 2.41492 -0.547835
1837 2.80246 0.0928819 2.47517 -1.31098
1838 2.1163 1.86395 0.612656 0.79315
1839 3.61152 -1.38078 3.02729 -1.4043
1840 1.87946 1.57419 0.0374925 1.0261
1841 2.91179 1.36334 -1.87159 -1.76549
1842 0.813459 -0.464409 0.652656 0.141705
1843 2.35821 2.10155 -0.342346 -1.01362
1844 0.76916 -0.180841 0.443636 -0.60174
1845 2.49098 -1.12426 2.00528 -0.959095
1846 4.97343 -1.41844 4.42552 -1.77139
1847 2.27085 -0.633158 -1.44601 1.63245
1848 3.21984 -1.12104 -3.01764 -0.066873
1849 3.21153 -1.8698 2.26092 1.30615
1850 0.791199 0.192779 -0.723791 -0.254872
1851 2.53519 -0.951929 -0.313098 2.32873
1852 3.21088 -1.97846 -2.12182 1.37599
1853 3.80518 1.5979 3.12828 -1.46286
1854 3.05895 -1.21205 -2.68247 0.832173
1855 3.23854 1.94255 -2.59071 -0.0532812
1856 4.0399 -0.61112 -3.94154 0.641509
1857 1.53851 -1.21315 -0.0499204 0.94487
1858 2.60054 1.11185 -0.638888 -2.26239
1859 3.78418 2.53522 0.124401 -2.80664
1860 0.680187 -0.489136 -0.216218 -0.420298
1861 3.36796 1.37791 -0.983975 -2.91141
1862 3.94369 -1.99944 -3.145 1.28994
1863 2.75996 -2.68372 -0.189907 -0.61562
1864 3.06746 1.96928 2.15774 0.935649
1865 1.41182 -0.07719 1.2147 0.715382
1866 1.05732 -0.585843 0.72857 0.493859
1867 2.82334 2.71996 -0.127514 0.746202
1868 4.45949 -3.99108 1.98537 0.128951
1869 1.49429 0.743987 -0.479332 1.20401
1870 1.61825 1.41592 -0.762467 0.180451
1871 3.78513 2.69403 -2.49804 -0.91059
1872 1.18281 0.225815 -0.979881 0.622796
1873 1.67092 -0.466332 -1.59836 -0.140599
1874 1.73269 -0.316425 -1.57655 0.645447
1875 1.29755 -0.34075 -0.848267 0.920852
1876 3.03365 2.82845 -1.02205 0.397864
1877 3.05246 -1.56071 -0.178885 2.61719
1878 1.74194 -1.43433 0.442495 -0.88388
1879 1.5154 -0.326178 1.45143 0.288773
1880 4.13206 -0.0748196 -2.63914 3.17856
1881 1.62408 1.28008 -0.985774 0.16515
1882 2.59959 0.33304 2.55099 0.373377
1883 0.762369 0.207526 0.480075 0.554677
1884 2.43726 2.07711 -0.769941 -1.01638
1885 2.9875 1.45004 -1.4862 -2.14796
1886 2.79043 2.3761 -0.309996 -1.42987
1887 2.78845 -1.64258 -2.09075 0.840341
1888 2.57488 2.48741 -0.573416 0.33759
1889 3.47203 0.10577 1.09215 3.29409
1890 4.36152 4.20559 -0.137261 -1.14765
1891 1.59503 0.578549 -1.41703 -0.448784
1892 1.42836 0.685715 1.03886 -0.700567
1893 2.01179 -0.883817 0.529683 1.72789
1894 4.17076 0.702192 1.22948 3.92308
1895 3.6265 -2.99557 -2.02404 -0.285101
1896 3.70468 -2.97748 -1.99048 -0.947235
1897 1.28245 -0.643388 -0.61146 0.925657
1898 5.30311 2.47849 2.73944 3.80466
1899 4.97864 -3.01678 -2.51741 3.05754
1900 2.61799 -0.268269 -1.51237 2.12006
1901 1.97093 -1.07776 -1.44632 -0.794462
1902 1.41255 0.215848 1.05697 -0.911875
1903 1.49528 0.688887 -1.18007 0.607237
1904 1.50006 0.525465 1.36823 -0.319412
1905 3.01114 -2.15008 -1.28368 1.67221
1906 3.6959 -0.761504 -3.5151 0.850826
1907 1.79829 1.48568 -0.0701997 -1.01079
1908 2.90555 1.98975 1.97086 -0.773824
1909 0.434354 -0.250214 -0.0060634 0.354992
1910 0.801335 0.610688 -0.293309 -0.42798
1911 4.67523 1.30876 -1.26319 4.30689
1912 1.72321 0.965243 0.097519 1.42417
1913 2.65676 -0.174165 2.29405 1.32868
1914 0.579056 0.446979 -0.178948 0.321703
1915 1.65633 -0.218511 0.0517047 -1.64104
1916 3.69194 -3.15154 1.90582 -0.257006
1917 3.97422 -0.318577 3.961 -0.0588516
1918 0.806882 -0.190704 -0.742054 0.253074
1919 1.54662 -1.48312 -0.438534 0.00885064
1920 3.18642 -0.528578 -2.65235 1.6849
1921 3.25709 -0.873856 -2.93521 -1.10885
1922 3.75276 -0.215206 3.74658 0.00127298
1923 2.25481 1.19907 -1.90308 0.15713
1924 1.90021 -0.333779 -1.50908 -1.10546
1925 3.74886 -0.618707 3.6532 -0.570305
1926 0.69333 -0.184776 -0.0125539 0.668137
1927 3.29308 -0.151872 3.19808 0.770435
1928 1.39904 0.746423 0.742574 -0.921271
1929 1.57404 -0.288071 1.28945 -0.855536
1930 3.30669 -0.942263 2.7237 1.62105
1931 1.13986 -0.985714 -0.532796 0.209215
1932 1.68763 -0.713432 -1.36489 -0.690042
1933 2.18379 -0.158742 -1.25087 1.783
1934 5.64677 0.446239 5.31243 -1.86146
1935 0.881631 -0.775422 0.0556833 -0.415804
1936 1.143 -0.125013 -0.586184 0.973251
1937 4.16272 3.85435 1.27745 0.91674
1938 1.35481 1.19222 -0.236531 -0.598473
1939 1.44595 -1.3737 -0.381522 0.241149
1940 1.99672 1.62195 0.546946 -1.02812
1941 3.17202 0.569743 -2.62737 -1.68346
1942 1.78128 -0.380334 1.66304 -0.512433
1943 3.1262 1.27519 2.01252 2.02406
1944 1.19906 -0.296175 0.888966 -0.748176
1945 1.78227 -1.16125 -1.17097 -0.675895
1946 0.894712 -0.48901 0.299156 -0.686938
1947 1.90152 1.6407 -0.749278 -0.602047
1948 1.82021 -1.64206 0.425905 0.659867
1949 4.08527 -2.51078 -1.05696 -3.04438
1950 1.22926 -0.633257 -0.584113 0.876857
1951 1.90634 -1.79321 0.0643755 0.643739
1952 2.35105 0.972663 1.22868 1.75263
1953 2.22984 -1.97455 -0.159976 1.02358
1954 1.3806 -0.0386162 1.32757 -0.376975
1955 0.883528 0.817027 -0.011736 -0.336081
1956 2.71309 -0.634862 2.09306 -1.60527
1957 2.1283 0.541136 -1.03476 1.77935
1958 4.59657 -2.78388 2.31775 -2.82958
1959 2.90846 -0.760455 -2.71639 0.70854
1960 1.58535 -0.187708 1.38782 0.743013
1961 2.52392 -1.76413 -1.80495 -0.0137079
1962 4.61198 1.53863 0.225053 -4.34193
1963 1.72342 -0.505134 -0.236994 1.6306
1964 2.33287 -0.521824 1.89076 -1.26294
1965 5.12335 1.10411 -4.96891 -0.582729
1966 2.08565 -0.255766 -1.15282 1.71917
1967 2.08668 1.50198 0.369614 -1.40059
1968 1.92773 1.19699 -1.39803 0.573473
1969 5.18347 0.965838 0.575843 5.06004
1970 1.85599 -0.63942 1.04473 -1.39441
1971 4.06065 -0.855892 -1.41112 -3.71013
1972 2.51827 0.281644 -0.963251 -2.30965
1973 1.96402 1.55103 0.976237 0.706131
1974 1.60213 0.303848 -0.470651 1.50099
1975 1.36258 0.35958 0.0104569 -1.31424
1976 4.63836 3.33159 -1.77811 -2.69319
1977 2.50879 -0.0843571 -2.13359 1.31708
1978 2.62372 0.363151 -2.50709 0.683058
1979 2.80316 -0.857725 -2.57542 -0.699462
1980 6.57957 4.11167 4.09341 3.10304
1981 1.20184 -1.01186 -0.149256 -0.631105
1982 3.36754 -0.363342 0.128685 3.34541
1983 1.06482 -0.280707 0.948526 0.394126
1984 1.58069 -1.33903 -0.839061 0.0392178
1985 4.62643 4.44707 1.26118 -0.191817
1986 1.34369 0.779712 -1.06468 -0.252996
1987 1.71159 -1.54059 0.476398 -0.573722
1988 2.29256 1.40062 -0.243815 1.79852
1989 2.21365 -1.22212 -1.24463 1.36293
1990 2.1005 -0.92334 0.780134 -1.71783
1991 2.47331 2.1251 -1.26303 -0.0771777
1992 2.72411 -1.30982 -1.8511 1.5095
1993 1.01823 0.620197 0.267725 0.761892
1994 1.42479 0.196136 1.36594 0.35464
1995 2.44081 1.92981 1.30644 0.725666
1996 3.20703 2.65375 1.59674 0.832503
1997 2.48331 -1.89909 0.0873721 1.59771
1998 2.46773 -0.505313 -1.20365 2.09418
1999 4.55763 -2.2402 2.74447 -2.8673
