n=2000
0 1.46868 0.344117 0.963354 -1.05383
1 2.33667 -1.11694 0.611729 -1.95915
2 1.30136 1.27488 -0.243467 -0.0944516
3 0.804127 -0.233714 -0.412326 0.649604
4 1.85824 -0.0361335 -1.84087 -0.25092
5 1.27903 -1.16776 0.385832 0.351274
6 2.05249 -0.540453 -1.95354 -0.322983
7 1.56132 -0.951804 -0.770371 -0.96867
8 0.641702 -0.612389 -0.18841 -0.0355299
9 0.396323 0.372492 0.0225541 -0.133466
10 0.799132 0.611846 0.0164052 0.513798
11 1.46403 -0.764239 -0.160903 1.23832
12 0.666742 -0.344718 0.280205 -0.497192
13 1.053 0.0823789 -0.148693 -1.03919
14 2.82712 -0.217382 2.77555 -0.491587
15 1.6404 -0.363492 -0.576436 1.49215
16 0.867413 -0.808128 0.3138 0.0293836
17 3.77458 0.644486 -1.66163 3.32732
18 2.82048 -1.92811 1.82127 0.959397
19 2.19426 -1.2469 -1.78319 -0.283322
20 1.39979 0.568625 -0.203448 1.26281
21 0.993564 0.361662 -0.293056 0.877775
22 1.87214 1.45661 -0.589711 -1.01756
23 1.94136 -0.0838691 1.63002 -1.05113
24 1.51576 -1.46931 -0.365368 0.0717574
25 2.47339 1.79583 -1.11205 -1.28685
26 1.87993 0.605894 -1.11118 1.39007
27 1.85624 0.853988 1.64532 -0.0961062
28 0.476351 -0.304129 -0.341069 0.134488
29 1.70623 -0.604875 0.725047 1.42115
30 1.20055 -0.074921 1.09308 -0.490784
31 2.0678 -0.276899 2.04489 -0.132503
32 1.92542 -1.36135 -0.615789 1.21441
33 1.35942 -0.760043 1.1252 0.0652919
34 1.7261 -1.60156 -0.601871 -0.228367
35 1.20511 0.0761987 -1.05245 -0.582095
36 1.59246 -0.316508 1.47584 -0.50761
37 1.40818 1.3118 0.292473 -0.420271
38 1.53777 -1.48619 -0.19171 -0.345326
39 0.337768 0.0536991 0.221749 0.249061
40 0.866506 -0.363433 0.695888 -0.366728
41 1.42314 -1.38904 -0.0233883 -0.308812
42 2.12601 -0.592876 -0.642814 1.93784
43 0.854268 -0.397219 -0.545205 0.524159
44 0.882384 -0.542272 0.039862 -0.694949
45 1.77634 1.02352 -1.41518 0.324128
46 0.110585 0.0168171 -0.105623 -0.0281051
47 1.23303 -0.747914 -0.0444872 -0.979288
48 1.74792 0.653261 1.62107 0.0247596
49 0.100298 0.0363518 -0.0314557 -0.088027
50 3.24576 -0.653905 -0.279988 -3.16686
51 0.848544 -0.527303 0.542696 0.384004
52 1.89857 1.47442 -0.324478 1.15125
53 1.74447 0.608513 -1.63316 0.0753251
54 0.868538 0.267389 -0.499545 -0.658268
55 1.13666 0.983558 0.525042 0.22121
56 1.31969 0.341656 -0.720546 1.0515
57 1.08199 0.657872 0.3246 -0.795319
58 2.25412 -1.8747 -0.0515498 1.25055
59 0.416526 -0.382789 -0.0964063 -0.132938
60 0.945112 0.812199 0.439358 -0.201331
61 2.3347 -2.22692 -0.692152 -0.11209
62 4.10954 2.82142 2.45134 1.70846
63 0.221125 0.179142 0.126316 0.0291331
64 1.02648 -0.438177 -0.924026 -0.0885024
65 1.32597 -0.326971 -0.237438 -1.2629
66 0.761055 0.286729 0.563651 -0.423425
67 2.25594 1.95772 0.289546 1.08295
68 1.91217 0.0159594 -1.52059 -1.15928
69 1.38134 -1.31652 0.233591 -0.346877
70 2.21117 -1.99862 -0.931694 0.163587
71 0.566965 -0.0275343 -0.501802 0.262462
72 1.00511 -0.979966 0.220886 -0.0335108
73 2.38816 -0.196246 -0.838204 2.2276
74 0.88576 -0.50355 -0.714807 -0.141629
75 2.00956 0.182074 0.545671 1.92547
76 2.09368 -0.109458 1.82876 -1.01349
77 1.07289 0.725498 0.789118 0.0450727
78 1.058 0.93143 -0.334709 0.373847
79 2.3781 0.575144 -2.30741 -0.0206655
80 2.41384 2.37182 -0.0981081 -0.437564
81 2.21172 -1.61436 1.19277 0.928903
82 2.03299 -1.18851 -1.46172 -0.764113
83 0.979288 -0.717537 -0.091196 -0.660174
84 2.08543 1.33779 1.52424 -0.485822
85 0.5559 0.232588 -0.504816 0.00937534
86 1.13764 -0.0153145 -1.09263 0.316462
87 1.33795 0.61774 1.125 0.378008
88 0.740505 -0.554217 0.438654 -0.220846
89 3.25846 2.05634 -2.51488 0.25379
90 2.48455 1.98868 1.40488 -0.494438
91 3.26672 -0.27727 3.23212 0.384675
92 0.885967 0.190798 0.86473 0.027862
93 2.57152 2.11661 -1.45864 0.0710551
94 2.20495 0.0485424 -1.87539 1.1586
95 1.3451 -0.101405 0.20259 1.32588
96 1.2751 -1.13421 0.297566 0.500897
97 2.1678 -1.49117 1.57259 0.0523974
98 1.39043 0.343268 1.27783 0.427332
99 3.01076 1.13911 0.34434 2.7656
100 0.778162 -0.457008 0.557443 0.29315
101 2.06967 -0.320623 -0.86271 -1.85377
102 3.38791 -0.460154 -0.71143 -3.28026
103 1.72289 0.276271 -1.2063 1.1987
104 2.28613 0.381479 -2.16192 0.637933
105 2.92095 2.69623 0.290587 -1.08528
106 3.19627 2.04947 0.174417 2.44651
107 1.90486 -1.75879 -0.0721775 0.727974
108 1.67406 1.25113 -0.0530568 1.111
109 1.9346 -0.037412 -1.39046 -1.34458
110 2.74037 -2.33679 0.549075 1.32195
111 1.5171 0.248232 0.678211 1.33417
112 2.29521 0.783135 1.6351 1.40752
113 0.56523 -0.108327 0.545087 -0.103103
114 1.91769 -0.537671 1.14743 -1.43939
115 1.02459 -0.740471 -0.176158 0.685897
116 0.954877 0.908827 0.09011 0.278755
117 1.18064 0.168713 -0.456717 1.07557
118 1.16253 0.376544 1.0926 0.126175
119 2.506 0.266869 -2.37228 0.762306
120 3.47072 2.53616 1.99422 -1.27941
121 1.63783 0.53583 -1.53062 0.229304
122 1.19198 0.393626 1.11194 -0.171643
123 1.71997 -1.50522 0.818058 0.152986
124 1.06224 0.571214 -0.295672 -0.845365
125 2.23279 -0.912643 -1.09304 1.71979
126 0.939935 -0.0705747 0.16699 0.922286
127 1.90212 1.27533 -1.37873 0.301181
128 3.38319 0.917722 2.28661 -2.31845
129 1.40216 0.669213 0.447542 -1.148
130 3.14491 0.927209 -2.86014 -0.922145
131 2.18002 0.486679 2.11901 -0.159462
132 1.14157 -0.572796 0.426815 0.890462
133 2.22061 0.543516 -2.15195 -0.0693956
134 0.646573 -0.549222 0.254099 -0.227696
135 3.94029 -2.50477 2.70273 1.39543
136 2.20576 -0.327996 -2.18071 -0.0478417
137 1.65874 -1.18302 -0.971938 -0.638121
138 1.6045 -1.54089 -0.170341 -0.413605
139 1.70759 -0.308201 -0.62826 1.55761
140 1.58963 0.356418 0.784955 -1.33557
141 1.09437 -0.900902 -0.56364 0.261391
142 2.52274 2.09697 1.38826 0.199234
143 1.97493 1.80702 0.0793027 0.792932
144 1.50533 1.31191 -0.488269 -0.55362
145 2.80823 -1.04195 2.28033 1.26513
146 1.13905 0.457247 -0.558032 0.881448
147 1.1767 0.960044 -0.669187 -0.122961
148 2.0217 1.65415 -0.783538 0.858557
149 0.806117 0.174033 -0.73323 0.286202
150 1.66985 1.15733 0.247399 1.17805
151 0.893413 0.286049 0.569793 0.625857
152 1.17384 -0.59804 0.179001 0.994085
153 3.58508 0.493223 -2.37648 -2.63853
154 1.51662 -0.261287 0.0456773 1.49325
155 0.430925 0.0624589 -0.228005 0.36029
156 1.5528 -1.54972 0.0816427 -0.0536766
157 0.462565 0.329434 -0.0997079 -0.309027
158 1.47437 -0.606758 1.34305 -0.0428151
159 1.6323 -1.05171 0.973666 0.781205
160 2.24536 2.0493 0.832959 -0.384931
161 1.0145 -0.422639 -0.154012 -0.909327
162 1.76938 -1.1979 0.510251 -1.19808
163 0.874221 -0.0830618 0.361844 0.791475
164 2.80835 1.99647 1.51113 1.27178
165 1.54502 -1.26337 0.519143 -0.722136
166 2.10683 -1.86354 0.968973 0.164484
167 0.862582 0.554202 -0.333636 0.570608
168 0.659427 -0.60134 0.229577 -0.143277
169 1.52259 -1.22007 -0.512345 0.753135
170 1.75405 -0.987796 0.798907 1.20941
171 1.54904 -1.34377 -0.533027 -0.556479
172 1.5194 0.11823 1.08547 1.05658
173 2.69385 1.58294 -0.945686 1.96387
174 1.79304 0.91592 0.61678 1.41268
175 0.748849 0.294787 -0.687943 0.0246884
176 3.0325 1.54672 -1.7843 -1.90263
177 1.02863 0.105695 1.00944 0.16718
178 3.14742 2.27657 -0.136807 2.16905
179 1.80114 -0.772953 -1.58424 0.369891
180 1.6587 -1.57116 -0.511314 -0.145931
181 2.50876 -1.96553 -1.54828 0.182701
182 1.16301 -0.0812164 1.15588 -0.09968
183 1.09068 -0.114252 0.982184 -0.460261
184 1.66472 -1.28147 -1.00061 -0.357633
185 1.16873 -0.345866 0.61684 -0.930494
186 1.4771 -1.07836 0.767457 -0.655722
187 1.06382 0.186143 -0.929251 -0.48327
188 1.84115 0.200902 0.747652 1.67047
189 0.607489 -0.0100615 -0.00765312 -0.607358
190 2.15664 -0.758748 -0.355861 -1.98715
191 1.68062 -0.731576 -0.510232 1.42441
192 3.3456 2.86773 -1.69768 0.295011
193 1.31481 0.929755 -0.927659 0.0611183
194 1.82029 0.851468 -1.30107 0.946391
195 1.54265 -0.94217 -0.409961 -1.15067
196 1.14497 -0.277624 0.523476 0.979725
197 2.70673 2.10176 1.42628 0.935272
198 1.95814 0.814016 1.7255 0.440836
199 1.39222 0.817102 1.11744 0.148082
200 1.05815 0.47395 -0.0427883 -0.945107
201 2.14246 1.66301 -1.34852 0.0777419
202 0.587178 0.332695 0.378357 0.30156
203 2.6338 1.72664 1.93677 0.452313
204 2.28671 -2.16503 -0.717057 -0.165888
205 3.51622 -0.8103 -1.74673 2.94213
206 2.27605 -0.33584 1.72715 1.44379
207 0.485526 -0.00816332 0.0943992 0.476191
208 1.34847 -0.97467 -0.104337 0.926021
209 0.983007 -0.451745 0.826389 0.281621
210 2.12763 1.46685 0.711653 -1.36701
211 0.376778 -0.0640237 0.36992 -0.031968
212 1.37708 0.499741 1.25219 -0.280409
213 1.37062 1.1604 -0.177332 -0.707553
214 2.4443 0.699266 -2.01388 -1.19579
215 1.89539 0.563792 -0.99564 -1.51108
216 1.7198 -0.513431 1.54412 0.556589
217 0.600501 0.069358 -0.439622 -0.403142
218 1.61728 0.320522 -1.46313 0.610009
219 1.26634 -0.204808 0.885424 -0.881872
220 2.13393 1.26681 0.798701 -1.52016
221 2.06665 1.36461 -0.331128 -1.51633
222 1.05121 -0.168538 -0.244331 1.00843
223 0.997552 0.786399 -0.142671 -0.596936
224 1.28324 0.750785 -0.577337 0.865856
225 1.42089 0.335214 -0.711297 1.18347
226 1.5209 -0.332243 -1.43355 0.384308
227 1.37805 -1.22331 0.602275 -0.199482
228 1.81158 -0.163113 1.5082 -0.990231
229 2.27477 -0.777169 -1.68626 -1.3142
230 1.79305 0.283942 -1.15268 1.34378
231 1.22103 -1.12465 -0.25919 -0.398616
232 0.389179 0.226391 -0.278408 0.150655
233 1.53749 -1.32347 0.703142 -0.343344
234 3.19716 -1.17315 -2.05323 -2.1517
235 1.79728 0.257833 0.954946 1.50061
236 0.760004 -0.629523 0.294071 -0.307944
237 1.44507 -0.968881 -0.357615 -1.01075
238 1.13532 0.0185647 1.06697 -0.387538
239 0.808275 0.217902 0.461939 0.62645
240 1.17148 0.00968624 0.80544 -0.850604
241 1.99962 -1.40855 -0.00183736 -1.41932
242 1.97186 -0.713162 1.65603 -0.798241
243 1.68289 1.53023 -0.16998 0.679423
244 1.84134 -0.301073 1.81578 -0.0532083
245 1.58365 0.997947 1.22692 -0.0820072
246 3.85718 3.11461 0.97734 2.0547
247 3.20209 -0.761277 -1.97247 2.40483
248 2.20299 -0.149756 1.29968 -1.77245
249 1.0475 0.104289 0.574692 -0.869548
250 1.08891 -0.975163 0.0317989 -0.483493
251 2.1081 1.09778 -1.4813 1.02212
252 1.90991 0.133252 0.919759 1.66854
253 2.44592 -1.35661 -1.97189 0.503752
254 1.29219 -0.824636 -0.461983 -0.881082
255 1.84512 0.451934 1.283 -1.24665
256 1.59732 1.06389 -0.612851 1.02176
257 0.849932 -0.564106 -0.604945 0.195474
258 2.11297 0.72868 1.32027 1.48006
259 1.77542 -0.0847947 -1.64701 -0.657488
260 1.40898 -0.870465 0.915521 0.623958
261 1.88304 -0.977837 -1.4188 0.759407
262 1.42855 1.0571 -0.56951 0.773924
263 1.66435 0.518611 0.0393405 -1.581
264 0.960353 0.51883 -0.36869 0.719138
265 2.56222 2.36683 -0.81571 0.545592
266 0.948974 -0.929518 -0.108844 0.157168
267 1.65546 -0.443351 -0.304108 -1.56573
268 1.47274 -0.124815 1.4576 -0.169676
269 1.45192 1.08523 0.831302 -0.489152
270 1.13099 0.219488 -1.01688 0.443748
271 1.50256 -1.35977 0.628946 -0.114722
272 1.33838 -0.208579 -1.18031 -0.595496
273 2.24998 0.226332 0.800103 -2.09069
274 0.712684 0.32526 0.62674 -0.0965474
275 1.63557 -0.615389 -0.759246 1.31146
276 2.47821 -1.74285 -1.34841 -1.13392
277 1.28782 -0.0999817 -1.15635 -0.557981
278 1.48664 -0.101799 -1.37901 -0.545949
279 3.295 -2.79797 -1.04862 1.3888
280 2.1263 -2.01077 0.220012 0.655389
281 0.628496 -0.493343 -0.303901 -0.243442
282 1.76773 1.19789 -0.802981 -1.02232
283 2.77763 2.76045 0.248649 -0.182485
284 0.93469 -0.486229 -0.584544 0.543632
285 1.47411 1.00738 -0.826833 -0.68887
286 1.47743 1.17384 0.183616 0.878177
287 0.774647 -0.280411 -0.630649 0.351753
288 2.28704 1.34169 1.82891 0.292454
289 1.32532 -0.157295 -0.914906 0.945878
290 1.8881 1.86384 -0.00102826 0.301702
291 0.896667 0.279979 0.822224 0.222647
292 1.63941 -1.39436 0.126015 -0.852968
293 1.55658 1.19506 -0.971345 -0.226434
294 1.3524 0.164836 -0.856391 1.03364
295 1.47868 -1.07317 -0.974123 -0.293091
296 2.71174 -1.07395 -1.50527 1.98352
297 0.791908 -0.238763 -0.291627 0.696465
298 1.70048 1.52706 0.110207 0.739973
299 2.13099 0.45536 1.69917 -1.20274
300 2.6395 -2.19339 1.20459 -0.839616
301 1.66048 -0.502625 -1.57268 -0.176791
302 1.75658 -1.12708 -0.756575 1.11483
303 2.22987 -1.81116 0.65344 -1.12474
304 2.01653 1.79988 0.874067 0.250631
305 1.19339 1.07648 -0.503542 -0.108681
306 1.22759 -1.16794 0.362087 -0.108584
307 1.94745 -1.43192 -0.844998 -1.01397
308 2.67512 -0.855467 0.270197 2.5202
309 2.14179 0.763485 0.456349 -1.94836
310 0.788358 -0.683777 -0.337598 -0.19996
311 0.523956 -0.38047 0.145703 0.32946
312 0.444917 -0.0586046 -0.42349 -0.123178
313 2.18976 -0.276937 -0.232955 -2.15965
314 1.64176 -1.34247 -0.0519926 0.943634
315 1.96591 0.891905 1.34241 -1.12572
316 1.51283 1.04596 1.0457 -0.31799
317 1.65617 0.4204 -0.397878 -1.55173
318 0.701908 -0.495099 0.336274 -0.366705
319 1.87057 -1.35796 -1.00953 0.797385
320 0.785864 0.667211 0.389728 0.143259
321 2.03119 1.45102 1.41919 -0.0787891
322 1.03258 -0.355447 0.620948 -0.744508
323 1.23313 -1.11628 0.49312 -0.177071
324 2.42354 0.616799 -2.09281 -1.05512
325 1.80183 1.35517 -0.303719 1.14798
326 1.11421 -0.417279 0.991968 0.28869
327 1.78155 0.872274 -0.761413 1.354
328 1.92367 0.5911 -0.596247 -1.73078
329 1.07053 0.289732 0.528547 0.884721
330 1.57092 -0.71076 1.33852 0.413472
331 0.548059 0.544767 -0.00779322 0.0594736
332 1.10299 0.982839 0.306045 0.39616
333 2.7016 -2.24423 -1.40802 -0.528714
334 1.48962 1.12386 0.217594 0.953175
335 1.28144 1.17894 0.19529 -0.462679
336 1.49075 0.303109 1.40172 -0.407003
337 1.80102 1.79012 0.117729 0.158986
338 1.9747 -1.26013 1.51377 -0.141538
339 2.82428 0.880959 1.23042 -2.38464
340 1.12138 0.742151 0.399856 0.739478
341 1.05837 0.873756 0.213938 -0.557613
342 3.25213 -0.0167455 2.92885 1.41347
343 1.83408 -1.47145 -0.537257 0.953975
344 1.33661 -0.662806 0.912447 -0.717386
345 1.68496 -0.593136 1.28976 0.907625
346 1.4255 0.254903 0.956661 1.0256
347 0.8516 -0.403987 -0.430268 -0.61391
348 1.48258 -1.03346 -0.832485 0.661028
349 1.5642 1.08027 -1.09393 0.288181
350 1.02505 -0.100068 -1.01711 0.0787131
351 3.09778 1.45715 -2.5464 -0.994384
352 1.70671 1.67294 0.0708972 -0.330287
353 0.980176 0.851503 -0.2808 -0.396028
354 1.5329 1.04746 -1.06083 0.356723
355 1.56813 1.09988 -0.952777 -0.584388
356 1.15542 0.587142 -0.829186 -0.550187
357 1.94858 0.211694 1.17792 -1.53774
358 2.63229 -1.09125 -1.47361 -1.88855
359 1.12547 0.579214 -0.964979 0.00230739
360 2.1259 -1.70076 0.269123 1.24677
361 2.4081 -2.09437 0.555436 1.05072
362 1.1833 -0.416486 0.787774 -0.778554
363 2.92579 -1.18177 2.44377 -1.09164
364 2.2727 -0.588706 0.774209 -2.05406
365 0.885347 0.544332 0.519987 -0.466
366 1.15866 0.464236 -0.462788 0.955406
367 3.64789 -2.39026 -2.55245 1.03863
368 1.61961 1.31534 0.896436 0.299025
369 2.27205 -0.644291 -2.10668 -0.555861
370 1.124 0.360988 -0.727247 0.777282
371 1.37721 0.456666 0.970422 0.863974
372 1.74809 0.390716 1.21067 1.19894
373 0.854406 0.500761 0.636204 0.27293
374 2.21974 -1.36783 1.73082 0.246067
375 1.55642 0.0751818 -1.4756 0.4893
376 1.44361 0.668011 -0.468008 -1.19111
377 1.40943 0.855101 -1.0774 0.307431
378 0.961844 -0.112846 0.860341 -0.414997
379 0.845287 0.321428 -0.0430552 -0.780603
380 0.921687 -0.387499 0.745691 0.378544
381 1.03111 -0.558156 -0.111401 -0.859788
382 2.15333 1.86618 -0.178414 -1.05942
383 2.176 -1.359 1.65108 0.402549
384 0.724862 0.720086 -0.0562413 -0.0611346
385 1.67503 -0.957758 -0.500038 1.27999
386 1.32924 -0.782422 -0.0291838 -1.07417
387 2.03517 -1.97605 -0.447353 0.192342
388 0.83721 -0.0770531 -0.329863 0.765619
389 2.62898 1.02851 -0.676069 -2.32307
390 0.727514 -0.0973641 -0.659241 -0.291889
391 0.938708 -0.202644 -0.444154 0.80177
392 1.07112 0.0520591 0.800084 0.710252
393 1.20402 -1.13012 0.288976 0.298278
394 2.96168 -1.25102 -2.18107 1.56506
395 1.55306 1.51808 0.325062 0.0416882
396 0.992339 0.796943 0.121017 -0.578769
397 1.36708 -0.500901 0.94894 0.847058
398 1.89334 -0.693841 1.73197 -0.321867
399 2.2396 1.05552 1.03242 -1.68398
400 1.7133 -1.43629 0.233355 0.904443
401 0.95213 0.492326 -0.814917 0.00874215
402 1.82046 -1.54962 0.394461 -0.870137
403 2.02066 -1.98687 -0.324133 0.174212
404 1.85656 -0.414242 -0.0861205 1.80771
405 1.28374 -0.509978 -1.10191 -0.416774
406 1.08914 0.829834 -0.226136 0.668185
407 1.99207 -0.162077 -1.85569 -0.706025
408 1.66414 -0.0396046 -0.0934511 1.66104
409 1.48415 1.38499 -0.533079 -0.0186637
410 0.639063 0.0295662 -0.550054 0.323988
411 2.30979 -1.17675 -0.387114 1.94949
412 0.97164 -0.0509738 -0.748745 0.617144
413 2.38738 -0.714691 -2.24594 0.380182
414 1.28793 -0.79112 -0.077393 1.01336
415 0.89288 0.287411 0.351398 0.768862
416 2.14115 -0.0545356 -1.82441 1.1194
417 1.02347 -0.614113 -0.816128 0.0654657
418 0.936162 0.268571 -0.754856 -0.48421
419 2.33434 -0.592566 0.873917 -2.08189
420 2.76003 -2.05999 1.83679 -0.0197751
421 1.33968 0.10763 -1.30198 0.29663
422 2.45393 0.609175 -0.943657 2.18179
423 1.02069 -0.180979 0.290658 -0.961545
424 2.77937 2.04689 -0.736616 -1.72989
425 0.996661 0.0973946 -0.932599 0.337796
426 1.60057 1.06251 0.861991 -0.830585
427 0.700238 -0.189027 -0.628668 0.243678
428 1.27187 -0.739966 -1.03443 -0.00705046
429 0.650947 0.253885 -0.447169 0.399142
430 1.74517 0.77979 1.45062 0.577283
431 0.705147 0.330795 0.592134 -0.192831
432 1.56876 -0.0135933 -1.44348 0.614151
433 1.70181 -0.403338 0.327121 -1.62064
434 2.28053 -0.16854 2.2657 0.197481
435 1.26936 -0.95205 -0.303706 0.782717
436 1.77146 -0.854156 1.4262 0.611927
437 0.703554 0.617634 0.33501 0.035853
438 1.37479 -1.35351 -0.195217 0.141146
439 3.26564 -1.47856 -0.644543 2.83952
440 0.737437 0.187912 -0.51417 -0.494097
441 0.262314 0.143138 -0.217061 0.034714
442 1.22665 -0.389015 0.938307 -0.687687
443 2.3505 -1.41097 -1.17341 -1.46872
444 2.62159 0.445808 1.27333 2.24781
445 0.529937 0.239504 -0.284358 0.377639
446 0.871683 -0.3689 -0.123382 -0.780078
447 1.53754 0.293105 -1.42999 -0.482971
448 2.40625 -1.60598 -0.0239563 -1.79173
449 1.92229 0.191077 0.972429 -1.64714
450 1.6458 1.26909 0.494904 0.923659
451 1.66859 0.61619 1.06927 -1.12302
452 1.68235 -1.20672 0.259297 1.1432
453 2.07799 0.517759 -2.01231 0.023382
454 2.96606 -2.36964 -1.60195 0.784904
455 0.659524 0.280094 -0.493223 -0.336528
456 1.28891 0.962143 -0.67275 0.531956
457 1.50875 -1.10913 0.648132 0.791264
458 0.891444 0.569043 0.673762 -0.13003
459 0.827844 0.761325 -0.162365 -0.281687
460 1.10452 0.106075 0.191371 1.08263
461 2.10147 -1.69531 1.07761 0.617129
462 1.69865 -0.284945 -1.67369 -0.0546803
463 0.992173 0.728902 0.305382 0.599876
464 1.32232 0.576808 1.12108 0.398767
465 1.62245 0.514909 1.47493 0.437929
466 1.02945 -0.799131 0.505688 -0.406745
467 0.573323 -0.289091 -0.326032 0.372598
468 2.36796 -2.14338 0.998023 -0.130764
469 1.52067 -0.588662 0.669222 -1.23209
470 1.90181 0.240082 -1.8181 0.50374
471 0.748139 0.0455768 -0.535908 0.520036
472 1.54609 0.467199 0.755727 -1.26531
473 1.11799 -0.772242 -0.542642 -0.599234
474 2.06648 -0.189806 1.28983 -1.60332
475 2.63167 -1.5557 -2.1225 -0.0221042
476 0.630682 0.179978 -0.435768 0.418896
477 2.62773 -1.51947 -1.69742 1.30956
478 3.69988 3.4158 1.41352 0.152958
479 1.24655 -0.762046 -0.973886 -0.157249
480 0.679008 -0.305708 -0.360908 0.487174
481 3.3825 2.373 -2.22609 0.924488
482 0.905259 -0.841122 0.326636 -0.0729136
483 2.60758 -2.54571 0.29996 -0.478368
484 1.11297 -0.424251 -0.890255 0.515915
485 2.40107 0.989952 2.12668 0.512186
486 2.32405 -1.57995 -1.57597 0.649079
487 1.67986 0.500376 1.34273 0.876717
488 2.91584 0.758363 2.28455 -1.64557
489 1.13224 0.407108 -0.293144 -1.01503
490 1.07102 -0.376407 0.506779 0.865203
491 0.882385 -0.747937 0.201819 -0.422449
492 1.56501 -1.40519 -0.359642 -0.587683
493 1.31085 -0.711918 -0.591169 0.928451
494 1.14614 0.883673 0.721411 0.111053
495 1.55993 -0.696045 1.38797 -0.149794
496 0.979784 0.116057 -0.951611 0.202345
497 2.85377 -2.51411 0.17826 -1.33845
498 0.688294 0.459357 0.00707111 -0.512532
499 2.1547 1.30868 -1.66775 -0.385583
500 1.76578 -1.21595 1.14316 -0.576725
501 1.6088 -0.649708 1.25992 0.760734
502 1.80241 -0.84402 0.54642 -1.49591
503 1.5702 1.50921 -0.30062 0.312191
504 1.91181 0.664178 1.75544 0.363769
505 2.01547 -1.0596 0.126826 -1.70976
506 2.16379 0.31466 2.13547 -0.150747
507 1.07587 0.561191 0.835978 0.379068
508 1.66854 0.799984 0.348315 1.42222
509 1.76693 0.835664 -0.114143 -1.55264
510 1.24828 0.17531 0.670755 1.03805
511 1.80013 1.64503 -0.643332 -0.347087
512 0.843385 0.803281 0.0437127 -0.253234
513 0.683769 0.26843 -0.322292 0.540013
514 1.91024 -0.498889 -1.83799 0.148023
515 2.62267 -1.01305 -1.14932 -2.12866
516 1.14192 0.0550653 -0.673335 -0.92063
517 2.48931 -1.49449 -1.93921 -0.450098
518 1.3586 -0.433254 0.891005 0.929614
519 0.915686 0.444764 -0.467641 0.649599
520 0.688513 0.207529 -0.653065 -0.0669905
521 1.51474 0.817608 -0.864517 0.937317
522 1.19797 -0.314052 -0.692054 -0.926046
523 3.04415 -2.90014 0.817074 0.43406
524 1.76857 -0.839236 1.39115 0.698738
525 0.679258 0.189279 -0.173748 -0.62879
526 1.40771 0.510539 -1.03583 -0.805017
527 1.07315 0.687999 -0.220451 0.793536
528 1.65563 1.46982 0.561769 -0.514925
529 1.80417 -1.19663 1.3499 0.029667
530 1.2805 -0.843986 0.386085 0.882221
531 2.20466 -0.0788684 0.778109 -2.06128
532 2.32633 0.148747 0.272203 2.30556
533 1.65474 1.00731 1.26517 -0.350489
534 2.13113 -0.714807 1.62071 -1.18493
535 2.04942 0.620209 0.012588 -1.95328
536 1.9906 -0.0874352 -1.58521 -1.20081
537 1.8315 0.0878252 -1.74199 -0.5587
538 0.709197 0.0399661 0.597515 0.379919
539 2.73627 2.71748 -0.275349 -0.163247
540 2.44341 -1.60416 -0.47494 -1.78083
541 1.76551 0.15406 -1.50164 0.915627
542 1.47813 -0.768722 -0.741319 1.02195
543 1.20214 0.682094 -0.0126477 0.989813
544 1.44643 -0.922848 1.11376 -0.00680802
545 3.13989 -1.58892 1.91351 -1.91643
546 1.9877 -1.40816 -1.38397 0.229472
547 0.538684 -0.194146 -0.0642309 -0.49836
548 0.730146 0.3375 -0.480227 0.434268
549 1.53544 -1.48223 0.263555 -0.301867
550 1.89848 0.47004 0.583796 -1.74427
551 2.07015 -1.29787 1.34828 -0.885001
552 1.50721 -1.35749 -0.557871 -0.343068
553 1.49909 0.643716 -0.856309 1.04864
554 1.737 1.19227 0.274264 1.23306
555 3.00406 1.48583 1.28448 2.27306
556 1.03331 0.0659058 0.5014 -0.9011
557 1.84549 1.82554 -0.264241 0.058217
558 1.76127 -0.623315 -0.616723 -1.52748
559 1.3595 1.23723 -0.42922 0.365059
560 3.9531 -1.96815 0.985235 3.2837
561 0.54648 0.113947 -0.52222 -0.113769
562 1.36132 -0.923301 -0.961385 0.276488
563 1.37741 0.99376 -0.711851 -0.634798
564 4.80577 -2.42892 4.08831 -0.693869
565 1.36665 -0.59191 -1.20402 -0.260239
566 0.849879 0.485186 -0.683499 0.140421
567 2.15331 1.04379 1.87073 -0.218234
568 1.297 0.0117554 -1.20556 -0.478218
569 3.82289 1.87119 -0.932908 -3.20043
570 3.07967 0.273504 -2.96879 -0.771943
571 0.539339 0.232487 -0.376807 0.307982
572 0.670658 0.542917 0.214332 0.330279
573 1.83125 -0.62899 1.61648 -0.587231
574 1.32651 1.14637 -0.506472 0.434667
575 0.407712 -0.034994 -0.340377 -0.221693
576 0.572377 0.530159 0.20815 0.0567408
577 1.70645 -1.09141 -1.30318 0.150058
578 1.8213 0.294474 1.79732 -0.00841089
579 2.4997 2.28594 0.785059 -0.637667
580 0.607827 -0.251508 0.234754 -0.501087
581 1.04181 0.957864 -0.0115728 0.409553
582 0.731038 0.0906302 -0.479686 0.544155
583 0.943312 -0.426171 -0.304634 0.784484
584 1.29431 0.854329 -0.679187 -0.695749
585 3.81472 1.272 -3.58242 -0.316752
586 0.746784 0.132291 -0.105834 -0.727313
587 1.74381 -0.0732567 -1.59713 0.696187
588 1.8477 -1.32831 1.1095 0.646991
589 0.590148 -0.418048 -0.0391674 -0.4147
590 0.697567 0.631758 0.116733 -0.271761
591 1.0433 -0.944127 -0.151343 0.417366
592 1.69436 -0.0437423 1.66888 0.289435
593 2.27082 -0.0112092 1.02041 -2.02861
594 1.65362 1.50212 -0.0352018 0.690555
595 1.11328 -0.963789 -0.501252 -0.243417
596 1.29841 0.946177 -0.72295 0.517641
597 0.963688 0.231325 0.777707 0.519957
598 2.02985 0.152226 1.72923 -1.05209
599 1.57918 -0.255875 -1.49986 0.422821
600 0.405811 0.165834 0.00690084 0.370316
601 0.804776 -0.670856 -0.298294 -0.329601
602 1.52302 1.18867 0.0542114 -0.950634
603 2.6829 -0.606563 2.36231 -1.11782
604 0.552389 0.100718 -0.540195 -0.0563738
605 1.92592 0.226446 0.90736 1.68362
606 1.85292 1.36509 0.978892 -0.782051
607 1.09028 -0.478162 0.496733 0.844594
608 1.27465 1.0231 -0.560748 -0.513385
609 0.334543 0.13892 0.147352 -0.266285
610 1.23714 -0.474091 1.12967 0.172005
611 1.25212 -1.25172 -0.0314726 -0.000295399
612 0.806461 0.203018 0.745535 -0.230956
613 1.69455 -1.0511 -0.95866 -0.920683
614 1.10143 -0.593596 0.0494255 0.926476
615 0.422262 -0.064578 -0.41666 -0.0230148
616 1.63489 -0.387996 -0.949272 -1.27326
617 1.55793 0.341667 0.620301 1.38767
618 1.41475 0.378637 0.427923 1.29423
619 1.51411 0.685545 0.892559 -1.01286
620 1.20929 -0.248826 -1.17946 0.0965943
621 1.29854 -1.17479 0.201128 0.515395
622 2.28104 -0.869076 -0.0601395 2.10814
623 1.33473 0.119552 0.943355 0.936636
624 1.33576 -0.16628 -0.0658887 -1.32374
625 2.64541 -2.46206 -0.154829 -0.95525
626 1.08797 -0.00312906 -1.07568 -0.163017
627 2.68043 2.5755 0.510851 0.539017
628 1.95874 0.665665 0.625028 1.73289
629 1.79503 -1.55502 -0.664239 0.602362
630 3.22658 -2.26709 1.0865 2.02252
631 2.55087 -1.73751 0.96873 1.59673
632 0.518532 -0.316661 -0.340135 -0.23002
633 2.47616 -1.56706 1.07498 1.58747
634 2.66575 0.882485 2.28709 -1.04723
635 0.887775 0.0955185 0.847371 -0.246949
636 2.3634 -0.000159555 1.54898 -1.78503
637 1.05113 0.974045 -0.110711 0.379275
638 1.05152 0.601669 -0.398085 -0.764994
639 2.06452 -1.68839 -1.13171 -0.361668
640 2.63584 -2.26396 -0.24868 -1.32676
641 2.04951 -0.643335 -1.78299 0.77946
642 3.49679 -1.15488 -1.65188 2.85746
643 0.0992328 -0.0893763 0.0188737 -0.0387661
644 0.793403 -0.551892 0.439114 -0.363431
645 1.64259 1.39404 0.704736 -0.508028
646 2.97471 -1.51105 1.06154 -2.33212
647 2.2699 -0.954251 -2.00197 -0.483707
648 0.633105 0.461892 -0.262148 -0.344612
649 1.04709 0.296013 0.545704 -0.8432
650 1.3436 -0.110071 -0.781587 -1.08733
651 1.15003 -0.207243 1.08436 0.322138
652 0.57436 -0.501471 0.265302 0.0896181
653 2.73637 -1.78275 1.39551 1.5369
654 1.01887 -0.953033 -0.261663 -0.247691
655 0.204634 -0.168048 -0.105913 0.0491665
656 0.750008 -0.719337 -0.176074 -0.118593
657 1.57948 0.993955 1.11395 0.515685
658 1.72954 -1.61793 -0.596404 -0.133898
659 1.62903 -0.315511 -0.429614 -1.53936
660 1.36246 0.554345 1.06731 -0.640205
661 0.382115 -0.377791 -0.0128879 0.0558515
662 0.798747 0.325995 -0.694514 -0.222203
663 1.27195 1.13762 0.379965 -0.423446
664 0.640159 0.148645 0.434499 0.446003
665 1.43295 -1.34902 -0.47836 -0.0683475
666 0.978633 -0.303924 0.185674 0.911525
667 0.872675 0.00266921 0.384689 0.783306
668 2.25776 0.785425 -0.495925 -2.05783
669 0.428382 -0.0815006 0.269211 0.323101
670 1.78697 1.2463 0.146102 1.27227
671 1.01354 0.0158531 -0.753016 -0.678217
672 1.70858 -0.309229 1.6802 0.0234775
673 1.30111 -0.795628 -1.01944 -0.143495
674 2.7406 2.45207 0.307675 -1.18473
675 0.942629 -0.478683 0.18574 0.790514
676 2.75111 0.736355 -2.60763 -0.476068
677 1.99273 -1.64316 -0.496765 -1.01205
678 1.43437 0.574357 -0.920605 -0.938088
679 0.723169 -0.330343 -0.056447 -0.640828
680 2.42757 -1.32863 -0.535438 -1.95988
681 2.29752 -1.80006 1.36972 -0.402782
682 0.5207 0.454062 -0.206192 0.149803
683 1.43427 -1.15302 0.753711 -0.399513
684 0.821198 0.577649 0.452315 -0.368916
685 2.10938 -0.18866 -1.9141 0.866082
686 0.876555 0.474008 0.601652 0.42624
687 1.66939 -0.882082 -1.37993 0.323374
688 2.24894 -0.232635 -1.1638 -1.91029
689 1.23941 -0.769439 -0.363782 -0.900973
690 1.55736 0.163903 1.42923 0.596493
691 1.62716 0.108862 -0.587916 -1.51332
692 1.33571 0.134252 -1.12273 0.711051
693 1.23628 -0.144934 0.0433927 1.22699
694 1.07159 -0.734205 -0.730532 0.274903
695 1.16882 1.10915 -0.0569344 -0.364251
696 2.41038 0.51648 1.3799 1.90762
697 1.46152 1.03549 -0.808143 -0.640858
698 1.42935 0.616497 -1.17735 0.526115
699 1.28603 -0.134526 0.979741 0.822123
700 1.99366 1.17046 0.83363 1.38193
701 2.4918 0.952791 0.086672 2.30082
702 3.44825 -2.58503 1.80989 -1.3901
703 0.813309 -0.761263 -0.256322 0.127473
704 1.58233 0.961911 -1.24013 -0.201389
705 2.46706 -2.29312 0.808976 -0.416575
706 2.65555 -0.937283 -0.984471 -2.28129
707 2.81741 -1.55233 2.33653 0.26215
708 1.41828 -1.16845 -0.709888 -0.377234
709 1.78634 -0.197169 -1.25203 1.25879
710 2.21961 -1.67896 0.934627 -1.11095
711 1.0232 -0.892872 -0.48357 0.126021
712 2.66878 -2.12695 0.820413 -1.3876
713 0.897803 0.673787 -0.587292 -0.0845569
714 1.59495 1.507 -0.321835 -0.411403
715 0.670419 -0.43294 0.424073 0.286682
716 1.95128 1.58117 1.04089 -0.473191
717 2.18774 1.00405 0.851874 1.74711
718 0.329327 -0.203759 0.238222 0.100939
719 1.24058 0.736111 0.954971 -0.291908
720 2.7297 1.78827 -1.87939 -0.849246
721 1.89222 0.587872 -0.0786223 1.79687
722 0.919512 0.462375 0.692558 0.389967
723 1.60726 0.998961 0.730384 -1.02563
724 0.891763 0.185545 0.56963 0.660558
725 1.84076 1.0912 -1.37253 0.560229
726 1.5394 0.0791214 0.872442 -1.26583
727 2.73828 1.58005 1.31615 1.80814
728 1.57683 1.47387 -0.0478289 0.558418
729 0.761414 0.71205 -0.190616 -0.190793
730 1.76243 0.77321 1.49152 -0.532617
731 1.33185 0.759694 -1.09279 -0.0499732
732 1.56132 -0.624044 0.236984 -1.41143
733 2.41833 0.393352 -1.84635 1.51149
734 1.51671 -0.666286 0.684394 1.17817
735 0.496966 0.194438 0.457307 -0.00631794
736 0.528628 0.0794874 0.0492731 0.52029
737 3.64983 -0.644226 -2.68686 -2.38476
738 1.48704 -0.899251 0.747113 -0.91894
739 1.49035 1.48745 0.0195158 -0.0909237
740 0.848063 -0.670547 -0.515559 -0.0614457
741 1.344 1.24871 0.273013 0.415359
742 1.62169 -1.27183 -0.094977 -1.00165
743 2.03365 -0.617633 -1.76848 -0.791671
744 2.0311 1.16438 1.06163 -1.28161
745 1.71431 -0.300967 1.04736 1.32337
746 0.86197 0.562486 0.65314 0.00291776
747 2.54369 -1.84185 -1.75248 0.0824006
748 1.87008 -0.548725 0.407542 1.74069
749 1.87846 -1.59105 0.852899 -0.519357
750 1.00531 -0.416561 0.189169 -0.895171
751 1.8564 0.616872 1.59517 -0.721898
752 0.409973 0.238468 0.290868 -0.163116
753 2.02567 -0.829277 -1.60384 0.918333
754 1.29229 -0.484613 0.933969 0.75024
755 1.5829 -1.52875 -0.368825 -0.180165
756 1.10493 0.417631 -1.00474 0.192217
757 0.669296 0.131784 0.555263 0.349676
758 1.70306 0.252424 0.399562 1.63617
759 0.874745 -0.508259 0.710879 -0.038751
760 1.63042 -0.535023 -0.115432 1.5358
761 0.869842 0.864352 0.0575284 -0.0788119
762 1.27371 0.308374 -0.376763 1.17698
763 2.50468 2.01893 1.38207 -0.535931
764 1.5517 1.15422 -0.364566 -0.970895
765 1.36434 -0.928903 -0.314 -0.948669
766 1.28795 1.10128 0.104325 0.659626
767 1.73787 -1.43681 -0.0219644 0.977387
768 2.15861 1.95325 0.890178 -0.22805
769 1.67809 0.0685611 0.137048 -1.67107
770 0.946182 0.910611 -0.206276 -0.153293
771 1.79102 -0.521541 1.7056 0.163394
772 1.90029 0.426242 -1.48223 -1.11015
773 0.690669 -0.100197 0.242462 0.638902
774 0.794114 -0.032544 0.110414 -0.785727
775 1.31031 -1.159 -0.554921 0.256299
776 1.24973 0.942366 -0.631345 0.52458
777 2.1486 0.976546 -0.927033 1.67435
778 1.88488 1.35901 0.940608 -0.906166
779 3.33231 1.35521 1.42458 2.69041
780 0.829501 -0.11814 0.662011 0.485651
781 1.71043 1.11285 1.04631 -0.769668
782 1.16017 -0.183989 0.157459 -1.13462
783 3.30729 -0.169251 -1.44918 -2.96807
784 2.31958 0.413859 -1.90383 1.25882
785 1.72641 0.192792 -0.852343 1.4889
786 1.37085 1.2541 0.494419 -0.249012
787 0.538411 -0.445446 0.00635969 0.302364
788 0.993361 0.72799 -0.475886 -0.479927
789 0.678349 -0.355464 0.339297 0.467632
790 1.40003 -0.69098 -0.0653042 -1.21588
791 1.31988 -1.19078 0.448396 -0.350809
792 1.56357 -0.795564 1.23944 -0.525007
793 0.989864 -0.626401 0.619076 0.451882
794 1.31961 0.523356 -0.362429 1.1559
795 0.797755 -0.294539 -0.68944 0.272639
796 1.33205 -0.690731 1.13224 -0.123623
797 1.88133 -0.0675126 -0.724396 -1.73496
798 1.90829 -0.402542 1.45718 1.16453
799 1.71897 -0.749942 -1.29242 0.84976
800 2.07905 -0.880519 -1.83896 0.406638
801 2.17505 -1.14758 0.744979 1.69083
802 1.31543 1.17509 -0.283399 -0.518853
803 1.1289 -0.915459 0.613873 -0.243967
804 1.86619 0.726971 -1.34717 1.06738
805 1.9292 -1.89407 -0.357049 -0.0824469
806 2.46019 0.943203 1.49402 1.71196
807 0.716276 0.269025 0.0103053 -0.663755
808 1.94061 0.207009 0.126828 -1.92536
809 0.650723 0.317767 -0.56577 -0.0486762
810 1.15684 0.784882 0.0850261 -0.845579
811 1.47322 0.0786094 1.41715 -0.394808
812 1.1047 0.605522 -0.524596 0.760593
813 1.18247 1.06665 -0.355883 -0.365861
814 1.63528 -1.17049 0.815375 -0.799539
815 1.38736 -0.77817 -0.989627 0.582966
816 1.55139 0.747655 0.769794 1.12038
817 1.41698 0.610336 0.287804 1.24599
818 1.64913 -1.52496 -0.581924 0.235575
819 1.63763 -0.646363 -1.30305 0.752403
820 0.88693 -0.0165641 0.835711 0.296576
821 2.18513 1.86262 0.483036 -1.03542
822 0.566184 -0.202972 -0.526276 0.0489908
823 1.18483 0.771456 -0.127701 0.890147
824 1.44998 0.188579 -1.06925 -0.961042
825 0.977839 -0.495249 0.795071 0.280641
826 1.6886 1.60196 -0.434914 -0.30976
827 2.56297 1.96383 0.081529 1.64486
828 1.29708 -1.10955 0.161878 0.652006
829 2.28333 0.108342 0.533597 -2.21746
830 1.10863 -0.795873 -0.473374 0.609563
831 1.31538 -1.16438 -0.216938 0.572158
832 0.8421 -0.32869 0.172724 -0.755819
833 1.68109 0.913446 -1.04103 0.952859
834 0.988179 0.79315 -0.0109504 0.589314
835 0.941621 -0.285168 -0.650479 -0.618229
836 1.6023 -1.15691 -1.10114 0.12801
837 2.12535 1.3561 -0.213976 1.62245
838 2.04695 0.967526 -0.712526 -1.65716
839 1.19234 0.194748 0.743083 0.91191
840 1.17834 -1.05211 -0.353185 0.39597
841 2.147 1.30016 1.67807 0.321358
842 1.03528 -0.999078 0.200254 -0.183139
843 2.45038 1.35048 1.98643 0.484426
844 1.90868 1.15949 1.23982 0.872642
845 2.59479 -2.04633 1.0098 -1.23522
846 1.34932 1.18913 0.0524341 -0.635536
847 0.509744 -0.24873 -0.287665 -0.339442
848 3.07827 -1.46719 0.85378 2.56791
849 1.22548 -0.389704 0.320509 -1.11678
850 1.79765 -1.69276 -0.132932 0.590277
851 2.30102 -0.680218 -1.22854 -1.82282
852 1.71363 -0.311148 1.2082 -1.17472
853 1.51574 0.0735981 -1.39086 0.597959
854 2.04387 1.31785 1.071 1.13738
855 1.87501 1.04562 0.139681 1.55011
856 2.64368 1.57424 -1.18477 -1.7627
857 1.85194 0.838281 1.57572 0.494051
858 1.3006 0.539303 -1.00256 -0.628963
859 3.05156 2.36779 -1.9035 -0.286843
860 2.90886 2.00718 1.69578 1.24781
861 2.29351 0.674282 -2.06669 -0.730976
862 0.497828 0.11232 0.481325 -0.05952
863 2.83534 1.26978 -2.31075 -1.04272
864 1.92219 1.14236 -1.49757 0.383513
865 0.420038 0.387954 -0.0717321 0.144145
866 1.25871 1.24842 0.132404 0.090824
867 1.16911 0.162571 -0.0462446 -1.15683
868 1.07548 0.947988 -0.507905 -0.000594455
869 1.21579 -0.400216 1.08356 0.379308
870 1.21204 0.675381 -0.484985 -0.881873
871 1.13067 0.998827 -0.429658 -0.310079
872 3.18307 2.78285 -0.0212691 -1.54507
873 1.65479 0.709096 0.801888 1.26194
874 2.50109 2.38442 -0.682222 0.323382
875 1.70214 -0.957248 1.01552 -0.974513
876 1.21434 0.937293 0.7384 -0.225565
877 2.11064 1.957 0.77703 -0.145492
878 2.27499 -1.99037 0.734649 0.821158
879 1.15143 0.38348 1.019 0.374664
880 0.98999 -0.483265 -0.314629 -0.804701
881 1.27769 1.15814 -0.500315 0.202254
882 1.99273 -0.0916518 -0.19559 1.98099
883 1.78657 1.69979 0.546238 0.0646744
884 1.06495 0.513237 -0.411793 0.837343
885 2.00332 0.484258 -1.94216 0.0824103
886 0.954645 0.637611 0.693477 0.154561
887 0.995185 0.155677 -0.513068 -0.838403
888 1.28862 -1.24448 0.295178 -0.157093
889 2.79945 1.9973 -1.85927 -0.625143
890 1.33172 -0.558713 -0.18345 -1.19485
891 0.225564 0.0710014 0.172444 -0.126889
892 3.48749 1.08621 -3.00879 1.38921
893 1.31675 -0.915426 0.325556 -0.888733
894 1.74601 -0.512524 -0.0892954 -1.6667
895 1.53222 0.324099 -1.37128 -0.601883
896 1.34066 0.932668 0.732202 0.625604
897 2.31331 -0.655993 1.40584 -1.71601
898 1.9346 0.0613465 1.42901 1.30263
899 1.41313 -0.15884 -0.856418 1.11277
900 0.958769 -0.868039 0.0197398 -0.406642
901 1.00284 0.28685 -0.913255 -0.29896
902 1.93927 0.608583 1.01617 1.53551
903 2.66735 1.11796 2.13457 -1.1439
904 0.369265 0.109553 -0.344306 0.0762107
905 1.93774 0.788481 1.67898 0.560509
906 1.17616 0.529597 -0.690171 0.791538
907 1.32996 0.00156811 0.147203 -1.32179
908 1.697 1.65042 -0.357906 -0.16678
909 0.65486 0.125211 -0.637846 0.0794763
910 0.919705 0.662444 0.459107 0.442996
911 0.570675 -0.485781 0.215207 -0.208262
912 0.734582 -0.315762 -0.644733 -0.15564
913 3.40108 1.67577 1.02178 2.77761
914 0.890823 0.0548115 0.686897 -0.564565
915 1.98167 1.80791 -0.647522 -0.489085
916 0.870187 -0.407196 0.769001 0.00738469
917 1.7513 -0.742952 1.13737 -1.10519
918 3.11718 -0.885334 -2.81109 1.01525
919 1.26071 -0.94744 -0.641148 -0.529799
920 0.706986 0.160728 0.457236 -0.514715
921 2.61953 -0.984388 -1.85429 1.56668
922 1.39965 -0.795571 0.299843 1.11183
923 1.19792 -0.604582 0.215648 1.01143
924 0.430968 -0.092183 -0.0246856 -0.420269
925 1.08471 -0.138528 0.726033 0.7939
926 0.733731 -0.45762 -0.031331 -0.572682
927 1.19758 -0.344808 0.270018 -1.11462
928 2.86429 -0.235856 2.61923 1.13495
929 0.956306 0.92925 0.0543831 -0.219219
930 1.46375 1.17004 0.359319 -0.802786
931 1.38134 0.169061 1.30485 0.420588
932 0.502752 -0.122812 0.38503 -0.299047
933 0.540278 -0.389764 -0.358306 -0.107711
934 2.58802 -2.43867 -0.709879 -0.496797
935 0.423509 -0.388932 -0.0548868 0.158365
936 2.12152 -1.72344 1.05473 -0.646643
937 0.488935 0.0111031 -0.164129 -0.46043
938 2.45062 -0.520862 1.12574 -2.11351
939 1.54793 0.866737 1.06911 -0.708413
940 1.28134 -0.0218023 1.09572 0.663894
941 0.894082 0.12956 -0.686061 -0.558494
942 3.07515 -1.09881 1.67092 -2.33606
943 1.16794 -0.868347 0.39458 -0.674071
944 0.459755 -0.195704 -0.1478 -0.388883
945 1.80397 -1.41398 -0.625786 0.929173
946 1.51996 -0.946522 1.18686 0.0757104
947 0.153771 -0.148021 0.00236031 0.0415886
948 0.764335 0.452511 0.107911 -0.606463
949 1.01908 0.0778609 -0.21504 -0.993089
950 1.75366 0.600321 1.22007 -1.10742
951 0.659974 0.285297 -0.115848 -0.583739
952 2.30618 -0.218433 -0.394423 2.26168
953 2.22453 1.58646 -0.497172 1.478
954 1.66402 0.473145 -1.17208 -1.08227
955 2.85664 -0.680156 2.64563 0.835705
956 1.94509 1.11951 1.58453 -0.139082
957 0.895923 0.459939 0.746219 -0.185177
958 1.13863 -0.685811 -0.106279 -0.902684
959 2.3718 -0.312582 -0.124878 2.34779
960 1.18373 -0.711741 0.834795 -0.444711
961 1.03556 0.27984 -0.139776 0.987188
962 1.41856 -0.00348879 -1.19833 0.759139
963 1.32685 0.70719 0.834912 -0.750556
964 0.340979 -0.143069 -0.0839977 -0.297897
965 1.74156 0.921997 0.104459 -1.47379
966 1.21754 -0.351297 -0.862062 0.784757
967 1.37348 -1.08166 0.696036 0.481671
968 0.881815 0.588737 0.656015 -0.0251171
969 2.59703 -0.703044 -0.178775 2.49366
970 2.29766 0.161831 2.21387 -0.593179
971 0.928937 0.5123 0.389697 -0.669782
972 1.13268 -0.579201 0.0138474 0.973297
973 0.560881 0.548476 0.091394 0.073539
974 0.691585 -0.391115 -0.401491 -0.405122
975 1.2948 -0.0872997 0.259239 -1.26558
976 1.61582 -0.604864 -0.965244 1.14601
977 2.26638 1.38359 1.72559 -0.494468
978 1.90603 1.16021 -0.738333 1.31974
979 1.91014 0.98031 -1.58237 -0.42864
980 2.04957 -1.91988 -0.107999 -0.709305
981 2.46817 -2.08257 -0.00372235 -1.32468
982 1.29576 -0.119554 -1.10944 -0.658665
983 0.952194 -0.233052 -0.566332 0.729128
984 1.21319 1.0881 -0.202579 0.49682
985 0.581083 0.43297 -0.166256 0.350077
986 1.22996 -0.336033 -0.492076 1.07598
987 1.26865 -0.203104 1.08663 0.622454
988 1.18609 0.275867 -0.150356 1.14372
989 2.49381 1.74083 1.48032 -0.998624
990 2.71881 -2.56963 -0.816675 0.349252
991 1.91303 0.33703 1.87528 0.171561
992 1.48245 0.653773 -1.32368 -0.134664
993 1.43546 1.03133 0.914035 0.401793
994 1.04296 0.994134 -0.309811 0.0590124
995 1.33046 0.223375 1.3025 0.153977
996 1.90226 1.44717 1.23409 0.0363119
997 1.02656 -1.0256 0.00702943 0.0438521
998 0.62562 0.444398 0.289163 0.332108
999 1.8339 1.53726 0.905495 0.424369
1000 0.704075 0.159855 0.663027 0.174822
1001 1.70362 -0.810695 0.567701 -1.38665
1002 0.72818 0.441208 0.248472 -0.5233
1003 1.14778 0.34975 0.702394 -0.837679
1004 2.01701 -1.04684 1.11326 -1.31647
1005 0.757194 -0.333657 -0.460326 -0.500115
1006 2.55459 -2.04782 0.133302 -1.52139
1007 2.79367 1.87468 1.26461 -1.64039
1008 1.01019 -0.471485 -0.297871 0.842291
1009 1.85054 1.76741 0.545466 0.0568322
1010 1.15871 -0.172868 0.768425 0.849848
1011 1.71905 -0.0749847 -1.31605 -1.10342
1012 1.39514 -0.123552 0.797018 -1.13838
1013 1.5735 -0.719361 -0.170859 1.38896
1014 0.826724 -0.701734 0.0800317 -0.429693
1015 1.45025 0.113335 -0.24363 -1.42514
1016 1.63219 1.37213 -0.845433 0.257952
1017 2.17377 1.6083 -1.02455 1.04354
1018 2.87073 1.35417 -1.403 -2.10687
1019 3.10207 2.93682 0.0229415 0.998695
1020 1.56812 0.7563 -0.525151 -1.26934
1021 2.85928 -1.22784 -0.571803 -2.51812
1022 0.854553 -0.0995493 0.539769 -0.654981
1023 1.69843 -0.128756 -0.903676 -1.43229
1024 1.39843 -0.27028 1.06896 0.860174
1025 1.49557 0.904417 -1.00664 -0.636734
1026 0.657694 -0.244907 -0.360316 -0.492701
1027 2.67365 0.349887 2.62807 0.345293
1028 1.75845 -1.26417 0.697177 1.00397
1029 2.0796 -1.364 -1.05006 1.16689
1030 1.99327 0.708017 1.20498 1.42121
1031 1.41307 1.02541 0.660895 0.7131
1032 2.33073 0.509365 2.27417 0.0318491
1033 1.93319 -0.40468 0.102746 1.88756
1034 1.97291 -0.536102 -1.88753 -0.205365
1035 2.77812 2.19221 -1.70305 0.108414
1036 1.07299 -0.531809 -0.590606 -0.720885
1037 1.0469 -0.730917 -0.745323 0.0790485
1038 0.948854 -0.648532 0.377308 -0.580835
1039 0.343707 0.296364 0.138234 0.105802
1040 1.50569 -1.457 -0.127957 -0.357612
1041 1.97859 1.36871 0.485009 1.34396
1042 1.86007 -0.387643 -0.140248 -1.81381
1043 1.62786 0.900221 0.625315 -1.20354
1044 1.8778 -1.68878 0.820406 -0.0328635
1045 1.51944 0.260467 0.692014 -1.3274
1046 3.9846 3.96074 -0.365579 -0.236456
1047 1.54563 0.570656 1.37922 -0.401329
1048 1.1469 -0.394033 0.536503 0.933961
1049 1.56937 0.0594164 1.11549 1.1023
1050 1.57327 0.649032 1.36372 0.440684
1051 0.984319 0.17387 0.589475 -0.768877
1052 1.48974 -0.102997 0.381965 1.43626
1053 1.10428 0.838303 0.703568 0.147203
1054 2.00615 -1.87887 0.356372 -0.606197
1055 1.23902 -0.216421 1.07219 -0.582012
1056 2.83169 -1.99473 0.843545 -1.82426
1057 2.49578 0.674602 2.01963 -1.30189
1058 1.38318 -0.917468 1.03467 0.0296796
1059 1.75711 -0.822442 -0.879462 -1.27968
1060 1.18856 0.863819 0.508999 -0.63829
1061 2.32265 0.243008 -2.21812 0.644688
1062 1.03533 0.517465 0.689051 -0.573883
1063 1.06514 1.02707 -0.282 -0.0117642
1064 1.91569 1.82531 0.18081 0.552649
1065 2.01406 0.752792 1.78462 -0.55216
1066 2.57454 -2.53548 -0.134039 0.426127
1067 1.60697 -1.30672 -0.702076 0.618001
1068 1.02695 0.594442 0.832329 0.0921687
1069 1.25071 0.347392 0.906922 0.788088
1070 1.48382 -0.705865 -0.584108 1.16717
1071 1.66515 1.49606 0.0469483 -0.729604
1072 2.27322 -0.859786 -0.0535915 2.10367
1073 1.91195 -1.09634 1.54788 -0.240091
1074 1.19477 1.1486 0.257249 0.204939
1075 1.90284 1.22729 -1.38877 0.431137
1076 1.36792 -1.25559 -0.515694 -0.169655
1077 1.80292 0.078975 0.540704 -1.71811
1078 2.60333 0.999445 0.292383 -2.38599
1079 1.05782 -0.396618 0.603357 -0.773063
1080 1.03018 -0.607186 0.00964742 0.832166
1081 0.968335 -0.909472 -0.0834805 -0.321814
1082 1.75514 0.0672074 -1.58663 0.747409
1083 3.30494 -0.452542 1.85189 -2.6997
1084 0.617039 0.423767 0.0966121 0.437978
1085 2.15799 1.52043 0.884827 1.24992
1086 1.53988 1.18992 -0.68852 -0.693728
1087 1.31755 -0.758 0.360623 -1.01554
1088 1.68498 1.09947 0.985184 0.812245
1089 1.99686 -1.20076 -1.34444 0.859117
1090 2.74416 1.08109 1.60078 -1.94914
1091 0.852116 0.58151 0.608407 0.133379
1092 1.25393 -0.561855 -0.634694 -0.924023
1093 0.476986 -0.35983 -0.0312698 -0.311544
1094 2.50367 -0.353442 1.9581 1.51964
1095 1.37851 -0.430724 1.29039 -0.222872
1096 2.20348 0.643226 -2.09213 0.254101
1097 0.904261 0.848369 0.305366 -0.0686215
1098 1.02344 -0.197112 -0.416986 -0.913621
1099 2.26292 0.7523 0.818252 1.97112
1100 2.10573 -1.94235 -0.194308 0.789692
1101 0.839105 0.559673 0.216801 0.586396
1102 1.66883 0.709817 -0.464917 1.43701
1103 0.65529 -0.428585 0.0334805 -0.494569
1104 1.95693 1.80006 0.460243 -0.614431
1105 1.00887 -0.590767 -0.0326043 -0.817159
1106 1.12809 0.588833 0.950391 0.150392
1107 1.14263 0.580633 0.0284192 0.9837
1108 2.19363 -0.187978 2.18093 0.142203
1109 1.79325 -0.813936 0.606579 -1.47828
1110 1.52959 -0.374314 -0.564983 1.37125
1111 2.08751 1.77967 -1.08505 0.114723
1112 1.0297 -0.511699 -0.889936 -0.0804375
1113 1.11052 -0.586395 0.177283 -0.926265
1114 1.87292 0.674944 1.13791 1.32568
1115 0.509748 0.485654 -0.068633 -0.138826
1116 1.63355 -0.845909 1.06063 0.909947
1117 1.23845 -0.145228 -1.05258 0.636195
1118 1.78837 -0.287413 1.76336 -0.0789294
1119 1.83251 1.67502 -0.13189 0.731437
1120 2.39534 -1.65509 -1.55555 -0.760649
1121 0.831123 -0.525474 -0.64363 -0.0195608
1122 1.56754 -0.79925 -1.34205 -0.131484
1123 1.37 -0.540015 -0.866438 0.913546
1124 2.75761 2.60068 -0.911977 -0.0958139
1125 1.91515 -0.278488 -0.48169 -1.83254
1126 3.11042 -0.878517 -2.19208 -2.02427
1127 2.66841 -2.19402 1.51876 -0.00717692
1128 0.724315 -0.585706 -0.391321 -0.168665
1129 1.95824 1.42242 -0.902532 0.998434
1130 1.02389 -0.617917 0.758646 -0.301637
1131 1.65694 -0.314122 0.36031 -1.58649
1132 0.74285 0.246455 0.53861 -0.448314
1133 1.78152 -0.255593 -1.06621 -1.40417
1134 2.16784 -0.997953 1.46061 1.25309
1135 2.39862 1.85629 -1.25331 0.858372
1136 1.94931 -1.15752 1.49823 0.463952
1137 1.06519 0.620136 0.835394 -0.228418
1138 2.5281 0.226599 -1.00926 -2.30681
1139 1.11937 0.646803 -0.903943 0.132366
1140 1.04079 0.118161 0.890864 -0.525012
1141 1.85273 1.28376 -1.28718 0.357402
1142 2.9593 -0.320695 -1.75954 -2.35767
1143 1.39944 1.3182 0.464961 -0.0675852
1144 1.97105 1.84828 0.573579 -0.374045
1145 2.05793 1.82759 -0.912483 -0.24969
1146 1.48545 0.223619 -0.266815 -1.44408
1147 2.0119 1.98652 -0.00766952 0.318492
1148 2.99005 1.13117 -0.739673 2.66716
1149 2.82032 2.61015 -0.216393 1.04617
1150 0.921566 0.818632 -0.285964 -0.31201
1151 0.853951 0.165165 0.621642 -0.561706
1152 3.27098 -1.84374 -0.997231 -2.51107
1153 0.698675 0.246622 0.160351 0.633728
1154 0.643588 0.217789 -0.267346 -0.543414
1155 2.32896 1.99625 -0.184438 1.18534
1156 2.36927 -2.09789 0.441593 -1.00861
1157 0.849241 -0.775694 0.21725 -0.268909
1158 0.978327 -0.900234 0.351156 0.152941
1159 1.22671 -0.974694 0.675108 -0.314657
1160 2.34968 0.233905 -2.00356 -1.20499
1161 1.3008 0.267071 1.18065 -0.476254
1162 1.17921 -1.12489 -0.0600525 0.348642
1163 1.262 0.466424 -0.82181 0.836497
1164 2.13204 -1.22847 0.0487635 -1.74186
1165 1.29903 -0.1415 -0.553493 1.16666
1166 1.22895 -0.579368 -0.774372 0.758286
1167 1.97257 -1.8155 0.673586 0.37584
1168 0.694508 0.249617 -0.0400563 -0.64686
1169 1.35366 1.2503 -0.120255 -0.50466
1170 2.31764 -0.522837 -1.3684 1.79599
1171 1.75139 -0.861067 -1.49027 -0.324094
1172 1.36272 -0.826914 0.312541 1.03708
1173 1.03301 -0.0539401 0.883575 0.532439
1174 2.2633 -1.30604 -1.53007 1.03715
1175 1.13495 0.676453 -0.83923 -0.355255
1176 1.08549 -0.701138 0.171511 -0.810724
1177 2.26219 2.12433 0.48793 0.605525
1178 2.90374 -1.96969 -2.04551 -0.606557
1179 1.42403 -1.23498 -0.403507 0.582982
1180 2.10716 0.419153 0.295427 -2.04381
1181 0.837045 0.694588 0.165679 -0.43674
1182 0.73402 -0.220271 -0.54333 0.441654
1183 3.5749 1.3531 2.39267 -2.28564
1184 1.15819 0.327713 -1.11036 -0.0335347
1185 1.21014 -0.0417955 -0.547392 -1.07845
1186 3.38085 -1.42158 2.92648 0.919231
1187 0.83608 0.461549 0.425013 -0.552599
1188 2.03751 -1.09631 -1.40404 -0.989052
1189 1.92714 -0.777217 -0.645074 1.64124
1190 1.79977 0.869386 1.38003 -0.760821
1191 1.96473 -0.513164 1.41959 -1.25762
1192 0.969385 0.784581 0.466729 0.326041
1193 1.7653 -0.50204 -0.174942 -1.68334
1194 0.927718 -0.680003 -0.0999073 0.623117
1195 1.26441 1.18976 -0.390738 -0.174733
1196 1.18385 -0.795888 0.57303 0.663105
1197 3.90177 -2.04529 -3.06548 -1.28195
1198 1.34942 -1.23145 -0.495142 0.243539
1199 1.54441 -1.07271 -0.302558 1.06909
1200 3.15373 1.79716 -0.0651093 2.59075
1201 0.879969 -0.721279 0.362339 0.350446
1202 1.53242 1.39831 -0.584135 -0.227672
1203 0.9526 -0.573146 0.131486 0.749442
1204 2.96999 -0.249328 -2.78276 1.00743
1205 0.954736 0.919582 -0.146886 -0.210506
1206 1.69355 0.22238 0.836181 -1.45584
1207 1.09774 0.0414398 0.982378 0.488098
1208 2.51792 -2.20129 -1.01226 -0.685249
1209 1.0152 0.261372 -0.933283 0.302153
1210 1.17358 0.400715 -0.896567 -0.642557
1211 0.718645 0.398615 0.051863 0.595707
1212 2.07566 0.278531 -1.72378 1.12223
1213 1.87216 1.04731 1.55134 0.0387321
1214 1.21943 -0.0516853 0.610699 -1.05423
1215 1.7807 1.67555 -0.301898 -0.52183
1216 1.60393 -1.03682 -1.12034 0.492349
1217 0.519752 0.456328 0.102517 -0.226709
1218 2.18563 -1.01555 0.634191 -1.82851
1219 0.945482 0.707018 -0.446928 0.440813
1220 1.94862 -0.922752 1.42673 0.953984
1221 3.36335 0.873047 2.41312 2.17412
1222 1.51296 -0.521439 -0.0829532 -1.41784
1223 1.10061 -0.817084 -0.518002 0.524777
1224 2.70104 1.39698 0.780034 -2.17615
1225 1.14251 -0.277546 0.283973 -1.07129
1226 0.673803 0.256409 -0.60587 0.145556
1227 1.7345 0.372949 0.529305 -1.60911
1228 1.5466 0.378034 1.03739 -1.08299
1229 2.87389 2.02746 -0.93873 -1.80759
1230 1.26157 0.207113 1.07347 -0.629546
1231 1.69156 -0.205457 1.67841 -0.0460448
1232 0.576629 -0.366309 -0.088282 -0.436492
1233 0.779829 -0.71616 0.257068 -0.170775
1234 3.14967 0.116914 3.05844 -0.743431
1235 1.30364 -1.26091 -0.323054 -0.072199
1236 0.796476 -0.151827 0.62707 -0.467018
1237 0.76229 0.396523 0.0378544 -0.649941
1238 2.28992 -1.44168 -0.597619 -1.67576
1239 1.71083 -0.95907 1.11837 0.869695
1240 0.740436 -0.427626 -0.44394 0.410242
1241 0.979339 0.591397 -0.756581 0.192199
1242 1.32701 -0.710257 1.03336 -0.434337
1243 1.32762 -0.188594 -1.03174 -0.813957
1244 0.477337 0.0481752 0.474316 -0.0235478
1245 0.965627 -0.215092 -0.905508 -0.257345
1246 2.59677 -0.950022 0.19566 2.40881
1247 0.778969 0.657454 0.407526 0.0920262
1248 2.07566 -0.403649 0.0753383 -2.03464
1249 1.58294 1.4023 0.557249 0.478258
1250 1.31214 -0.782029 -0.988867 -0.363724
1251 2.0386 1.11552 1.70603 -0.0309232
1252 1.64717 0.236569 1.60951 0.258192
1253 2.63524 2.44586 -0.919041 0.342947
1254 1.36472 0.84212 -0.214984 1.05218
1255 1.31369 0.889887 0.0761463 0.963377
1256 2.38219 0.461067 -0.0597957 2.33637
1257 0.888609 -0.28654 0.711828 -0.448131
1258 1.24638 0.702685 -0.357737 -0.965263
1259 1.60506 -0.900525 0.603578 -1.18362
1260 2.2372 0.964171 -0.890443 1.81178
1261 2.69513 -0.27857 0.869333 2.53582
1262 1.77956 -1.29819 -0.471983 1.12194
1263 1.90893 0.676377 1.77775 0.161615
1264 1.16602 -0.213133 0.452572 -1.05326
1265 1.4549 1.04805 0.116297 1.0024
1266 1.31743 0.231904 -0.795012 -1.02459
1267 1.24696 -0.185657 1.23106 0.0702058
1268 1.98684 -1.94812 0.227961 0.316843
1269 1.53918 -0.417237 1.21902 -0.842016
1270 2.68925 2.4975 -0.977888 -0.195733
1271 2.94866 -0.0990304 2.38029 1.73753
1272 1.12454 0.334688 -0.31431 1.02654
1273 2.22641 0.423185 2.18172 -0.133793
1274 1.93044 -0.856187 1.00131 1.411
1275 1.46334 -1.04083 -0.304285 -0.982576
1276 2.2649 -0.705157 -1.93578 -0.940913
1277 1.08922 0.983649 -0.46754 0.0152035
1278 1.14292 -0.115613 1.03148 -0.478479
1279 0.984122 -0.636571 -0.292169 -0.69131
1280 2.38647 -2.13244 1.0254 -0.310647
1281 1.32343 -0.52461 0.874293 0.843725
1282 2.15262 -1.22545 1.72357 0.401693
1283 0.603624 -0.345359 -0.465806 -0.167674
1284 1.73874 -1.18221 0.371352 1.21971
1285 1.07675 -1.00212 -0.375507 -0.118985
1286 2.21274 -1.3973 0.0771592 -1.714
1287 2.31551 -2.25577 0.38702 0.351132
1288 2.29009 -0.566478 1.15096 -1.89708
1289 0.0691148 -0.0376784 -0.0312556 0.0487881
1290 1.57441 -0.592004 -1.42068 0.331633
1291 0.874635 -0.0859285 -0.605378 -0.625395
1292 1.85202 1.50061 -0.588434 -0.912083
1293 1.79187 -0.375343 -0.843513 -1.53571
1294 1.77577 -0.904315 0.676486 1.37038
1295 1.02621 0.481577 0.62341 -0.657692
1296 0.225856 0.155792 -0.0390779 -0.158784
1297 1.15188 0.165165 -0.544526 1.00152
1298 0.794014 -0.00165024 0.772849 0.182096
1299 2.17698 -0.918367 1.2231 -1.54915
1300 2.49251 1.42271 0.331102 2.01962
1301 3.58529 0.471386 2.88003 2.08267
1302 0.401209 -0.346261 0.0179151 0.201869
1303 1.53985 1.33214 -0.471072 -0.612088
1304 0.960783 0.36292 0.88838 -0.0466141
1305 1.78952 0.231238 -0.976244 1.48185
1306 0.583437 0.057664 -0.143066 0.562678
1307 0.892343 -0.267079 0.0132824 0.851334
1308 1.45054 1.378 0.449799 0.0535728
1309 1.53803 -0.0570586 0.177036 1.52674
1310 1.61443 1.25632 0.993559 -0.202208
1311 1.89992 0.573069 -0.301571 -1.78615
1312 1.40708 1.30788 -0.342078 -0.390258
1313 2.06394 -0.52314 0.651229 1.88734
1314 1.74148 0.630191 -0.73073 -1.4497
1315 0.636426 -0.434447 0.41551 0.208915
1316 3.94175 1.254 -3.62912 0.891291
1317 1.6695 -0.386078 0.521387 -1.53829
1318 0.878929 0.853327 -0.209715 0.0192296
1319 0.91603 -0.241911 0.378071 0.798532
1320 0.838765 -0.80949 0.160075 0.150424
1321 1.23624 -0.927604 -0.783588 -0.231998
1322 0.923794 0.284483 0.554714 0.681732
1323 1.59728 0.617983 -1.47283 -0.0130734
1324 2.56944 0.687375 0.014168 2.47575
1325 1.37201 -1.34123 -0.176145 -0.229076
1326 1.65496 -0.565366 0.258596 -1.53375
1327 2.01353 -0.350203 -0.489355 -1.92151
1328 1.69193 0.264621 0.208021 1.65811
1329 1.80723 -1.06241 -0.828687 -1.20443
1330 1.55826 0.0377819 -1.33345 -0.805393
1331 2.05548 -0.118632 1.81291 -0.961388
1332 2.02148 -1.46512 0.108245 1.38855
1333 1.67045 0.244089 1.01325 1.30543
1334 0.763735 0.305563 0.572082 0.403292
1335 2.21848 -1.15243 -1.72164 -0.793421
1336 1.93961 -1.14835 0.341109 -1.52546
1337 1.13468 0.918982 0.445453 -0.494517
1338 1.75849 0.821544 1.08883 -1.10986
1339 1.79511 0.676494 0.150098 1.65597
1340 0.582069 -0.382488 -0.0567377 -0.435073
1341 2.38896 0.449411 0.550443 -2.28082
1342 1.98648 -1.2727 1.51983 0.128278
1343 1.75857 -0.16317 -0.902953 -1.50021
1344 1.25178 -0.996518 -0.0903836 -0.752151
1345 2.58705 -0.442491 2.08657 1.46398
1346 0.95635 0.77416 0.472444 -0.303442
1347 2.24767 -1.34332 -0.092338 -1.79971
1348 2.74365 -0.98002 -0.892301 2.40228
1349 3.10478 -2.29824 -1.37012 -1.57496
1350 0.711956 0.0761853 0.0563044 0.705625
1351 2.02142 -0.771061 -1.8522 -0.246954
1352 1.57005 0.682437 -0.990281 1.00929
1353 1.17901 0.87159 -0.784935 0.119491
1354 1.54347 1.15625 -0.221891 0.998077
1355 2.71715 2.14278 -1.65396 -0.236239
1356 1.01923 -0.407214 0.0185471 -0.934168
1357 0.929551 0.301524 0.530841 -0.700968
1358 0.653234 0.261353 -0.4661 -0.375712
1359 1.8419 -1.77404 0.479624 0.12385
1360 2.24071 -1.72589 -0.766907 -1.20578
1361 1.10188 0.528996 -0.9653 -0.0498802
1362 2.20948 1.56807 1.34364 0.785855
1363 2.57741 1.81048 1.69588 0.699429
1364 0.336687 -0.00920598 0.105745 -0.319518
1365 1.57273 0.0693664 1.52363 0.383689
1366 1.34787 0.461361 0.803181 -0.979189
1367 2.01871 1.18628 0.135167 -1.62778
1368 0.405824 -0.0936904 0.0652755 0.389428
1369 2.16365 -0.000427003 -0.423736 -2.12175
1370 0.314589 -0.0273353 0.246148 0.193984
1371 1.61449 0.857446 0.0472407 1.36716
1372 0.888156 -0.0174537 -0.882178 -0.101386
1373 0.607854 -0.10497 -0.514249 0.306621
1374 2.4016 1.6578 1.32932 1.11906
1375 0.796663 0.226813 0.709807 -0.281784
1376 1.09955 -0.0579525 -0.919326 0.600402
1377 1.64443 -1.15397 0.26341 -1.14154
1378 1.32036 -0.782233 -0.73691 0.767091
1379 1.46481 -0.0556903 -1.16697 0.883612
1380 3.9347 3.32125 -1.99235 -0.694053
1381 0.956155 -0.784099 0.547105 0.00988514
1382 2.27036 0.526067 -1.79345 -1.28891
1383 2.18184 -0.811934 -2.02148 -0.121662
1384 1.79619 -0.283936 1.14749 -1.35238
1385 1.75684 -1.14638 -0.71011 -1.12608
1386 2.48502 -0.945139 1.12529 -2.00393
1387 1.20421 -0.0856162 1.18164 -0.215658
1388 2.8256 0.804521 -2.55868 -0.888758
1389 2.51209 1.38008 -0.73577 1.96586
1390 1.95344 -0.16325 1.29414 -1.45412
1391 1.18981 0.572748 -0.997773 -0.303394
1392 1.29918 -0.658036 0.641873 0.918067
1393 1.68076 0.827209 -0.97834 -1.08791
1394 1.6732 -0.136478 -0.591325 1.55927
1395 1.02162 -0.987867 -0.211553 0.151913
1396 2.33165 -0.754224 0.945212 1.99356
1397 2.23773 -1.53169 -0.94857 1.32725
1398 1.84294 -1.78603 -0.334568 0.307537
1399 2.82018 -0.596236 -2.70971 -0.505344
1400 3.05617 -0.571949 2.2192 -2.02193
1401 2.3526 -0.260957 2.3216 -0.277199
1402 0.569252 -0.521206 0.172824 0.150079
1403 2.16341 -0.0693756 -0.963839 1.9356
1404 1.11578 0.217267 -0.818671 -0.726324
1405 2.11769 -1.38514 0.471378 1.53096
1406 2.48001 -1.04792 -2.22511 0.318127
1407 0.738146 -0.499921 0.0717264 -0.538326
1408 1.57247 0.916084 0.372123 1.2227
1409 1.64053 -1.23696 0.217587 -1.05542
1410 0.833978 -0.371288 0.0107456 -0.746692
1411 2.00144 -1.08638 -1.23808 -1.13696
1412 2.74537 -1.62939 -2.19068 -0.288203
1413 1.12756 1.08342 0.038146 -0.310056
1414 0.827347 -0.736864 0.347634 0.143822
1415 2.36824 1.55243 0.421897 -1.73796
1416 2.93058 1.00198 1.91479 1.97937
1417 1.29484 0.5734 -0.781329 -0.858692
1418 1.29755 -0.0614494 -1.00334 0.820472
1419 1.56268 1.45592 0.123327 0.554147
1420 0.539107 -0.334289 -0.422943 0.00265497
1421 0.482574 -0.395459 -0.0747357 -0.266279
1422 0.869339 0.33965 0.579431 0.551949
1423 0.719525 -0.261469 0.386663 -0.547577
1424 2.38161 1.37403 -0.855489 1.74707
1425 0.626712 0.233709 -0.461336 0.354002
1426 1.90807 -1.10433 0.842815 1.30799
1427 1.57519 0.401634 -1.47981 -0.360651
1428 1.72559 0.800534 0.882289 1.24835
1429 1.60638 0.514417 -0.518072 1.43088
1430 0.936665 -0.363045 0.775952 -0.378733
1431 2.58055 1.76014 0.975659 1.61531
1432 1.0444 -1.04322 -0.0275633 -0.0413563
1433 3.02454 -0.372187 -2.87252 -0.870596
1434 1.86346 1.12666 0.733987 -1.29011
1435 0.835133 0.572674 0.568464 -0.215267
1436 3.05208 -1.4566 -2.6754 -0.188882
1437 1.50358 -0.81808 -1.17553 -0.457852
1438 0.889812 0.25404 -0.852461 -0.0232418
1439 1.49341 0.539712 -0.96876 1.00024
1440 1.18204 0.722524 0.000872685 0.935511
1441 1.23238 -1.15156 -0.18836 0.39647
1442 0.762405 0.102605 -0.62525 -0.424024
1443 0.946155 0.0573922 -0.943826 0.033277
1444 0.891468 0.765054 -0.0408391 -0.455786
1445 1.10922 0.0269508 1.08967 0.205581
1446 1.29822 1.0927 0.653378 0.253915
1447 1.72069 0.418031 -1.6253 0.380049
1448 2.68976 -1.57771 2.06557 0.692121
1449 2.56795 -1.9023 1.42218 -0.976209
1450 2.46699 -2.16563 -1.15923 -0.228679
1451 1.10101 -0.536111 0.708401 -0.650358
1452 2.36645 2.27314 -0.54329 0.371149
1453 2.24517 1.95109 1.03105 -0.413511
1454 1.32228 1.22334 -0.285997 -0.412389
1455 1.06012 0.874887 -0.433451 0.41298
1456 1.22529 -0.670352 -0.72808 0.722409
1457 1.17694 -1.00766 0.608086 0.00725095
1458 0.359228 0.0389976 -0.33441 -0.125273
1459 1.90286 1.03258 1.02069 1.22997
1460 0.295388 0.230938 -0.171296 0.0676687
1461 1.03476 -0.711561 -0.701139 -0.269827
1462 1.2182 0.69352 0.794657 0.609556
1463 0.94317 -0.387018 0.76049 0.401797
1464 1.72189 0.588467 -1.12622 -1.16199
1465 1.88166 1.86685 0.235097 -0.0158419
1466 2.31781 1.82503 -1.4194 -0.163804
1467 1.7239 -0.0516082 -1.65334 -0.485426
1468 1.2365 -0.48814 -0.896858 -0.697348
1469 0.524947 -0.354869 -0.0963059 0.37465
1470 2.71841 2.42089 1.20723 -0.267645
1471 1.35855 -0.269916 1.2868 0.341992
1472 1.57789 0.290408 -0.147842 1.54388
1473 1.20313 -0.15697 -1.02353 -0.612588
1474 0.634503 -0.535708 0.255259 -0.224622
1475 1.46182 1.11735 -0.413296 0.847122
1476 2.11414 -1.49504 -1.45804 0.329445
1477 1.46836 0.18254 0.808961 1.21175
1478 1.01112 0.507115 0.616047 0.621043
1479 1.54047 0.0914982 -1.24116 -0.907855
1480 2.21084 1.11237 0.793152 1.73821
1481 1.97308 1.36089 0.0412857 1.42806
1482 1.617 -0.85048 1.11514 -0.80489
1483 1.73967 -1.29536 0.766634 0.872208
1484 1.12562 0.893355 -0.251647 0.636881
1485 2.33772 -0.90096 -1.01064 1.90573
1486 1.64865 1.20361 0.961365 0.587489
1487 0.934411 0.662708 0.159172 -0.639222
1488 1.80471 -1.20104 1.3342 0.185426
1489 1.35566 -1.10026 -0.543256 -0.576292
1490 1.32778 -0.167979 -0.344141 -1.27136
1491 1.74531 -0.398559 -1.68827 0.192375
1492 1.42545 0.511177 0.744005 -1.1032
1493 1.17888 0.71796 0.5686 0.742282
1494 2.35016 -2.29861 -0.464765 0.15373
1495 2.05095 -0.153247 -0.958622 1.80664
1496 3.63423 -1.47171 0.77488 3.2313
1497 1.09101 -0.916448 0.371471 0.460895
1498 2.86191 -0.152109 1.86926 2.16177
1499 0.705498 0.624 0.25936 -0.202692
1500 2.24178 -1.28955 -1.19481 1.39107
1501 2.69969 -0.0882732 0.4323 2.66339
1502 1.11568 0.838496 0.279703 0.680762
1503 2.18183 1.07253 -0.536037 -1.82284
1504 1.91447 0.596976 0.124734 1.81474
1505 1.35618 0.454511 0.885742 -0.920931
1506 3.64077 2.64971 2.43932 0.53288
1507 2.78075 -1.19953 1.87546 -1.66624
1508 1.48389 1.019 1.0231 0.34183
1509 2.31095 -0.0417781 2.31054 0.0118724
1510 1.7059 -0.292858 -1.05312 -1.30967
1511 2.48579 -2.27659 0.259731 -0.963766
1512 0.675817 -0.440899 0.377792 -0.345846
1513 1.77808 -0.318195 0.121907 1.74512
1514 1.98457 0.422253 -0.244228 -1.92368
1515 0.908687 -0.899192 -0.130892 -0.00582945
1516 3.85038 3.82295 0.308307 -0.339769
1517 1.26308 0.0662034 -1.24905 0.17565
1518 1.00896 -0.2604 -0.82843 0.513703
1519 0.817982 -0.266665 0.0790082 0.769248
1520 1.47551 0.561856 -1.13993 0.749684
1521 0.422314 0.129647 0.398743 0.0504421
1522 1.50252 -0.869797 -1.21267 0.17454
1523 1.5656 -1.42806 -0.630414 0.119691
1524 2.04424 1.58161 0.970036 -0.858171
1525 1.70518 -1.28269 0.43361 1.0365
1526 2.53041 -0.447344 -0.815312 -2.35333
1527 0.942773 0.853344 -0.270331 -0.295883
1528 0.681944 0.598341 -0.198089 -0.260376
1529 1.86552 1.2673 -0.837032 -1.08328
1530 1.2051 0.461229 -1.02534 0.43383
1531 2.06896 -0.127332 1.41723 1.50195
1532 2.75231 1.05704 -1.17964 -2.25085
1533 1.0092 -0.0373667 -0.990471 -0.189861
1534 1.29579 -0.370468 0.0362217 1.24118
1535 1.77809 0.452078 1.02259 -1.38259
1536 1.14376 -0.754826 -0.411443 -0.754417
1537 1.37042 -1.06223 0.135756 0.855154
1538 3.48869 -3.39475 0.771018 -0.228308
1539 1.90126 -0.518148 -1.23732 -1.34735
1540 1.74361 -1.61195 -0.613101 0.256722
1541 2.07182 0.973615 1.4434 1.12299
1542 2.42901 0.244469 1.57839 1.83003
1543 2.46612 1.96203 -0.677859 -1.33142
1544 2.86002 -2.70988 0.913695 0.0374138
1545 0.534564 -0.173548 0.283716 0.418503
1546 1.27604 -0.189041 -0.181469 1.24884
1547 2.29243 0.498587 0.221758 2.22654
1548 1.8463 -0.938603 0.496395 1.51045
1549 1.46268 -1.22941 -0.727444 0.314317
1550 3.10809 0.0247511 2.5283 1.80757
1551 1.07124 -0.241817 0.864687 -0.584297
1552 1.43709 -1.3124 0.0673992 0.581618
1553 2.40849 -2.12097 -0.263014 1.11047
1554 1.50288 0.260667 -1.02097 1.0716
1555 1.27386 -0.0193609 1.23326 -0.318473
1556 0.558556 0.194437 0.223023 0.473751
1557 2.35732 -0.547683 0.146883 2.2881
1558 2.17453 0.101776 1.45128 1.61616
1559 2.02904 -0.0748669 -0.049617 2.02705
1560 1.92126 1.32665 -1.38645 0.0948387
1561 0.403912 -0.379808 0.0517279 0.12734
1562 2.41008 -0.836878 2.01994 1.01389
1563 2.28951 -0.767073 1.60553 -1.44074
1564 1.08361 0.876377 0.313327 0.554986
1565 2.09599 1.41775 -0.345751 1.50453
1566 0.916335 -0.679037 -0.368325 0.492865
1567 2.22874 -2.04987 0.349424 -0.802015
1568 0.353173 0.156889 0.111435 0.29614
1569 1.91236 0.789703 -1.16563 1.29414
1570 1.50739 1.15972 0.20212 0.941505
1571 1.32942 -1.02903 0.834028 -0.113381
1572 0.380383 -0.243087 0.255024 -0.143397
1573 1.09069 -0.369658 0.590676 0.839084
1574 0.400346 0.229279 -0.0960139 0.31383
1575 0.468946 0.118626 -0.219994 0.396788
1576 3.4072 -2.31652 -2.0986 1.35595
1577 0.899249 -0.140197 0.101126 -0.882478
1578 1.57589 -0.593279 0.81502 1.21128
1579 2.59902 -2.23796 1.03473 0.822045
1580 2.07068 -0.423886 -0.0937764 -2.02465
1581 1.31703 -0.573352 -1.18568 0.000686609
1582 1.0454 -0.748395 0.355263 -0.637614
1583 1.78058 -1.4554 0.523302 -0.882301
1584 1.55909 0.902644 -0.98015 -0.80951
1585 2.48336 -0.756896 2.31949 -0.462751
1586 1.49673 -0.228657 -0.682172 -1.31246
1587 1.56227 0.380699 1.19961 0.92558
1588 0.917342 -0.667629 -0.497497 -0.385078
1589 1.84475 -0.478942 0.589035 1.6813
1590 2.33193 1.38423 -1.06536 -1.54494
1591 3.4123 2.53941 -2.2412 -0.415007
1592 1.35907 1.24366 -0.449081 -0.314202
1593 1.88388 -0.119388 1.70852 0.784669
1594 2.26774 -0.539429 2.00836 0.904517
1595 1.76552 1.15038 -0.78498 1.08513
1596 1.2923 0.389668 -0.927609 -0.811012
1597 1.07182 1.0659 -0.0127766 0.111758
1598 1.6833 1.07652 1.02635 -0.788177
1599 2.90389 -0.552738 -0.685235 -2.76722
1600 1.67612 -1.06099 0.593498 1.15387
1601 1.46172 -0.212279 -1.40218 0.354189
1602 1.74446 0.148877 0.0727914 1.73657
1603 1.59976 -0.335875 0.70734 -1.39502
1604 2.4418 -1.61178 -0.0888811 1.83211
1605 1.39846 -0.304395 0.881613 -1.04201
1606 2.28922 -0.980589 -1.79877 -1.02146
1607 1.76808 -1.65656 -0.00689307 -0.617958
1608 3.81496 0.4017 -3.42188 -1.63809
1609 1.00737 0.699365 -0.113179 -0.716148
1610 1.79234 0.541405 -0.017446 -1.70853
1611 1.02792 -0.366334 -0.870193 0.406427
1612 1.29719 0.247504 1.1779 0.48374
1613 2.05958 0.433347 -1.95023 0.500667
1614 0.879993 0.0772395 0.796576 -0.365906
1615 2.51303 -1.06675 -1.91429 1.23
1616 0.966924 -0.747381 0.203267 0.578831
1617 1.03524 -0.88198 0.0382055 -0.54071
1618 1.81713 0.578585 -0.945845 -1.43964
1619 1.6569 0.620385 1.04575 -1.12554
1620 2.13147 -1.34111 0.219131 -1.64213
1621 1.74014 0.999475 0.564059 -1.30804
1622 1.31643 -0.121689 -1.01231 0.83272
1623 3.44623 -1.71027 2.53837 1.58371
1624 2.5586 -2.21868 1.089 0.661788
1625 0.416288 0.00714653 -0.415307 -0.027662
1626 1.6148 -0.883866 -0.460116 -1.27069
1627 2.38976 1.4743 -1.68838 0.828698
1628 2.1018 1.01117 1.52653 -1.03188
1629 2.07683 1.0618 -1.45493 1.03391
1630 2.39742 1.48316 1.20242 -1.44984
1631 2.29134 -0.77506 0.747131 -2.0227
1632 1.42061 0.687976 0.868521 -0.889101
1633 1.14535 -0.339757 0.875031 -0.656278
1634 1.32611 -0.362546 1.21044 -0.402466
1635 2.4192 0.421874 -1.99797 1.29717
1636 1.01394 0.155816 0.472952 0.88324
1637 2.87601 1.32319 1.1895 2.25958
1638 0.680387 -0.658463 0.071864 0.155525
1639 1.37461 1.23498 0.593322 0.111028
1640 0.887227 0.717581 -0.0687624 0.517224
1641 1.03998 0.915479 -0.199685 0.451193
1642 0.813997 0.335692 0.490384 -0.55626
1643 1.46178 -1.15951 -0.747299 0.483601
1644 0.86355 0.277665 0.461029 -0.675332
1645 1.27831 -0.879474 -0.477943 -0.795093
1646 1.26549 -0.0164883 -1.10086 -0.623941
1647 1.37086 1.26491 0.321826 -0.419156
1648 0.273216 0.179053 0.111801 0.173458
1649 0.835826 0.283179 -0.198912 -0.760821
1650 2.3485 -0.286552 -1.89604 1.35587
1651 1.47189 -0.201885 1.42202 -0.321787
1652 0.858248 0.300921 0.593143 -0.542418
1653 1.0663 -0.244331 0.39828 0.958475
1654 1.12437 -0.532921 0.375518 -0.916075
1655 1.12261 -0.354891 -0.990253 0.392065
1656 0.92751 -0.69646 -0.418055 0.447715
1657 1.37685 1.07559 -0.748369 -0.4228
1658 1.04142 0.246108 0.87576 0.506982
1659 2.56813 -0.152595 -1.71867 -1.90215
1660 2.74487 -1.21878 -0.0394078 -2.45914
1661 2.75096 0.531428 -1.83185 1.98234
1662 1.24363 -0.990556 0.333684 -0.673852
1663 1.91673 -0.477554 -1.30382 1.32131
1664 2.29582 -0.648701 -1.11164 1.90111
1665 1.65565 0.612162 1.31565 -0.797179
1666 1.535 -0.0755152 -1.04172 -1.12488
1667 1.8423 -0.357545 1.22271 1.33086
1668 2.16433 -0.558359 -1.24679 1.67871
1669 0.986336 -0.672756 0.714768 0.0967719
1670 1.57383 0.980695 -0.768289 -0.961721
1671 0.744366 0.197698 -0.255118 -0.670755
1672 0.639549 0.608091 0.0954446 -0.173607
1673 0.845452 -0.702215 -0.158619 0.443309
1674 1.06201 -0.0948493 -1.05583 0.0639975
1675 1.98037 1.4586 0.981608 -0.911495
1676 2.27759 1.08476 -1.28246 -1.53819
1677 0.831547 0.271658 0.7764 0.121965
1678 1.04931 -0.293107 0.787842 -0.62804
1679 1.29808 0.514375 -0.0215872 1.19162
1680 2.0713 -0.0331936 -0.742137 1.93349
1681 2.05076 -1.95983 0.233103 0.557086
1682 0.797319 0.159112 0.772206 -0.118741
1683 1.36494 -0.698112 1.16696 -0.117967
1684 1.53924 -0.0458126 -1.0303 -1.14266
1685 1.4507 0.179835 -1.09345 -0.936247
1686 2.15899 -0.991154 1.86552 -0.44573
1687 2.98756 -2.72544 -0.0441055 1.22293
1688 0.655528 0.511875 0.390422 -0.123579
1689 2.21216 -1.12302 -1.20475 1.47684
1690 1.64385 0.069855 1.51252 -0.640039
1691 2.91616 0.490356 0.223176 -2.86596
1692 1.28007 0.268635 -1.25129 -0.0259922
1693 0.757892 -0.370603 0.0739847 0.656948
1694 2.03104 1.26909 -0.686622 1.42937
1695 2.53837 -2.43527 0.623357 0.35243
1696 2.19341 -1.46903 1.1833 -1.11929
1697 2.50921 -1.88016 1.15635 -1.1933
1698 1.56808 -1.04738 -0.698298 0.935004
1699 1.18199 -0.347426 -1.10635 0.228877
1700 1.95587 1.35123 1.2555 0.650611
1701 1.73761 0.149803 -0.982156 -1.42556
1702 0.987928 -0.546746 -0.121371 -0.813842
1703 2.66412 -1.07272 2.18048 -1.09193
1704 0.922792 0.346545 -0.786779 0.335308
1705 1.46028 -1.24734 0.750652 -0.114347
1706 2.04108 -0.957906 -1.77293 -0.324273
1707 0.806566 -0.560894 -0.334632 -0.473253
1708 2.87364 -0.960282 0.495171 2.66279
1709 1.83168 1.09185 -0.605048 1.34047
1710 2.60633 -1.85428 -0.656391 1.70989
1711 3.6905 1.44398 2.96943 1.64838
1712 2.68296 -0.026999 -2.67182 -0.242776
1713 2.14539 2.10627 0.180849 0.365501
1714 1.2287 0.0369285 -0.906475 0.82864
1715 2.66719 -0.665617 -2.56985 0.258363
1716 0.538664 0.265332 0.442305 0.155319
1717 0.706684 -0.05403 0.617562 0.339264
1718 0.513236 -0.449973 -0.245857 0.0221346
1719 1.31251 -0.724371 0.850564 0.688855
1720 1.64678 1.22256 -0.395949 1.02979
1721 1.13044 0.674493 -0.351375 -0.836355
1722 2.4105 -2.32637 0.494731 -0.392123
1723 0.827175 0.485443 0.595303 0.306885
1724 0.894673 0.302802 -0.745346 0.391422
1725 1.79001 0.87361 1.55787 0.118237
1726 2.97821 -0.982021 -1.72763 2.21826
1727 0.826838 0.597922 -0.352979 -0.448949
1728 1.60747 -0.381293 -1.49498 -0.451213
1729 0.554182 -0.53092 0.145521 -0.0637606
1730 1.49318 1.44689 0.206144 -0.305962
1731 0.93159 -0.0225147 -0.836939 0.408518
1732 1.37723 0.294797 1.01496 0.883009
1733 0.568952 -0.352906 -0.277688 -0.349361
1734 0.831137 -0.517074 0.288015 -0.583499
1735 0.247267 -0.205047 0.0746091 0.11632
1736 1.38403 1.30612 -0.0900274 -0.448857
1737 1.89512 -1.4955 0.321519 -1.11875
1738 1.17295 0.930763 -0.217315 -0.679894
1739 1.41726 1.33064 -0.167113 0.458358
1740 1.29726 -0.99509 0.103907 -0.82577
1741 0.989708 0.857797 0.0946568 -0.484506
1742 0.857379 -0.0335433 -0.856717 0.0032938
1743 0.846324 -0.0479184 0.61891 -0.575256
1744 1.06615 0.445823 0.963603 -0.096837
1745 0.840854 -0.617604 0.525772 0.22173
1746 1.85415 -0.783591 -1.33849 -1.01602
1747 4.5097 -2.46769 3.65345 -0.948809
1748 0.587834 -0.526189 -0.0381195 -0.259269
1749 1.69032 -0.111955 -1.20737 1.17767
1750 1.70158 0.0852749 1.66283 0.350842
1751 1.08928 -0.365574 1.02552 -0.0345337
1752 1.34872 0.370807 0.641965 -1.12669
1753 1.70565 1.11555 -0.331276 1.24701
1754 2.64264 1.75202 -0.988932 1.71346
1755 0.352442 -0.308213 0.162135 0.054149
1756 1.49848 0.651287 1.08385 0.804066
1757 0.73576 0.435553 0.51004 0.302482
1758 1.22279 0.1048 -0.129147 1.21143
1759 2.66428 0.0439488 2.09439 -1.64621
1760 0.613448 0.320269 0.0676503 0.518815
1761 1.66586 0.125695 1.17301 1.17616
1762 1.87014 0.332465 1.80026 0.382028
1763 2.38164 -0.578587 -0.191188 -2.30236
1764 1.75955 1.67038 -0.50103 -0.234138
1765 2.0175 0.654035 1.89231 0.248432
1766 2.25206 1.20034 0.475893 1.84512
1767 1.48322 -0.699148 -1.2352 0.430594
1768 0.884476 -0.719774 0.483871 -0.17347
1769 2.97603 -0.108178 2.83475 -0.899586
1770 1.87258 0.900158 1.15669 -1.16547
1771 0.163477 0.00689957 -0.162897 -0.0119066
1772 2.10545 -1.98229 0.699781 0.117388
1773 2.56287 0.98451 2.19555 0.88239
1774 0.619725 -0.509523 -0.180291 -0.303218
1775 0.579918 0.503803 -0.263055 -0.115283
1776 0.359299 -0.099049 0.340656 -0.0569092
1777 1.44101 -0.370217 0.196392 -1.37873
1778 1.51984 -0.782572 -0.141833 1.29513
1779 0.605669 -0.554447 -0.0754593 0.231798
1780 1.87737 -1.24964 1.34966 0.375962
1781 3.10144 -1.26658 -1.3478 2.48961
1782 0.464284 -0.167966 -0.247943 0.354784
1783 0.774621 0.723923 0.24148 0.132898
1784 1.54432 1.45863 0.353101 0.364218
1785 2.05287 1.33446 -0.730894 -1.37815
1786 2.35198 2.00127 1.2327 -0.0847013
1787 0.690576 -0.341688 0.347764 0.489085
1788 1.44592 1.42948 0.192288 -0.101532
1789 1.4219 1.16082 0.364955 -0.735596
1790 1.17674 0.0900848 -1.07014 0.48104
1791 2.25713 0.294902 -1.69636 -1.45946
1792 2.73192 1.13029 0.61742 -2.40928
1793 1.79976 1.05978 -0.232462 -1.43595
1794 2.60267 -1.72496 -1.73338 0.890965
1795 1.91717 1.87503 -0.113728 0.383274
1796 1.95002 1.72962 -0.399532 0.80708
1797 1.87162 -1.06632 -1.1205 1.05374
1798 1.08805 0.0671621 0.905323 -0.599777
1799 3.28774 2.20905 2.27108 -0.878375
1800 2.17539 0.518028 -2.10891 0.128338
1801 1.00552 0.275957 0.562233 -0.786645
1802 1.22386 -0.288284 1.17036 0.212111
1803 1.42723 -1.40872 0.207923 0.0962929
1804 2.09084 0.655925 -1.97589 0.192986
1805 1.22804 0.863752 -0.850608 -0.196174
1806 3.00372 -1.29922 1.53281 -2.23268
1807 1.92921 -1.48787 1.22775 -0.0266415
1808 0.971025 -0.951297 -0.174595 -0.0862517
1809 1.38017 0.0625565 0.707098 1.18363
1810 1.56767 -0.0269881 1.44412 -0.609425
1811 0.639879 0.315975 0.0300843 0.555608
1812 1.58772 0.334699 -0.100253 -1.5488
1813 1.05753 -0.95733 -0.431265 0.126056
1814 0.529448 -0.105428 -0.505799 0.115619
1815 1.19963 -0.45535 -1.09441 -0.184466
1816 0.775364 -0.115961 0.754971 -0.133274
1817 2.33103 0.123692 -1.44841 1.82223
1818 1.18507 -0.170054 -1.16786 -0.107658
1819 1.95516 -0.816722 0.348438 1.7419
1820 1.68119 1.40176 0.912555 0.16949
1821 1.4558 -0.444894 0.988826 0.971414
1822 1.40366 0.526969 1.05199 0.76543
1823 1.84113 0.347919 0.0856129 -1.80593
1824 0.229769 -0.220485 0.0447408 -0.0466711
1825 0.61879 -0.558177 -0.167264 0.208237
1826 2.70943 -0.0837882 2.67246 -0.438115
1827 0.620851 0.437905 0.246009 -0.364932
1828 1.90135 -0.312857 -0.232646 1.86095
1829 3.35215 1.1009 -2.52802 -1.90632
1830 2.74179 -1.98678 1.3444 -1.32766
1831 3.3408 0.325876 -1.26976 3.07286
1832 2.97048 -1.27781 2.06079 1.71583
1833 1.71514 -0.394234 -0.728967 1.50163
1834 1.67846 0.720309 -0.989199 -1.14885
1835 2.6526 1.95414 -0.0190635 -1.79367
1836 2.06875 1.15495 1.35771 -1.04998
1837 0.693368 -0.649134 -0.100847 0.221844
1838 2.24517 1.40108 -0.423647 1.70243
1839 1.0679 0.509413 0.911519 0.223719
1840 0.775223 -0.125131 -0.764491 -0.0294289
1841 2.58133 0.0123665 -1.81157 1.83884
1842 2.08391 1.08291 1.43039 -1.06017
1843 1.03625 0.899465 0.506683 0.0897392
1844 2.35526 0.828383 1.99869 0.930737
1845 0.898501 0.853629 0.18957 -0.206603
1846 1.60842 -1.17002 -0.52461 0.971003
1847 1.40931 1.27259 0.346245 -0.496781
1848 1.75804 0.56031 1.07479 1.27341
1849 0.792641 0.0268102 0.323626 -0.723068
1850 1.71453 0.332097 1.00053 1.35213
1851 0.801092 -0.217966 0.691918 0.339837
1852 0.754698 0.706374 -0.117079 -0.23853
1853 1.59993 1.1245 0.604659 0.964196
1854 0.996904 -0.862763 -0.0997505 0.489395
1855 0.47745 -0.31146 0.330161 0.148141
1856 2.92703 -1.29104 2.53679 -0.68223
1857 1.58978 -0.825984 -0.0440262 -1.35765
1858 0.727555 0.108585 -0.7013 0.160386
1859 1.95324 -0.316618 0.0408326 -1.92698
1860 0.877521 -0.451477 -0.398653 0.638191
1861 1.14728 -1.07801 -0.323509 -0.222451
1862 3.21387 2.26774 -2.1412 0.775604
1863 1.88456 -1.21253 -0.792801 -1.20533
1864 1.92705 0.831007 0.571407 1.64208
1865 0.738047 -0.252992 0.610303 0.328998
1866 1.98879 -0.564579 -0.833696 1.71508
1867 1.79464 0.585344 -1.69537 0.0618295
1868 1.64854 -0.833718 -1.16438 0.816586
1869 1.24863 -0.527581 0.861468 0.733905
1870 2.18511 0.321756 2.03055 0.740307
1871 1.18321 0.0136828 -0.703915 -0.950949
1872 1.17206 0.63664 -0.481007 0.858514
1873 1.43165 0.689568 1.24506 -0.154728
1874 2.71661 -1.43577 1.3699 -1.85525
1875 1.73108 0.742041 1.50559 -0.423361
1876 1.15857 -0.051075 1.03534 -0.517453
1877 1.29078 0.48343 1.1316 0.389724
1878 0.424222 0.0604319 0.380142 -0.178338
1879 1.73257 0.291379 1.63149 -0.505135
1880 2.50012 -0.162595 2.26199 -1.05241
1881 0.76987 -0.587282 -0.46658 -0.173502
1882 1.53746 0.974828 -0.802792 0.876941
1883 1.77702 -1.07836 -1.10086 0.884891
1884 2.16592 -0.277539 -1.88956 -1.02164
1885 2.4018 -1.82021 -1.56656 0.0365415
1886 1.54432 -1.0652 -0.133811 -1.11013
1887 2.04588 0.0661421 1.84292 0.885951
1888 0.692802 0.57726 0.301052 0.236881
1889 1.31418 -0.365219 -0.576753 -1.12296
1890 1.87655 0.802505 -1.43931 0.897672
1891 1.52496 0.919453 -0.709691 -0.98816
1892 1.34428 1.25457 0.23343 -0.422656
1893 1.98995 0.380869 -1.87141 0.559152
1894 1.72058 1.06988 -0.677846 1.16459
1895 2.03148 -0.442097 1.91255 0.523093
1896 2.13601 -1.42578 -0.332646 1.55533
1897 2.03823 0.188784 0.336749 2.00134
1898 1.8299 1.49437 -0.305972 1.01082
1899 1.0674 -0.281434 -0.999202 0.248452
1900 1.16045 -0.309789 -0.984256 -0.530953
1901 1.24708 0.96813 0.221983 -0.7541
1902 1.87444 0.441487 -1.31893 -1.25661
1903 1.76142 -0.363989 1.44728 -0.935684
1904 1.36022 -0.739372 0.907114 -0.693314
1905 1.99835 0.230465 -1.04745 -1.68616
1906 1.26221 0.968462 0.527925 0.613631
1907 1.64487 0.296874 -1.28161 0.987391
1908 0.62336 -0.390138 -0.28528 -0.393682
1909 1.02187 -0.190014 -0.998938 0.101136
1910 2.20279 -0.499257 -2.00068 -0.774801
1911 3.11145 2.63392 1.42078 0.851444
1912 2.46446 -1.55198 0.11403 1.91101
1913 1.51556 -0.150311 -0.330588 -1.4714
1914 2.49723 1.37626 2.06679 0.265399
1915 0.459964 -0.292169 0.267815 -0.233408
1916 1.85319 -0.953661 -1.58777 0.0619448
1917 1.75473 1.17982 1.24572 -0.367809
1918 1.33223 -1.09206 -0.670405 -0.3644
1919 3.12615 -1.01997 1.41227 2.59576
1920 1.89608 1.77497 -0.368536 0.555658
1921 1.73195 1.31567 0.380114 -1.06027
1922 2.09827 -0.907364 -1.88218 -0.191901
1923 3.26226 -1.67303 -2.16367 1.77815
1924 0.314902 0.308318 -0.0477484 0.0427018
1925 0.893264 -0.753743 -0.0209925 -0.478906
1926 2.06383 0.721172 1.30637 -1.42574
1927 1.24421 -0.620637 0.222684 1.05512
1928 2.24072 2.22204 0.195426 -0.212592
1929 1.7999 -0.127059 1.28005 -1.25896
1930 0.937356 0.811328 -0.370028 -0.2889
1931 1.76588 -0.174421 1.45453 0.986033
1932 0.875131 0.83037 0.274748 0.0292267
1933 1.7914 0.354871 1.68459 0.495325
1934 1.50317 -0.294785 -0.0510106 -1.4731
1935 2.21357 -0.685877 -2.07318 -0.362457
1936 0.903169 0.193059 0.455954 -0.755347
1937 2.34773 1.33611 -0.129716 1.92609
1938 1.8116 1.13881 -0.969914 -1.02189
1939 0.545818 -0.152842 0.416407 -0.31806
1940 2.27224 -0.331017 -2.24463 -0.123084
1941 1.73465 1.10622 1.3212 0.199329
1942 1.97501 1.36606 -0.172954 1.41586
1943 0.916134 -0.794857 -0.235208 -0.390104
1944 3.24759 1.67445 -2.73473 0.514122
1945 0.0980221 0.0465079 0.0701629 -0.0502246
1946 2.72492 2.00444 -1.36103 1.24701
1947 1.9978 1.3888 0.238223 1.41623
1948 2.32338 0.612037 -1.48776 -1.67634
1949 1.26152 -1.21823 -0.315407 -0.0886826
1950 1.948 -1.35395 -0.736259 1.19141
1951 1.16831 0.907327 -0.735573 -0.0254741
1952 3.22368 -1.47935 -2.7112 -0.923572
1953 2.07402 1.30909 -1.26877 -0.988968
1954 2.27342 -1.71122 1.29719 -0.746629
1955 0.220567 0.183621 0.0475034 0.11259
1956 1.97212 0.496932 1.10603 1.55532
1957 3.0123 -2.00083 2.08279 0.855943
1958 1.90539 0.627253 -1.18756 -1.35159
1959 2.56057 -1.31009 -0.658086 -2.09931
1960 0.833543 0.0751833 0.720381 0.412543
1961 1.46415 1.20082 0.802233 0.241263
1962 1.89347 1.12082 -0.98696 -1.164
1963 1.29757 -1.24506 0.211524 0.297908
1964 2.0993 -0.50017 1.87773 0.794367
1965 1.64177 -1.14254 1.09008 -0.449146
1966 1.09448 0.338385 -0.416524 -0.953882
1967 1.63481 -1.13329 -1.11852 -0.370407
1968 0.553787 -0.066104 0.544988 -0.0727866
1969 0.799643 0.604048 0.436545 0.289799
1970 1.78444 0.456162 1.33676 1.09051
1971 1.33668 0.815414 1.05724 0.0638475
1972 2.02462 -1.09022 -0.316957 1.67632
1973 1.73654 1.53199 -0.127972 0.807591
1974 2.44487 2.28279 -0.383849 0.786739
1975 1.56081 -0.02801 -0.679152 -1.40503
1976 1.74208 0.35773 0.0430517 -1.70441
1977 2.04707 -1.32456 -1.53141 -0.30133
1978 1.41204 -0.355685 -0.90804 -1.02118
1979 0.328083 0.259297 0.167498 -0.11112
1980 4.15991 -0.0721822 -1.72713 -3.78374
1981 3.53289 1.56683 -0.708085 -3.08626
1982 1.64692 1.54163 -0.279922 -0.507308
1983 2.50062 0.2675 2.22605 -1.10735
1984 1.95577 -1.55137 1.19031 0.0380391
1985 1.03041 0.970789 -0.323401 0.12138
1986 0.781605 -0.585061 -0.104725 0.507585
1987 2.5245 0.840425 -1.00394 2.15845
1988 1.80883 -0.340349 1.77649 -0.0116737
1989 1.50541 0.90362 0.79222 0.90671
1990 2.33292 -1.85804 -1.37906 0.297318
1991 1.20119 0.621203 0.0984562 -1.02336
1992 2.26084 1.31237 -0.647024 1.7235
1993 0.882501 -0.333515 -0.816714 0.0235446
1994 2.10187 0.812053 1.42849 -1.31067
1995 1.99094 -1.46117 -1.19827 0.626873
1996 0.635412 -0.549838 0.303219 0.0973861
1997 0.581257 -0.259533 -0.291253 0.4309
1998 3.0406 1.1566 2.59567 1.08167
1999 1.96511 1.74331 -0.576321 -0.700281
