n=2000
0 3.19939 -1.80913 2.11336 -1.58016
1 0.777819 -0.583972 -0.509516 0.0661185
2 2.78138 -2.5538 0.987652 0.488593
3 1.91119 -1.3867 -1.20389 -0.529514
4 4.88813 2.99366 -3.34398 -1.93641
5 1.11038 0.546963 0.81313 -0.522105
6 1.91943 -0.29846 -0.390646 1.85541
7 1.79193 0.30225 1.74761 -0.255965
8 3.31123 0.413182 0.30743 3.27094
9 4.70211 -4.20308 -0.292907 -2.08763
10 2.35861 -1.01118 -2.05054 -0.579528
11 2.11485 -1.07919 -0.458026 1.76015
12 1.88339 -1.14423 0.144215 1.489
13 1.93683 -1.78258 0.725264 0.218412
14 3.88818 -2.9377 -1.53671 -2.03135
15 1.91806 0.598838 -1.82093 0.0673521
16 3.55271 0.243883 2.55115 -2.46046
17 0.922924 -0.903649 0.135315 0.129986
18 4.35039 -2.18196 -0.96382 -3.63813
19 3.94086 0.619016 -1.07946 3.73924
20 4.19659 -2.37079 -2.4337 -2.46331
21 5.17018 0.574351 1.92494 4.76398
22 1.17816 0.235025 -0.980506 0.60945
23 5.98149 2.69813 -1.12463 5.21858
24 6.34759 0.537853 -3.17957 5.46745
25 7.76162 -2.65692 -3.62884 -6.32574
26 1.63054 -1.45031 0.09386 -0.73921
27 3.38154 -3.10132 -0.676953 -1.1655
28 4.31221 3.43886 2.06606 -1.58139
29 3.64986 -1.97399 2.9745 -0.759704
30 2.75508 2.65796 0.526536 -0.498461
31 5.2371 2.18841 4.72872 0.526585
32 1.38026 1.27098 0.329405 0.425696
33 1.94815 -1.52273 -0.970368 -0.731405
34 1.43501 -1.37322 0.361367 -0.207242
35 1.31928 0.884629 -0.917678 0.340307
36 4.42298 -3.90149 -0.317978 2.05914
37 3.25298 -0.811573 3.14706 -0.138618
38 3.11773 -3.02576 -0.699774 0.274437
39 3.45884 -0.722736 1.0722 -3.20806
40 3.44659 0.362957 -0.659245 -3.36343
41 2.57396 1.03502 -1.4801 1.83392
42 1.96446 -0.332445 0.552837 1.85552
43 3.13314 0.138521 3.01957 -0.824397
44 1.90011 -0.136855 -0.482935 1.83261
45 1.14843 0.178915 1.11959 0.182767
46 1.8668 -0.630089 -1.71254 0.393845
47 2.13881 0.130162 -0.632479 2.039
48 1.3576 0.118134 1.16023 -0.694973
49 1.87743 -0.439912 1.58596 -0.903287
50 2.8559 -1.22255 -2.4903 0.67817
51 4.15531 2.80621 1.31839 2.76652
52 2.03564 -1.07219 -1.12377 1.31582
53 2.83912 -2.31827 -1.22787 1.08563
54 0.925487 -0.51387 0.743163 -0.200432
55 3.37508 -0.925313 2.82259 1.60248
56 3.67942 -0.712229 2.23515 -2.8346
57 1.38141 0.0596221 1.37627 0.102979
58 4.83454 4.74666 -0.155445 0.904336
59 0.929072 0.200525 -0.273345 0.865012
60 2.77893 0.853043 2.01568 1.71225
61 1.24178 -0.835092 -0.570446 0.72058
62 5.34171 3.29403 4.1824 -0.436694
63 2.10442 1.41573 -1.24731 0.931933
64 4.23156 0.239925 2.24634 3.57807
65 3.04705 -0.97994 0.671426 2.80596
66 2.87219 -0.532276 -1.36949 -2.46793
67 3.08435 -2.98192 0.676823 0.4041
68 4.74693 -4.64751 0.828732 0.497196
69 2.67901 0.151455 1.84383 1.93764
70 4.39478 3.53847 2.40544 1.00357
71 4.27404 0.95764 2.69984 -3.17193
72 2.91613 -0.112136 0.885431 -2.77619
73 0.570671 0.217129 0.44001 -0.291396
74 3.50174 1.66773 1.58626 -2.63906
75 1.55554 0.00778377 -1.43045 -0.611107
76 4.85127 1.5065 -3.70761 2.74206
77 0.291329 0.153528 0.186533 -0.162809
78 1.90522 -0.319427 -0.211968 -1.86625
79 2.00246 1.02432 -1.70275 -0.247543
80 3.376 2.02214 -0.35262 -2.6803
81 2.5976 2.21547 -0.989421 -0.927518
82 3.11816 -0.0155846 2.39151 2.00084
83 3.93023 3.91751 -0.179879 0.25967
84 2.82665 -1.15934 -2.25521 -1.24896
85 0.582872 -0.165942 0.340255 -0.443204
86 3.2423 0.0666041 -2.59047 -1.94873
87 3.86328 -1.59174 -3.42395 -0.817229
88 2.70193 1.44235 1.88322 -1.29365
89 1.71763 -0.576164 -1.33472 0.914776
90 4.44168 -2.30107 -0.437005 -3.77394
91 4.02239 -0.799967 0.462578 3.91481
92 1.08371 -0.91549 0.572088 0.0949499
93 1.83875 0.463544 1.39469 1.10497
94 4.37647 -2.6542 -1.31514 -3.22166
95 3.43458 1.15566 1.4358 2.89815
96 4.62166 3.4987 0.449204 -2.98614
97 3.55246 0.168741 -2.33914 -2.66832
98 1.97862 -1.45539 0.0453713 1.33967
99 2.75602 1.19327 -2.36284 -0.767295
100 3.63813 0.741954 -3.46177 -0.83765
101 4.14249 -3.05344 2.46607 -1.32485
102 3.80652 1.45763 1.73078 3.06094
103 2.23221 0.982982 -0.49488 -1.94206
104 2.61667 -1.85999 -1.80209 0.374008
105 2.89751 -1.4964 2.14759 1.24267
106 2.63111 1.5958 -2.09184 -0.0185967
107 1.84991 1.01275 -1.14938 -1.03703
108 0.826068 -0.717543 0.180018 -0.367579
109 6.71394 3.92657 4.64601 -2.84141
110 2.91096 -0.601053 -1.34411 2.51113
111 3.21408 2.29848 1.16701 -1.91973
112 2.50733 -0.389688 -2.16552 -1.20223
113 1.25311 0.676618 0.528362 0.91286
114 3.39958 0.370627 -3.18989 -1.11553
115 1.55867 1.29195 0.773379 0.402746
116 3.2371 -2.01839 1.81721 1.76143
117 1.51635 0.199734 -1.18163 -0.929081
118 3.19759 1.40438 2.84854 0.371685
119 1.99823 0.103822 -1.88396 -0.657915
120 2.54855 0.234502 -2.50861 0.383349
121 3.66131 -3.52794 0.32729 -0.922878
122 2.28467 0.751769 -0.944401 1.93976
123 2.14907 -1.96322 0.0189745 0.874001
124 1.90532 -0.158929 -1.75639 0.72117
125 4.51184 -3.43689 1.90254 2.21919
126 1.53654 -0.465409 1.44864 -0.213956
127 2.23982 0.4509 -0.676521 -2.08705
128 5.60658 4.98428 2.56502 0.106254
129 4.18269 3.34788 -1.23816 -2.18026
130 4.69276 3.93244 2.43384 -0.796489
131 2.45344 -1.81596 -1.64299 -0.14915
132 2.54493 2.39303 -0.194634 -0.843905
133 3.89415 -2.8792 1.63429 2.05029
134 1.88947 -1.25518 1.19439 0.753701
135 4.17732 -0.160884 -3.02601 -2.8753
136 3.10745 -1.12653 -2.00477 2.09
137 3.46332 -2.43094 -2.159 -1.19327
138 3.15818 2.50401 -0.416117 1.87906
139 2.23646 2.04084 0.8538 0.328273
140 2.52961 -2.35789 -0.172547 -0.89973
141 2.37738 1.5734 1.67036 -0.621475
142 4.19452 0.163102 3.23964 -2.65935
143 3.88205 -1.4236 -0.493558 -3.57771
144 3.15442 -0.0514141 2.68809 -1.6498
145 2.39694 -0.304031 -1.14083 -2.086
146 3.76807 0.859596 0.494751 -3.6352
147 2.21892 -0.437137 -0.854788 2.00046
148 3.88239 2.8132 1.89224 1.89163
149 2.08875 -0.57164 1.91141 -0.618531
150 3.4062 -2.9339 -1.58398 0.696768
151 3.1622 -0.777137 -1.0459 -2.88126
152 1.99738 1.71873 -0.992796 0.22325
153 1.98309 1.54805 1.21725 0.233461
154 2.30386 -1.41473 1.0212 1.50447
155 3.5405 -3.37308 -0.222663 1.05256
156 2.63798 1.28254 -2.19201 0.713544
157 1.12549 0.205126 -0.717466 -0.842555
158 0.627382 0.343011 -0.0659631 -0.521154
159 1.68045 -1.07577 1.0089 0.805468
160 3.2262 -1.73115 1.17451 -2.45601
161 2.75174 0.567834 1.15741 2.43106
162 2.78143 -2.27646 -0.303248 -1.56912
163 4.14684 0.486777 4.1056 0.321457
164 1.85889 -0.453904 -0.296509 -1.77807
165 4.21136 -1.39033 -3.95828 -0.366886
166 3.81649 0.81756 -3.5817 1.03375
167 4.25931 -3.87408 -1.35838 -1.13494
168 1.84786 1.3604 -0.496402 1.14781
169 3.24515 2.62587 -1.14615 -1.52387
170 0.999061 -0.394285 0.22522 -0.88991
171 3.86917 -0.636043 -3.20751 2.06828
172 4.98994 -2.64905 4.19751 -0.512781
173 2.46398 1.94674 1.3603 -0.656487
174 1.77364 0.934254 -0.240124 1.4884
175 3.39211 -1.57699 -1.27505 2.71915
176 3.11828 2.59507 -1.72575 -0.105255
177 4.12016 3.67016 -0.721704 1.72764
178 4.50851 2.67083 3.1043 -1.88591
179 2.15163 -1.44625 -0.111164 1.58918
180 3.32856 1.68273 0.873874 -2.7357
181 3.85036 1.46001 1.74423 3.10665
182 5.84094 0.787077 5.09875 2.73857
183 3.20853 -1.47117 1.79721 -2.21367
184 2.05496 -0.318592 1.3616 -1.50579
185 5.57098 4.66602 1.26655 -2.76765
186 2.11804 -2.01899 -0.0337958 -0.639246
187 1.89374 -1.73693 -0.518432 -0.548221
188 2.16512 -1.56649 0.866024 -1.21814
189 2.74185 1.33788 2.32557 -0.565243
190 3.61957 1.10794 3.2088 1.25594
191 2.23384 -0.629151 -0.57985 -2.06349
192 1.68626 0.225301 0.609873 -1.55588
193 1.50394 -0.755394 0.63024 1.13754
194 0.587849 0.110787 -0.156647 -0.555657
195 3.78004 1.69779 2.11283 -2.6348
196 1.12094 -0.936621 -0.607138 0.103149
197 2.96601 -2.62978 0.426872 -1.30356
198 3.2502 -1.29813 -2.32258 1.86662
199 1.73992 -1.14097 -0.237169 1.292
200 2.39531 1.62961 -1.28061 1.2008
201 3.42733 -1.8977 2.3729 -1.58577
202 3.15797 2.02877 -2.4105 -0.215289
203 3.61514 -1.55432 -1.68637 2.79455
204 3.96898 -3.83929 0.660307 -0.759366
205 4.02985 -2.69903 0.441813 2.95968
206 3.76034 1.11983 -1.93816 3.02154
207 3.1126 1.04369 2.36137 -1.73866
208 2.65216 -2.56867 -0.360656 0.552999
209 4.43315 -1.87532 -0.323975 4.00388
210 3.01434 2.15915 0.55761 2.02815
211 5.05597 2.887 2.05147 -3.60826
212 2.74114 -0.331231 0.32508 -2.70156
213 7.66318 5.30574 2.51172 4.92593
214 3.45745 2.53437 -1.29029 1.96623
215 0.595696 -0.218509 -0.538979 -0.128879
216 2.28843 -1.55327 0.46115 -1.61604
217 3.30919 1.30624 -2.88452 -0.961245
218 3.4826 0.955713 -2.25821 -2.47298
219 1.43488 0.822361 -0.991165 0.632612
220 2.06614 -0.859272 -1.26079 -1.39319
221 2.68758 1.27824 -1.85802 1.46184
222 3.21969 1.28211 -0.0893629 -2.95205
223 3.56671 -0.267647 2.83986 -2.14126
224 4.92273 4.27212 2.416 -0.381078
225 1.28611 0.577913 1.07185 -0.413788
226 2.55649 0.0870683 0.247973 -2.54295
227 3.57947 -1.21476 -2.67597 -2.04356
228 5.93186 -3.2562 -3.32548 3.67767
229 4.76385 -2.73109 -3.86287 -0.560066
230 3.71713 0.280018 -3.03388 2.12938
231 2.35456 -0.61525 -1.79824 -1.38988
232 3.14473 -2.8364 1.35781 -0.0229293
233 4.24861 -2.92939 0.0884977 3.07596
234 3.89154 -0.271207 -3.58782 -1.48259
235 3.77946 -3.74518 -0.195732 0.468688
236 4.44713 3.57945 1.96529 -1.76127
237 5.18977 -3.92377 2.19498 -2.59226
238 3.61434 -2.30588 -2.46992 -1.2829
239 1.49096 0.373408 -0.140843 1.43656
240 2.18196 -1.36184 -1.47958 -0.846871
241 2.50274 0.447283 -0.868821 -2.30408
242 1.81207 -0.316299 0.449815 -1.72662
243 2.91852 -2.21842 1.34188 1.34005
244 2.63818 -1.85307 -1.18468 1.45695
245 3.52412 0.105126 -2.42831 2.5518
246 1.01756 0.0455077 -0.180861 -1.00033
247 1.19666 0.95517 0.532282 -0.486122
248 5.33874 -1.58013 -3.36912 3.8281
249 1.91461 1.39777 0.849141 0.995456
250 2.67455 -2.38008 -1.0285 0.656219
251 2.37563 1.93809 -0.163946 -1.36402
252 1.60041 -0.989614 0.77506 -0.99059
253 3.61787 -3.31778 0.317412 -1.40733
254 2.43884 0.105982 -1.95574 1.4532
255 0.887982 -0.0823562 0.375357 -0.800523
256 0.88288 0.194031 0.71792 0.475835
257 3.92274 2.53428 0.126259 -2.99155
258 3.59252 -0.663061 -3.37501 1.03725
259 1.23292 -0.622798 0.977375 0.42065
260 3.84048 0.888632 0.181437 3.73184
261 1.97824 -1.91351 0.312922 0.392429
262 3.2331 -2.15466 0.882305 2.2432
263 1.07535 -1.06228 -0.020174 -0.165874
264 1.47383 -0.347919 -1.15917 -0.841103
265 1.89682 0.0940012 1.86737 0.319406
266 2.27627 -0.424323 1.25331 -1.85218
267 1.46092 -0.822197 1.20616 0.0588418
268 2.55542 0.553323 0.683508 2.39933
269 2.31029 0.687044 1.31022 1.77447
270 6.53482 -0.876333 -6.34076 1.31552
271 2.27217 1.93256 -0.419145 -1.11905
272 3.48354 0.714949 -3.40326 0.204208
273 3.61346 3.52372 -0.736894 0.312255
274 2.07221 0.177157 1.14383 1.71882
275 6.60724 2.36945 -6.04813 1.20887
276 2.492 0.343394 1.98157 -1.47157
277 5.14025 0.625321 1.92323 -4.72571
278 1.66253 1.07727 -0.0150302 1.2662
279 2.89096 -0.90545 2.61533 0.835403
280 2.52747 -0.0171733 -2.34293 -0.947874
281 2.81976 -2.26566 0.771162 1.49102
282 0.643398 0.312837 -0.554449 -0.0931679
283 3.4715 1.51723 -0.866947 2.99962
284 2.7701 0.602965 -2.02039 -1.79664
285 4.10492 -3.59627 -1.77091 0.88383
286 2.81304 1.96245 2.00926 -0.157645
287 2.40712 0.746351 0.561852 2.21845
288 2.06643 0.428593 -1.98409 -0.3871
289 5.84318 -3.92153 -3.95497 1.76708
290 2.875 1.6201 1.70709 1.65128
291 3.85927 0.561513 1.11042 3.65317
292 1.24754 -1.13056 -0.126435 -0.512069
293 2.9739 -0.0529153 2.92397 0.540076
294 0.887088 -0.50085 0.652752 -0.331647
295 2.40719 -1.58617 0.355045 1.77555
296 1.89806 0.0401319 -0.00311808 -1.89763
297 4.36876 3.54441 -2.00995 -1.57585
298 3.13218 -2.71742 -1.55061 0.147524
299 3.14822 0.519383 1.33362 2.80411
300 2.32801 0.955461 -0.396944 -2.08546
301 5.50963 4.29763 -2.87486 1.90303
302 3.64437 1.11919 -2.57531 -2.32306
303 1.9794 -0.566783 1.72249 0.793611
304 4.07779 -3.52057 1.21531 -1.66042
305 2.1122 -0.764328 1.77389 0.854681
306 2.91175 2.32616 -1.10573 -1.35818
307 0.79332 -0.679778 -0.401068 0.0800181
308 1.766 1.09597 -1.37047 -0.198517
309 2.12301 1.91396 0.158421 0.90491
310 1.92436 0.840436 0.0672581 1.72983
311 3.64228 1.64263 -3.24885 0.113719
312 4.16692 -3.28846 1.40733 2.13744
313 4.58291 4.51541 -0.664545 0.415386
314 2.42436 -0.802725 0.485556 2.23548
315 3.03007 -0.816972 -0.858314 2.78876
316 5.43528 2.6048 1.49993 -4.52852
317 4.11059 -1.84223 0.36075 -3.65691
318 1.84947 -0.282929 -0.503684 1.75692
319 1.7585 -0.693419 -1.52757 0.527267
320 1.4334 -1.3889 0.269269 -0.230416
321 2.79244 2.11127 1.61914 0.847715
322 2.15332 -1.90802 -0.314684 0.947227
323 3.68699 -0.890558 -2.88122 -2.12118
324 6.09482 -1.33529 1.52927 -5.74675
325 2.2494 -1.14803 -1.60205 1.08411
326 2.18472 1.18069 0.105136 1.83519
327 3.56669 3.00641 -0.835343 1.7277
328 0.969137 -0.155873 0.927439 -0.234063
329 4.79098 -2.78756 -3.55871 1.58699
330 1.74154 -1.67214 0.482823 -0.061759
331 2.34177 -0.0494922 0.292966 -2.32285
332 5.06588 4.16312 1.96826 -2.11128
333 2.76352 1.8809 -1.98874 0.379728
334 2.86066 -0.671061 -2.77503 -0.179495
335 3.57255 -2.93311 1.24335 -1.61681
336 3.31996 -0.421539 -0.200721 3.28697
337 2.71867 2.33805 0.367371 1.33782
338 2.95905 -0.0217092 -2.14395 2.03936
339 1.97941 -1.60458 1.08851 0.398178
340 1.28781 1.17476 0.518974 0.0951882
341 1.70505 -0.392752 -1.60972 -0.402166
342 2.79786 0.600458 -2.14337 1.69511
343 3.30426 -1.42015 2.91482 -0.636505
344 1.38124 0.794777 0.219851 1.10807
345 4.5408 1.54929 0.452622 4.24425
346 2.85001 -0.904843 0.606268 2.63367
347 1.18757 -1.04198 -0.482472 0.303033
348 1.50576 1.0007 0.0891125 -1.1216
349 0.963378 0.487405 0.10872 -0.823841
350 3.97553 -3.65768 -0.192792 1.54565
351 2.33493 0.0727067 -2.24361 -0.642529
352 1.08324 0.636453 0.33005 0.81203
353 4.52732 -0.823917 -4.44348 -0.270763
354 1.59949 -1.10119 0.8137 0.826828
355 1.29035 -0.837432 -0.22071 -0.956554
356 2.29193 0.183331 -1.97336 1.15117
357 3.13938 -0.731578 2.91601 0.904071
358 2.09214 -1.14807 -1.74459 0.123968
359 4.91176 -0.411269 -4.1891 -2.53135
360 5.17582 0.470862 1.67111 4.87594
361 3.08087 -0.604858 1.75799 -2.45671
362 2.59135 1.45794 -2.03991 -0.654403
363 1.71982 -1.08502 -1.13454 0.702367
364 1.94722 -0.909094 1.6075 -0.617385
365 4.85082 -2.47948 -4.11617 0.663135
366 5.138 4.29605 -2.75586 -0.590135
367 2.33018 -0.982953 -1.70515 1.2474
368 3.53514 -1.96222 2.68188 -1.20598
369 2.77921 -2.10812 -0.74725 1.64968
370 4.61404 3.88768 1.81613 -1.69619
371 1.44413 -0.767261 0.919896 -0.806611
372 2.83853 -1.78568 0.163812 2.2004
373 4.32944 2.96899 2.33124 -2.12002
374 2.01653 -1.62423 -0.335577 -1.14703
375 4.43125 0.365705 0.16967 -4.41288
376 2.46552 1.77854 1.33728 -1.06173
377 1.26924 -0.916687 0.238475 -0.844854
378 2.79109 2.64607 -0.259645 -0.849167
379 4.22742 -3.40414 -2.46347 0.462837
380 1.26029 -1.05677 0.684822 -0.0509215
381 2.03333 1.56348 -0.28843 -1.26759
382 0.8561 -0.518536 -0.0125605 -0.68108
383 1.21899 0.122939 -0.701603 0.989233
384 4.20887 -0.909211 -1.77106 3.70827
385 4.39236 -3.37976 -2.05648 -1.90811
386 0.797753 -0.342095 0.526288 0.492344
387 1.82263 -0.0803901 0.941295 1.55868
388 1.18592 -0.769724 -0.43012 0.793055
389 6.70245 -2.37546 -3.0982 -5.44805
390 1.68489 1.50703 0.202053 -0.725866
391 2.18432 -1.68414 0.876977 -1.07974
392 2.38252 0.404791 2.28824 0.525848
393 2.09477 0.844473 -0.0511589 1.91633
394 2.68293 -1.75744 -0.388042 -1.98971
395 2.03244 -0.23104 0.252217 2.00345
396 3.07393 2.70465 1.45589 -0.119585
397 1.75527 -1.08027 1.07167 0.874926
398 0.976381 0.341373 -0.057004 -0.912981
399 3.12769 -0.0400402 -2.74106 -1.50581
400 2.88764 0.506774 -2.77655 -0.610222
401 5.37818 -5.12854 0.609164 1.5006
402 3.09282 0.284348 2.51477 1.77781
403 5.19462 2.87845 0.805021 4.2486
404 2.99307 -2.02795 2.19176 0.205124
405 1.80076 0.17174 1.73524 0.449639
406 0.752896 -0.100584 -0.74298 0.0686727
407 3.12459 -0.142249 1.19165 2.88493
408 2.71211 -1.70111 1.83731 -1.04215
409 2.60744 1.15496 -0.378751 -2.30681
410 4.1406 2.34881 3.20217 1.17209
411 5.50675 -4.95109 1.3274 -2.01222
412 2.01246 -0.0777576 -1.9975 -0.232201
413 2.1326 1.46949 -0.773126 -1.33823
414 1.75203 -1.39011 0.0252422 -1.06611
415 1.59709 0.590884 1.43434 -0.379791
416 2.61528 0.845164 0.772558 -2.35129
417 3.69923 -0.85238 3.5957 -0.169421
418 1.82471 1.5864 -0.156739 -0.887892
419 3.06706 -0.657108 -1.48869 -2.59978
420 4.86202 2.38895 -4.13839 0.89773
421 2.05823 -1.80135 -0.830606 0.54912
422 4.80733 3.48575 1.8473 2.74725
423 1.40196 1.26334 0.184093 0.579288
424 2.27953 1.19134 -1.54139 -1.18366
425 4.7524 -0.472024 0.996577 4.6227
426 3.09172 -0.22996 -2.57116 -1.70145
427 5.61695 -2.2568 -3.57289 -3.70019
428 2.79704 -2.57392 0.791392 -0.756347
429 3.47663 -3.01035 1.70992 0.317648
430 2.94047 1.99352 2.10307 0.499363
431 1.17153 -0.501329 0.70658 -0.788605
432 1.58658 -0.841475 -0.0154875 -1.34496
433 3.61033 -3.16882 -1.58838 0.685625
434 2.27537 -1.42077 -0.455925 -1.7178
435 2.96494 2.30199 1.86521 0.112692
436 5.4879 -2.28081 -1.20285 4.84438
437 2.68485 -2.52672 -0.304153 -0.855331
438 2.09945 -1.81256 -0.399852 0.981044
439 1.30471 0.837831 -0.96474 -0.26381
440 4.47766 3.81317 -1.89036 1.39128
441 5.16917 -1.63053 4.90503 0.0481548
442 3.78072 -1.57439 -0.95341 3.30245
443 2.79989 1.42759 -1.35423 -1.99184
444 3.40025 2.72109 1.67954 -1.15608
445 2.54204 -2.19151 1.15782 -0.564551
446 2.27831 1.1931 1.90424 -0.375576
447 4.98351 -0.0692907 3.49759 -3.54928
448 3.16237 0.610146 3.10283 0.0272577
449 2.73195 -2.0255 1.32881 1.26301
450 2.97839 0.0245271 2.91884 0.592068
451 3.39401 0.0852324 -2.31232 2.48299
452 1.35151 -1.28269 -0.042055 0.423686
453 2.55073 1.91362 -0.265808 1.66542
454 1.93726 -0.9324 1.62665 -0.487476
455 3.27415 -2.84233 0.712934 1.46046
456 3.49421 2.44547 -0.500134 2.44522
457 2.56012 2.12326 1.16088 -0.835674
458 1.73858 -0.604173 -1.62083 -0.174752
459 1.46316 0.715279 0.553461 -1.15017
460 1.48508 -0.217032 -1.30678 0.671344
461 3.16291 -2.46703 -1.97866 0.0517518
462 0.634506 -0.282932 0.324502 0.466096
463 2.37573 -1.16998 2.03748 0.352069
464 1.2739 -0.418009 0.984769 0.691611
465 0.579229 0.31563 -0.249192 0.416878
466 3.49635 -0.362362 -3.44313 -0.487912
467 2.27228 -0.751412 -2.14423 0.0301678
468 5.5291 3.96035 -2.89592 -2.54955
469 2.5506 1.11379 -1.23438 -1.93426
470 1.77293 -1.28667 0.125829 1.21324
471 0.560597 -0.123031 -0.537333 0.102011
472 1.95348 -1.709 0.60374 0.728649
473 1.22826 -0.00672301 0.0600796 -1.22677
474 3.39978 3.3607 -0.11002 -0.502073
475 3.03737 -2.34146 -1.86899 -0.50002
476 3.8086 -1.11258 1.78596 3.17458
477 1.23648 0.239655 -0.215195 -1.19379
478 3.32779 2.42801 0.290662 2.25709
479 2.25137 1.70227 -1.47338 0.00914599
480 3.04323 -2.23931 -0.121966 -2.05715
481 2.09231 -1.85428 0.949023 -0.196942
482 3.26189 -1.45338 2.91083 0.233918
483 4.73583 3.44569 2.318 2.27643
484 1.8193 -1.16391 1.37798 0.237372
485 3.97336 -1.74959 -3.53616 0.471288
486 2.96611 0.128786 -1.46857 -2.57382
487 3.14676 -2.66555 -1.66423 0.165232
488 2.85028 1.64798 -2.32313 -0.106308
489 1.24267 1.03772 0.470241 0.496237
490 2.4424 1.17758 -1.19482 -1.77512
491 1.96587 -0.421107 1.88617 0.360148
492 3.49051 0.96344 -3.21087 0.972486
493 3.09757 0.493759 2.62975 -1.56062
494 3.73901 -0.421464 -0.0216665 3.71512
495 3.37329 -0.185297 0.616572 3.31128
496 4.82771 -4.5025 -0.488375 -1.67206
497 3.78047 1.92855 3.00764 1.23561
498 1.8996 -1.50888 -0.936795 -0.673915
499 3.0605 -0.0328715 0.940936 -2.91208
500 3.11206 0.879599 -1.6502 2.48758
501 2.36878 1.91294 0.843613 -1.1136
502 2.23024 1.2878 -0.992008 -1.52692
503 3.10526 -1.22305 -1.33418 -2.52325
504 3.62941 -3.18848 -1.71436 0.259175
505 4.5206 -2.32347 -1.024 3.74016
506 2.66685 -2.33141 1.19548 0.497427
507 2.37292 0.513986 1.66863 1.60694
508 3.49641 1.89714 1.14741 -2.70356
509 0.381006 0.155779 -0.306023 0.16507
510 3.35206 -0.610102 1.71638 -2.81392
511 4.43069 3.53304 -2.67321 -0.0505505
512 2.93253 -0.153747 0.439701 2.8953
513 1.91746 1.50815 -0.0035438 -1.1841
514 1.83014 -1.48981 -0.996959 0.368691
515 3.9455 0.709276 0.271538 3.87171
516 3.43205 0.980856 1.6869 -2.82333
517 4.63477 -4.02258 1.51906 1.72986
518 0.861403 0.678796 0.128532 -0.514519
519 5.17893 3.73645 3.11768 1.7721
520 6.07851 -2.29288 -5.01173 2.5639
521 3.7708 -3.7161 -0.584641 -0.260156
522 2.58753 0.522988 1.84205 1.74031
523 2.5119 -1.92168 -0.107443 1.61408
524 5.44192 -3.42927 -3.71402 -2.01512
525 3.00398 1.6082 1.72775 1.85808
526 1.67541 -1.3087 0.591225 -0.862989
527 2.34278 -1.98937 -0.710063 -1.01332
528 3.41317 1.49727 -2.86242 1.10205
529 2.2181 1.99977 0.759762 -0.586232
530 1.74604 1.0523 0.0817914 1.39092
531 2.36536 -1.04408 -1.00099 -1.8716
532 1.59673 -0.587544 -1.32512 -0.669632
533 2.73942 -1.17637 -0.278025 -2.45831
534 1.71479 -1.54309 0.190735 -0.723176
535 4.52298 -2.71389 1.47691 -3.30316
536 1.81129 -0.113591 -1.31961 1.23551
537 1.94275 0.822042 0.274896 1.73866
538 4.99081 -3.0509 -1.35237 3.71097
539 1.6803 -0.548412 -0.0848958 -1.58602
540 5.57219 -0.700651 -3.01171 4.63551
541 3.47498 3.28638 0.452729 -1.03449
542 3.86777 -3.62308 -0.962395 0.952212
543 2.64038 -0.36902 -2.37342 -1.09651
544 4.17344 -2.50781 -3.3215 -0.310042
545 2.33225 -0.670388 0.687336 -2.12545
546 1.79439 -0.11631 -1.20445 -1.32499
547 2.16437 0.187121 -1.705 1.32002
548 3.88623 -2.05642 2.81765 1.71312
549 4.23045 -3.97803 -1.20016 0.794731
550 3.01785 0.219743 2.48534 -1.69771
551 1.62055 -0.500252 0.974937 -1.19392
552 3.36168 -1.8875 -0.137019 2.7784
553 3.11062 0.0732502 1.76586 2.55975
554 4.0205 1.8482 2.28682 2.74208
555 4.12369 -1.48201 3.72664 0.959482
556 2.78179 -1.72867 -0.667181 2.07483
557 2.111 -1.91749 -0.476878 0.743042
558 2.72548 2.29844 -0.808319 1.22149
559 0.595506 0.563702 0.180716 -0.0648803
560 3.39849 0.252781 2.98484 -1.60516
561 2.96833 0.56961 2.8456 0.62378
562 2.72488 0.196419 2.37581 -1.31982
563 2.17276 1.65668 1.39848 -0.143487
564 2.2996 -0.425622 -2.25723 -0.109195
565 3.1265 -2.73934 -1.07292 1.05825
566 5.19211 2.64398 3.53761 -2.72997
567 3.0366 0.126115 0.254277 3.0233
568 3.02628 0.205031 -1.36189 2.69474
569 4.82998 2.24819 -0.295102 4.26466
570 2.61218 0.117317 -2.05542 -1.60778
571 1.55893 -0.331609 0.0573226 1.52217
572 0.840232 0.100007 0.626461 0.55094
573 1.83086 0.00973454 -1.81336 -0.252352
574 2.60799 -0.891555 -1.95916 -1.47255
575 0.793953 -0.379134 -0.609961 0.338478
576 3.36533 -2.33481 1.64711 -1.77796
577 1.53208 0.585488 -0.695445 -1.23322
578 2.4539 1.91453 -1.3766 -0.679105
579 4.19835 -0.153378 -4.06919 -1.02194
580 2.50527 -0.311558 2.08799 -1.34893
581 0.966876 -0.383188 -0.752893 -0.470285
582 2.93073 -2.02818 -0.528335 -2.04854
583 4.82953 0.606722 3.08241 3.66811
584 2.56927 -1.63168 -0.702706 1.85606
585 3.7701 -1.50035 1.77072 2.97105
586 2.89195 2.32082 -0.514473 1.64695
587 3.0893 1.91375 1.99325 1.3814
588 2.26156 1.37944 1.53143 0.930878
589 1.28446 0.721428 1.06113 -0.0581159
590 2.10275 1.38925 -1.3534 0.812317
591 2.27127 0.300484 1.54832 1.63435
592 4.15244 1.47565 -3.4773 -1.72441
593 2.4651 0.904307 -0.157772 2.28781
594 2.28509 2.15345 -0.763987 -0.0249775
595 3.26245 2.37555 -1.84245 1.26719
596 1.19186 0.222529 0.00210139 1.1709
597 1.93464 1.02969 -1.58228 -0.423046
598 4.54452 -2.44603 0.721312 -3.76155
599 1.66 -1.37185 -0.171628 0.918786
600 1.79152 1.47939 0.325091 0.956685
601 4.05241 -2.00918 3.3927 -0.93533
602 3.60057 -1.29596 -3.26599 0.78604
603 2.87197 2.19067 -1.05432 1.52891
604 2.61537 1.03557 0.0729885 2.4005
605 2.73554 -0.959348 2.12137 -1.43618
606 2.87845 -1.07432 -0.0896589 -2.66895
607 3.19804 2.76415 1.55808 0.399177
608 1.42818 0.0637447 -0.837912 -1.15479
609 3.33802 2.40524 1.59312 -1.67904
610 2.1169 8.05037e-05 2.10234 0.247822
611 3.51131 -3.10048 -1.57233 0.494091
612 2.74189 1.44159 2.22138 0.710798
613 1.1628 -0.568907 -0.85362 0.547514
614 0.810052 -0.528533 -0.405358 -0.461001
615 1.1915 -0.937976 0.553638 0.48307
616 2.63819 1.03173 2.42224 -0.16825
617 2.63756 -1.54941 -1.84781 1.0685
618 2.4636 -1.81447 -1.12399 -1.23031
619 2.24319 0.845293 1.28844 -1.63012
620 1.19207 0.574447 -0.280724 -1.0061
621 4.08608 2.80092 -2.13601 2.07084
622 4.10406 0.903575 -3.48153 -1.97632
623 4.54038 -1.37067 -2.82609 -3.27864
624 2.57541 1.1845 0.837686 2.12791
625 3.27213 -1.60322 2.5386 -1.30079
626 3.59955 -0.683399 -2.1515 2.80371
627 2.8939 -2.77776 0.803649 -0.113431
628 2.93828 -2.80535 0.512626 0.707613
629 0.892078 -0.500704 -0.346209 -0.652102
630 4.0024 0.630286 3.74719 1.25718
631 4.4774 3.34797 -2.07947 2.12463
632 2.05109 1.34086 1.52142 -0.307202
633 4.48207 -1.65524 2.24887 3.50595
634 1.24537 1.03915 -0.574112 0.3762
635 4.47443 4.09044 -1.56953 0.90848
636 1.09425 0.611888 0.878458 -0.226486
637 3.83986 -2.18663 0.58054 3.10261
638 1.7217 0.174136 -1.12467 1.29191
639 4.24715 2.00457 3.73598 -0.249843
640 3.31384 0.138673 0.26175 -3.30057
641 3.84089 1.70612 3.39257 0.576242
642 2.11177 1.11152 1.54992 -0.906574
643 3.54143 -3.08477 1.72308 -0.238629
644 2.16681 1.73101 -1.22641 -0.441135
645 2.45971 -1.79249 -1.61257 -0.486618
646 1.82797 -0.146451 -1.39353 1.17393
647 2.53183 2.10714 -0.82655 -1.13444
648 2.50593 0.156015 -1.28331 2.14673
649 0.768342 -0.459156 -0.443208 0.427893
650 0.973062 -0.53924 -0.746316 -0.314774
651 4.64756 -4.2658 -1.19344 1.40655
652 2.05472 0.883447 1.04793 -1.53076
653 3.16717 1.95767 2.21695 1.13298
654 1.28806 0.702606 0.855692 0.658196
655 2.16722 2.13142 0.0497442 -0.389089
656 2.85 -0.217841 0.609081 2.77562
657 2.81468 -2.17984 1.46469 -1.01263
658 1.78755 1.75393 -0.336407 -0.0766754
659 3.19138 0.930583 -2.72365 -1.37863
660 2.21366 1.22819 0.614502 -1.73615
661 1.91102 -1.72785 -0.647807 0.49687
662 2.48645 -1.88073 1.36451 0.885092
663 1.06951 0.00038207 -0.373836 -1.00204
664 0.84445 -0.240916 -0.766492 0.259894
665 2.95158 -1.33366 2.17208 -1.48838
666 3.44602 -3.30436 0.685039 -0.697844
667 3.99944 3.25812 -0.94258 -2.11936
668 2.44493 -1.075 2.19519 0.0566223
669 1.1387 0.0509295 0.0907183 1.13394
670 4.03455 0.722622 -1.52364 -3.66523
671 3.89603 -3.33685 0.304064 -1.98799
672 1.57921 0.624272 -1.39737 -0.389297
673 3.75449 -2.06712 3.08659 -0.544185
674 1.68117 -0.316598 0.724432 -1.48368
675 4.72476 0.885865 -3.59074 -2.94026
676 3.93458 2.87668 -1.03538 2.47661
677 2.66479 -0.891575 2.42508 -0.652064
678 2.01998 -0.62841 -1.91818 -0.0777124
679 4.97015 -2.06826 -4.17615 -1.72755
680 2.51618 1.56235 0.83378 1.78747
681 4.8305 -0.676748 3.03847 3.6937
682 7.69506 -5.85211 1.30482 4.82329
683 3.25896 -2.89549 0.756439 1.29024
684 1.95601 1.1534 0.310302 1.54899
685 6.52285 -2.61759 1.57168 -5.76416
686 0.837594 -0.310713 0.0868394 0.772968
687 1.57238 -1.55306 0.193656 -0.151311
688 4.98881 4.09217 1.87776 -2.14857
689 3.85387 3.28865 0.70525 1.88142
690 2.29308 0.429797 -1.73392 1.43771
691 2.13934 0.445679 -0.0529206 -2.09173
692 2.81235 -2.2783 1.20611 -1.12427
693 2.27461 -1.5994 -0.842647 1.38048
694 3.68928 -0.458236 -2.44205 2.72713
695 0.197264 0.149076 -0.0605443 0.114123
696 2.79785 1.87936 -0.730195 -1.9398
697 3.51475 0.254417 1.84808 2.97882
698 2.06976 0.116596 0.388147 -2.0297
699 1.46601 0.143944 1.12002 0.93489
700 4.01239 -2.66238 1.1063 2.79053
701 1.11072 -0.937239 -0.00795135 -0.595999
702 4.97931 1.74134 2.86914 3.67821
703 1.39341 -0.509081 -1.29276 -0.105816
704 1.21115 1.09575 0.289874 0.426825
705 3.70343 3.60351 -0.548792 0.654941
706 3.10209 0.719959 2.33028 1.91688
707 3.65794 -0.316039 -1.91879 -3.09821
708 2.52888 -1.19825 0.721075 -2.10701
709 1.69458 1.06439 -0.879189 -0.982694
710 3.32185 1.42254 2.42776 -1.76553
711 3.35788 -2.92035 -0.588164 -1.5495
712 4.19834 1.54155 0.643953 -3.85162
713 2.81889 1.47175 -0.65359 2.31364
714 3.55663 -2.96488 -1.2224 -1.53781
715 4.30691 -2.29536 3.58282 -0.666505
716 2.99408 2.16372 1.49262 1.4335
717 4.09932 -0.125019 3.24293 -2.50443
718 2.85336 2.22118 1.67925 0.622997
719 2.31055 0.462401 2.26326 0.0499967
720 3.12653 2.48575 0.628082 1.78934
721 5.5573 3.99132 2.89881 2.55926
722 3.6789 -2.99199 -0.580098 -2.06053
723 2.57672 0.349582 2.30768 -1.09175
724 2.11633 -0.96085 1.02943 1.57983
725 2.13186 -1.239 -0.842084 1.51677
726 2.11837 1.53184 -0.202455 1.44913
727 2.51717 0.397531 -1.08557 -2.23599
728 1.37807 -0.334691 0.592861 -1.19815
729 5.0588 -4.36696 -2.53664 0.294121
730 2.33089 1.14456 -1.0487 1.73875
731 3.09462 0.964802 -2.80416 -0.884606
732 1.3621 1.00214 0.607534 -0.694219
733 2.90031 -2.56268 -0.210631 -1.34168
734 4.05813 3.66665 -1.67198 0.478094
735 3.53597 -1.72748 1.66027 -2.60046
736 3.98607 1.1416 -0.186451 3.81455
737 5.96482 2.7685 4.23547 -3.15837
738 3.66863 0.544339 -1.36388 3.3619
739 3.62359 -2.35881 0.606666 2.68298
740 3.33016 1.96954 0.208133 2.67723
741 3.29764 -0.935803 -2.83887 1.39265
742 3.98765 3.37045 1.86109 -1.03817
743 2.92445 -1.45823 -1.38628 2.12231
744 1.87708 -1.38388 1.1274 -0.580764
745 2.27571 0.070917 2.21139 -0.532516
746 3.36788 0.448928 -2.83111 -1.76803
747 4.35162 1.6733 3.34837 -2.21924
748 2.81836 -1.11135 1.77675 1.88447
749 6.87358 -0.535359 -1.26175 -6.73553
750 1.51355 0.150595 -1.11351 1.01403
751 1.85553 -0.734101 -0.0775197 -1.70238
752 4.69317 -1.38619 4.21311 1.53426
753 2.33752 -1.14669 0.956509 1.79838
754 1.38715 0.19999 0.810248 1.10801
755 5.84973 3.17414 -3.84676 -3.05723
756 3.10532 -1.36613 -2.74985 -0.463711
757 0.948821 0.847198 0.196163 0.379522
758 2.61997 -2.02152 1.2538 1.09804
759 3.21018 0.683898 -3.1079 0.422468
760 2.93119 1.69865 -1.17339 -2.08077
761 3.29239 -1.02302 -2.36896 2.04482
762 3.55065 0.675998 -2.33137 -2.5913
763 4.13795 3.04602 -1.05299 -2.59529
764 4.15343 -1.37097 3.60828 1.53352
765 3.46593 -0.397945 1.81874 -2.92343
766 2.62188 -0.711015 1.93564 1.61927
767 0.877991 0.602344 -0.0526789 0.636613
768 1.88959 -0.196561 -1.87482 0.130281
769 3.32192 -3.16749 0.835378 0.551664
770 2.2787 0.645632 2.18412 0.0724819
771 1.9124 0.381958 1.86645 -0.166581
772 2.80919 -0.719067 2.091 -1.7327
773 1.75408 0.604198 -1.59671 0.402806
774 1.32211 -0.510591 -1.21879 0.042614
775 3.26031 3.00874 0.538189 1.13467
776 4.01527 -1.63006 2.97529 -2.14778
777 2.93353 -1.69056 2.3834 -0.258848
778 2.63351 2.54267 0.544055 -0.417378
779 1.87296 -0.205614 -1.58981 -0.968609
780 2.64599 1.42154 0.978168 -2.00591
781 5.28118 3.52333 1.80328 3.49645
782 2.9326 -1.16878 2.50525 -0.978676
783 2.44115 1.68893 -0.743684 -1.59802
784 2.25856 0.93303 -0.425427 -2.01235
785 1.80449 -1.51471 -0.683984 -0.702842
786 3.51611 1.12221 -0.389968 -3.30932
787 2.7362 1.12626 0.261072 2.47996
788 0.617038 -0.0910535 0.406072 0.455578
789 3.87529 -2.90873 -1.38772 2.15206
790 4.12125 3.17286 -0.703042 2.53445
791 1.64763 -1.05834 -0.800985 0.976233
792 3.14527 -1.54957 1.93068 1.94011
793 4.1344 0.343776 -3.66901 -1.87441
794 3.45928 1.65607 -0.289225 -3.0233
795 0.74544 -0.0695499 -0.737975 0.0789719
796 4.62666 -0.0213051 -3.12088 3.4155
797 1.57382 -0.806202 -1.19232 -0.636648
798 2.95446 -0.275994 2.10483 2.05484
799 1.25336 -0.338382 0.0151149 -1.20672
800 3.97629 -0.715716 -3.84901 -0.69552
801 2.08901 1.95602 0.662906 0.313833
802 1.26563 -0.968975 -0.460487 -0.671456
803 3.05523 -1.13654 -0.471846 -2.79644
804 3.54435 1.22595 -2.98144 1.47326
805 2.58214 -0.363647 2.20031 -1.30147
806 4.34396 4.30768 -0.172148 0.533215
807 1.87183 0.108136 1.8344 0.356456
808 2.88611 -1.37171 -1.18991 2.24325
809 3.10751 2.06888 0.899079 -2.13729
810 1.8274 -0.836324 1.4443 -0.744297
811 5.09621 -3.0865 1.80914 -3.62931
812 1.13715 -0.456829 -1.02164 0.20164
813 2.64889 -0.80555 1.52936 2.00719
814 3.90477 -1.16073 2.63332 -2.63924
815 4.40828 1.9194 3.86889 -0.88343
816 3.4298 -3.12804 -0.824274 1.13993
817 2.16105 -0.706942 0.525741 -1.97331
818 1.44579 1.13923 -0.23249 0.85931
819 3.81094 -0.954596 1.66717 -3.29128
820 2.64094 -0.142213 2.25445 1.36814
821 3.68451 -1.84491 2.69165 -1.71083
822 4.3529 3.88697 -1.76327 -0.854446
823 1.11209 0.350187 -0.904218 0.544521
824 2.03596 0.289552 1.4278 -1.42221
825 3.27987 -0.407521 -2.52769 -2.04995
826 2.8225 1.6166 2.31249 -0.0741061
827 6.24802 0.884768 4.93983 -3.72196
828 3.48593 -3.16479 -1.1816 0.860018
829 1.99112 0.708486 -1.39857 -1.22744
830 3.77835 1.9991 -1.09174 3.01457
831 3.07751 2.36125 0.438662 1.92436
832 1.14992 -0.587385 0.983473 0.100406
833 2.248 0.305905 0.485746 -2.17347
834 3.80384 -1.32278 -1.74255 -3.11175
835 3.50646 1.94619 1.10222 2.70051
836 3.40247 -2.10117 2.04252 -1.72916
837 4.45195 0.161759 3.60821 -2.60279
838 3.75945 2.21729 1.92835 -2.34491
839 1.50811 0.0832762 0.179459 1.49508
840 3.13742 2.26216 0.893376 -1.9819
841 1.51688 -0.242707 -1.41292 0.495667
842 1.76856 1.68484 -0.0647046 -0.533784
843 1.79855 0.853331 -0.382476 -1.53634
844 2.7031 0.932669 -1.91195 1.66773
845 2.46969 1.2032 2.15072 -0.161521
846 2.64595 -0.0722259 -2.61209 0.415758
847 2.58595 1.69559 -1.9367 -0.247639
848 1.20374 0.0744453 -1.17762 0.238064
849 3.01474 -0.0784829 -2.73454 -1.2668
850 2.05116 1.04703 -1.13403 1.35091
851 2.80939 -0.966228 2.50583 0.824541
852 2.23742 0.889085 1.60912 1.27528
853 1.2889 0.139584 -0.743507 -1.04354
854 1.76198 -1.71029 0.399567 0.140854
855 2.82637 -2.33011 0.692547 -1.442
856 0.72039 -0.0904219 0.294183 -0.651338
857 3.39664 0.53761 -3.15419 -1.13983
858 3.9203 3.4937 1.12598 -1.37657
859 2.05893 1.33016 -1.56715 -0.117866
860 2.51418 0.841055 1.82015 -1.51684
861 1.38683 0.778151 -0.714042 -0.898846
862 3.68935 -0.496376 0.198446 3.65042
863 4.69262 -0.972735 -4.4611 1.08304
864 2.56124 -1.06895 -2.26979 -0.515124
865 3.93751 3.04095 1.96214 1.55131
866 1.54279 -0.684118 -0.104919 1.37883
867 3.06016 2.39383 -0.651728 -1.79148
868 1.41793 0.118836 -0.535486 -1.30753
869 2.31018 -1.7547 1.40452 0.534147
870 2.90906 0.0278103 -2.90446 -0.161151
871 4.2616 -3.41628 -1.92696 1.66646
872 4.36647 -3.61534 -1.76378 1.69837
873 3.5408 -0.147766 -1.9553 2.94826
874 1.90339 -1.78105 0.657014 -0.138216
875 0.771835 -0.0447881 -0.285958 0.715508
876 1.56136 0.671629 1.37969 -0.288443
877 2.05033 -0.480199 1.91714 -0.545741
878 2.76876 1.43255 2.33164 -0.421052
879 2.79606 0.0402312 1.27367 2.48879
880 5.72317 0.879091 3.42214 -4.50231
881 1.87784 1.78735 -0.28039 -0.503016
882 2.67042 1.28969 -1.27926 -1.95739
883 3.62071 0.260821 -3.2859 -1.49812
884 3.00346 1.27001 -0.121344 -2.71904
885 2.11819 -0.166992 -1.83935 -1.03713
886 1.58639 1.25141 0.756015 0.615675
887 5.284 4.68887 1.49019 1.9273
888 2.07182 0.80672 -1.65056 -0.957753
889 2.42176 -1.4121 1.81839 0.751238
890 3.03275 1.44185 -1.88606 -1.88717
891 0.6197 -0.550959 -0.280088 0.0449835
892 3.33307 0.830265 -0.311263 -3.21296
893 2.96641 2.05544 -2.12437 -0.248556
894 2.64979 0.724784 -2.33768 -1.01555
895 2.71936 1.06667 0.926536 2.3235
896 3.89707 -0.69988 2.66807 -2.75294
897 5.50728 -5.2462 0.872622 1.43041
898 2.32716 -1.33399 -1.40481 -1.28945
899 2.742 1.73319 1.66014 1.3261
900 3.71626 3.04326 1.82175 1.10921
901 3.73022 -2.45324 2.04091 1.93156
902 2.64189 -0.36989 2.61406 -0.0972147
903 3.50299 -1.06907 2.55886 -2.14015
904 2.4519 -1.80923 -0.84499 -1.42284
905 3.96446 2.68992 2.59474 1.32233
906 4.75143 4.61631 -0.0361218 -1.1245
907 3.47521 3.27538 -0.272212 1.12909
908 0.58098 -0.346945 0.0176887 0.465676
909 2.89479 -2.75565 0.642551 -0.610991
910 2.2662 -1.83216 -0.844958 -1.03196
911 4.28143 -1.32107 1.4914 -3.78961
912 1.95033 1.54521 1.05091 -0.558303
913 2.00232 -0.371078 -1.95176 -0.249404
914 2.46422 -0.070224 1.07591 -2.21582
915 2.74616 2.21527 1.54704 -0.490552
916 2.16395 1.64845 -1.09277 -0.878138
917 2.18913 2.09392 0.157567 -0.61886
918 1.82114 0.486593 -1.75281 -0.0860944
919 3.57433 -0.863621 2.67977 2.20201
920 0.787042 0.598154 0.469413 0.203219
921 4.33393 3.48016 -1.13116 -2.32204
922 2.27794 0.81013 1.86285 -1.03077
923 3.98255 1.30112 -0.379675 -3.74481
924 3.11583 0.505656 -2.75374 -1.36734
925 3.90381 1.53545 -0.856262 3.48553
926 0.354725 -0.263529 -0.114411 -0.208068
927 1.68552 1.08861 0.717917 -1.06795
928 2.21268 -0.216844 1.17516 1.86224
929 2.33046 2.16757 0.555976 -0.650813
930 3.58985 0.39575 0.228905 3.56061
931 4.42467 0.467703 3.14523 -3.07676
932 1.12211 1.0854 -0.14017 -0.247773
933 1.30938 -0.317463 -1.16706 0.501667
934 5.27781 -1.85478 4.90642 0.584878
935 3.15809 2.08569 -1.76374 1.58512
936 1.43893 -1.10186 0.676281 0.631723
937 4.19364 0.705287 0.370341 -4.11729
938 3.67688 3.3581 1.2043 0.890112
939 1.55782 0.608565 0.477796 -1.3521
940 2.5813 2.449 -0.253558 0.775355
941 2.01868 -1.80797 0.312283 -0.841902
942 3.55956 -2.02999 -2.65764 1.21926
943 1.74272 0.247644 -1.09342 -1.33423
944 0.571565 0.436669 0.137998 -0.342
945 2.61321 2.58184 0.397473 -0.0708015
946 5.7967 2.0536 -2.39555 4.86269
947 3.02557 -0.637828 2.9229 0.451602
948 4.25621 2.31978 2.61302 -2.43024
949 2.31967 -0.929693 1.17519 -1.77072
950 1.43268 0.525346 0.656704 -1.15987
951 1.4505 -0.149124 0.610809 1.30715
952 3.37133 1.05682 1.22793 2.95655
953 2.89706 -0.936416 2.38453 -1.35281
954 2.4377 -2.18149 1.08784 0.00959471
955 2.59791 -1.80875 1.07438 1.52422
956 0.681901 -0.2432 0.63701 0.00785812
957 1.58495 1.21251 -0.615138 -0.814547
958 3.6583 2.95194 -0.931691 -1.94965
959 3.81921 2.7429 2.50744 0.880715
960 3.43032 1.00333 -3.16725 -0.853803
961 3.15244 0.249963 0.213033 -3.13528
962 0.793111 0.0325588 0.419181 0.672497
963 1.27832 -0.956481 0.682407 0.503558
964 2.11863 0.350514 1.71861 1.18833
965 3.34283 2.88222 -0.994107 -1.3708
966 1.67449 0.845573 -1.41556 0.29172
967 3.07089 0.755151 -1.22689 2.71199
968 1.14701 -1.11662 -0.262121 0.0095455
969 2.37958 -0.576596 -2.30457 -0.137474
970 1.63394 1.09719 -0.401862 -1.14212
971 2.07629 -1.0947 -1.31797 -1.17285
972 1.39689 0.247474 -1.36937 0.122025
973 2.11182 1.53735 1.43709 -0.176326
974 2.586 1.88485 -1.08616 1.39822
975 2.02222 -1.89969 0.506081 0.473759
976 2.16689 1.39301 -1.02534 1.30523
977 4.65977 3.55453 3.01301 -0.0225452
978 4.32203 2.29693 3.50436 -1.05994
979 2.08557 -1.4848 -0.856063 -1.18834
980 4.07756 0.862245 3.34176 2.17156
981 2.218 0.561588 -0.191792 2.13714
982 2.65342 -1.97808 1.49653 0.942466
983 2.98391 -0.415515 -2.1847 1.98951
984 5.04187 1.00999 -3.63247 -3.34747
985 2.38943 0.750242 -1.10089 1.98357
986 1.44257 -0.0207647 -1.30894 0.606017
987 2.53058 -1.98703 -0.789115 -1.35383
988 3.54237 -0.0389774 0.540259 -3.50072
989 4.96504 2.22722 1.93503 3.99334
990 2.40093 1.5379 -1.30067 -1.30675
991 2.88291 2.33547 -0.250204 -1.67157
992 1.47202 -0.350433 -1.42519 -0.113503
993 1.2742 0.0935222 0.0273719 -1.27047
994 4.43138 0.382669 0.148126 4.41234
995 5.34252 -3.4218 2.51549 3.24131
996 2.38771 -2.05053 -0.174254 -1.21084
997 2.78442 0.0874623 2.58081 -1.04154
998 2.11595 -0.561657 0.666487 1.9281
999 3.05145 -1.80112 2.43245 0.387937
1000 2.9711 -1.89718 -1.88729 1.29084
1001 2.09259 -1.69638 0.549163 -1.09527
1002 1.07781 -0.422985 0.895416 0.42544
1003 2.95451 1.87442 0.874009 2.10992
1004 4.193 3.86691 1.38957 0.83506
1005 2.72506 1.20049 2.17105 1.12752
1006 1.80745 1.12138 -0.882375 -1.1094
1007 2.1198 2.08815 0.312955 -0.18763
1008 2.9956 2.58347 -0.0380122 -1.51588
1009 2.90286 2.68901 -0.902761 -0.617154
1010 2.58403 -1.77003 0.0851436 -1.88068
1011 1.55146 -0.168218 -0.303024 1.51225
1012 2.04495 0.667592 -1.19962 -1.5156
1013 3.03395 2.21127 -1.67967 -1.22222
1014 3.37425 -1.64087 -1.57856 -2.49024
1015 4.25712 2.81221 0.264344 3.18507
1016 4.96864 4.37922 0.880552 -2.17588
1017 1.95055 -0.633303 0.849493 -1.63766
1018 3.03101 1.76992 1.47715 1.96786
1019 2.45316 1.64502 0.63493 1.70551
1020 1.15837 -0.570417 -1.00766 0.0324007
1021 3.33281 1.13945 2.72155 1.54998
1022 3.12074 -0.121443 3.11068 0.218944
1023 3.537 0.603826 1.14745 3.29076
1024 3.33192 1.82915 2.7714 0.274414
1025 6.29417 -4.11423 -2.49611 4.05698
1026 1.81932 0.211284 1.44235 1.08854
1027 1.80482 1.0809 0.218032 -1.42881
1028 1.89968 0.161197 1.06739 1.56316
1029 2.03636 0.160011 1.75694 -1.01702
1030 1.92217 -1.70892 0.164771 0.864398
1031 2.73891 -0.211803 -2.72895 -0.0977993
1032 1.63672 1.31293 0.919315 0.331526
1033 3.59278 -1.54373 -2.22523 -2.36079
1034 2.41658 1.28271 -0.867206 1.85538
1035 4.28898 0.273084 -3.01273 -3.04043
1036 0.922548 -0.214002 0.880489 0.173315
1037 3.64725 0.10814 -2.25114 -2.86759
1038 3.14264 -0.205963 1.80686 -2.56302
1039 2.13991 -1.01089 -1.88003 0.151049
1040 2.26906 1.18056 -0.773417 1.77672
1041 3.12383 -2.38649 -1.07249 1.70667
1042 4.82079 -3.55807 -3.12343 -0.907927
1043 4.93583 3.73977 2.90009 1.40216
1044 1.7204 -1.38786 0.953734 0.352151
1045 3.29483 3.13981 -0.424957 0.903809
1046 3.7697 -1.5226 -1.67623 3.01373
1047 0.975358 0.227246 0.464843 0.826804
1048 3.90048 2.71896 1.89071 2.06063
1049 4.9333 1.01109 -2.11943 -4.33857
1050 3.00848 -0.635676 2.93913 0.0917339
1051 4.05076 1.59333 -2.39722 2.85014
1052 4.46352 0.998255 -4.1856 -1.18628
1053 2.36695 2.04938 0.741014 0.923798
1054 3.68049 -0.316588 3.66637 -0.059373
1055 4.00966 2.56066 -2.99128 0.756701
1056 1.06914 -0.200864 -0.303988 -1.00514
1057 3.1638 2.36475 -2.07948 0.305554
1058 1.91221 1.69781 0.815483 -0.330108
1059 4.54422 2.25858 3.9052 0.54602
1060 2.77246 -0.889052 2.61255 -0.265845
1061 1.47304 0.4566 -0.315204 1.36455
1062 3.80709 0.734834 -2.4913 -2.78342
1063 3.1097 2.46932 -0.781342 -1.72111
1064 2.1695 0.643515 0.284039 -2.0523
1065 2.48753 -1.05169 1.98556 1.06738
1066 1.44245 -0.783441 -0.0282077 1.21082
1067 1.13763 0.228092 -1.07167 -0.306104
1068 2.25457 2.09064 -0.563946 0.627905
1069 3.60461 2.51758 2.26581 1.23332
1070 2.15864 0.460327 -1.87334 0.968725
1071 4.63233 2.42732 -3.86494 -0.793022
1072 3.70008 1.45812 -2.45676 -2.35134
1073 5.292 4.61803 -2.35465 -1.06523
1074 2.38168 -2.04935 0.330372 1.16766
1075 3.71696 1.38627 -3.31099 -0.965077
1076 1.68019 0.0765475 -0.683304 -1.53306
1077 3.50285 2.91412 0.86116 1.74248
1078 1.18608 0.567918 1.02689 0.172489
1079 2.74534 1.63688 -2.20363 0.0393133
1080 3.23605 -1.69699 -1.32969 -2.41333
1081 4.47935 0.728489 3.62515 -2.52828
1082 4.41576 -1.66703 -1.31549 3.87162
1083 3.88421 2.1075 2.30732 2.3069
1084 2.72093 0.121947 2.52854 0.997523
1085 2.59368 -2.58512 -0.0559942 -0.20301
1086 2.08769 -1.29754 -1.13388 1.17863
1087 3.24173 2.62873 -1.67676 -0.887146
1088 2.6611 1.59231 0.866515 -1.94812
1089 3.56199 -2.57558 2.39582 0.560519
1090 0.567394 0.462075 -0.325487 -0.0498115
1091 2.36526 1.95072 0.163666 1.32754
1092 1.45196 0.740745 -1.07298 -0.638898
1093 1.66163 -1.07542 1.13061 0.571148
1094 2.38737 0.329671 -0.745141 2.24402
1095 2.56383 -0.406374 -1.44947 2.07536
1096 2.88447 1.63308 -0.511766 -2.32192
1097 3.80654 -0.68754 0.500857 3.71028
1098 1.74848 -0.801143 0.705921 1.38457
1099 2.27638 1.3814 -0.813352 1.61619
1100 2.76045 2.59318 0.94627 0.00856728
1101 3.76844 -1.8749 -2.75692 -1.7565
1102 0.958411 0.933137 0.0357922 0.215699
1103 2.88069 -0.971813 -1.60106 -2.18874
1104 2.25952 -0.225413 1.23412 -1.87924
1105 2.91328 -0.520834 -2.74236 0.833884
1106 3.68308 3.35004 0.804556 -1.30193
1107 2.0718 1.98814 0.560726 0.158846
1108 2.78651 -2.22262 1.67902 0.0741799
1109 3.31689 0.49565 3.25451 -0.405259
1110 2.1074 1.18926 1.63253 -0.60135
1111 5.25581 3.32164 -3.99422 -0.797777
1112 2.60272 -1.29844 -0.403694 -2.21929
1113 1.39416 0.198864 -1.1405 0.776779
1114 5.42233 -4.27204 -3.33551 0.160351
1115 3.32911 1.89549 -0.366989 2.71208
1116 2.22527 -1.67315 -1.25212 -0.764578
1117 2.82246 2.46454 0.0942833 1.37238
1118 2.65615 -2.41741 -1.01855 0.416909
1119 3.46975 1.66194 -1.87814 -2.39786
1120 4.58804 4.04309 2.16608 -0.10787
1121 3.39445 -3.31308 -0.71142 0.19932
1122 0.981553 -0.883918 -0.343866 0.252768
1123 2.45154 -0.162092 -0.436413 2.40694
1124 1.15083 -0.0980363 0.750765 -0.866693
1125 3.31314 -2.7319 1.84976 0.303248
1126 2.7293 -2.02135 -1.83302 0.0572363
1127 1.72683 -0.402212 -1.25695 -1.11365
1128 4.8324 -4.11483 -0.527836 2.47825
1129 2.77134 -0.0353536 2.18227 1.70787
1130 3.51277 -2.75837 -1.93741 0.988637
1131 1.7491 1.72396 0.106857 0.275442
1132 1.94125 -1.00625 1.42715 -0.848031
1133 3.10939 2.82915 -0.716054 -1.07308
1134 3.35007 0.350542 2.55632 -2.13666
1135 2.55786 1.98624 0.284119 1.58645
1136 3.21833 -0.762597 2.55693 -1.7995
1137 4.1735 0.531406 -3.384 -2.38417
1138 2.80696 -1.77557 -2.10172 -0.556029
1139 4.03299 0.137999 -2.01994 3.48795
1140 5.34601 4.73854 0.0268623 2.47494
1141 5.70507 0.549834 -2.63488 -5.0302
1142 1.60875 -0.564336 0.964571 -1.15724
1143 3.69022 -2.85928 2.22132 -0.712734
1144 3.56289 -2.89848 0.964 1.83404
1145 2.42623 1.6416 1.56614 0.859637
1146 2.64555 -0.58611 0.0160342 -2.57976
1147 2.32855 0.573254 -1.4886 -1.69635
1148 2.27769 -1.32999 1.28718 1.32747
1149 2.50037 -2.39321 0.703908 0.169996
1150 3.9862 2.4027 2.67263 -1.72448
1151 4.44913 -3.6597 -2.49511 -0.419264
1152 2.14529 0.0803558 -2.1298 0.244438
1153 1.92738 -0.0705131 1.04844 1.61573
1154 3.19534 2.3604 1.42667 1.61348
1155 1.7573 0.405527 -0.932514 1.43321
1156 2.97651 0.825771 -2.85117 0.220371
1157 3.66556 -3.42597 0.149964 -1.29482
1158 5.16422 1.28265 -1.68841 4.70885
1159 0.9657 -0.600085 0.399827 -0.64235
1160 1.04539 -0.0627504 -0.255962 1.01163
1161 2.68732 -1.44225 1.34447 1.82593
1162 2.12498 -1.68796 -1.23513 0.375219
1163 0.881845 -0.268924 -0.825027 0.157038
1164 3.31519 -2.5258 -1.54088 -1.4955
1165 3.60288 -3.31976 -0.933205 1.0436
1166 1.98861 -0.382105 -0.0544551 -1.95079
1167 5.1201 4.96449 -0.462858 1.16406
1168 0.538249 0.00330141 -0.508564 -0.17625
1169 3.36672 -2.38127 1.76495 -1.59666
1170 2.20143 -0.495999 1.04608 -1.87243
1171 3.72714 2.24104 -0.00183872 2.97813
1172 1.45108 -1.00884 -0.362097 0.978133
1173 3.25143 -2.52401 1.4453 -1.45337
1174 2.59935 -0.632809 -0.0305824 2.52096
1175 1.85958 0.554694 -0.633574 1.65799
1176 1.99127 1.8369 -0.71499 -0.282376
1177 1.31978 -0.585114 -1.17748 -0.113985
1178 1.86991 -0.598836 -0.230788 1.75633
1179 0.713922 0.0347204 -0.680027 -0.214577
1180 2.87525 -1.80367 1.79898 -1.33323
1181 3.58656 0.415296 -3.53069 -0.474531
1182 2.75435 -1.41869 -1.41537 1.88958
1183 2.6849 -1.67894 -0.600563 2.00728
1184 4.00402 -0.979278 -0.231057 -3.87554
1185 3.84019 1.95128 -0.744292 3.22267
1186 4.46871 3.51572 2.13365 -1.74832
1187 2.49343 0.61257 2.2176 -0.96137
1188 2.41223 -0.735055 -2.1316 0.857212
1189 2.12087 1.37825 -0.746377 -1.42879
1190 2.34416 1.30636 -1.94091 0.146238
1191 3.08748 0.360282 2.88779 1.03122
1192 1.84488 -0.899893 1.50219 -0.580688
1193 3.79575 -3.52844 -0.626701 -1.25101
1194 2.55801 0.0420522 -2.52143 -0.429006
1195 2.72542 -1.79545 -1.40857 -1.49003
1196 3.62361 0.855705 -2.04909 2.86349
1197 2.08767 -1.49303 -1.45686 -0.0823052
1198 1.17575 1.06621 0.461497 -0.180567
1199 1.34352 0.0145689 -0.159156 -1.33398
1200 4.02734 -1.25445 0.00303538 3.82699
1201 2.08703 1.30179 -0.84608 1.39471
1202 4.09463 -0.857561 1.56697 3.68446
1203 1.99286 -1.90477 0.447949 -0.377732
1204 2.16403 0.923589 0.0953306 1.95471
1205 1.08518 0.638234 -0.674885 0.561067
1206 1.31845 -1.14107 0.620246 0.227051
1207 5.18601 4.56464 -0.741648 -2.34705
1208 4.43203 0.265027 -0.0555548 -4.42375
1209 2.08593 -0.643041 -1.22529 -1.56086
1210 1.32272 0.608553 1.09715 0.418938
1211 2.80323 -0.32088 -2.70844 -0.647678
1212 3.90409 1.70084 3.48005 -0.488176
1213 2.18858 1.71286 -0.721658 -1.1555
1214 4.23042 2.15192 -0.659163 3.58206
1215 3.80907 -3.53063 1.25354 0.687261
1216 3.18951 -1.21558 -2.94862 -0.0306649
1217 1.62496 -0.840221 1.18215 -0.732844
1218 2.92707 -2.21792 1.44703 1.24686
1219 4.30738 0.136134 4.30351 -0.121599
1220 4.87121 -1.17703 0.675123 4.67841
1221 1.57315 -0.161647 -0.726011 1.38621
1222 4.37555 -2.28151 -1.78984 3.27668
1223 2.33412 1.97951 -0.896521 0.851984
1224 2.80527 2.70444 -0.298 -0.68319
1225 2.32929 2.21543 0.018159 -0.719121
1226 2.94808 2.5468 -1.26985 0.769734
1227 2.84685 0.630028 -1.77993 2.13061
1228 1.75147 0.735562 0.67528 -1.43896
1229 2.03984 0.312675 -2.00418 -0.215537
1230 4.68061 0.179283 0.145863 -4.6749
1231 1.94118 1.6817 0.892479 -0.378853
1232 3.12302 -0.693861 2.44562 1.81404
1233 3.84935 -3.50237 -0.914738 1.30925
1234 2.52521 -1.95217 -1.43972 0.70207
1235 3.02774 1.80543 2.42886 -0.0909771
1236 1.41126 0.72885 -1.06137 0.577862
1237 1.9873 -1.85362 -0.707136 0.115849
1238 3.06695 -1.15399 1.69662 2.27947
1239 2.27949 0.452151 -2.01071 0.974007
1240 3.91938 -2.30155 1.96894 -2.4875
1241 2.1932 -0.795194 2.02774 0.256997
1242 2.50102 2.20109 -0.439223 1.10336
1243 4.6249 1.16425 1.67933 -4.14899
1244 1.50679 1.12076 -1.00655 0.0341256
1245 1.91138 -0.0842152 1.86973 0.387813
1246 2.46291 1.12601 -2.19044 -0.00431156
1247 1.3666 0.7619 -0.504488 -1.01617
1248 2.0255 -1.06726 -1.65332 -0.479736
1249 3.66704 -3.60503 0.662033 0.112581
1250 3.46069 -2.99491 -0.35574 1.69715
1251 1.9249 0.0993271 -1.07106 -1.59632
1252 6.10833 0.113149 3.03146 5.30181
1253 4.95368 4.37495 2.29313 -0.3746
1254 3.16176 1.91882 1.79294 1.76075
1255 2.75787 2.51471 -1.0386 -0.450975
1256 1.33592 0.0485768 -0.914939 0.972225
1257 3.87737 -0.785394 -0.316851 3.78375
1258 1.82872 0.105078 1.64846 0.784717
1259 3.48244 1.42587 -0.2652 3.16607
1260 4.25552 2.27772 -3.03239 -1.93029
1261 1.23789 -0.0419881 -1.13877 -0.48355
1262 3.91146 -0.556946 3.87149 -0.0299313
1263 0.78808 -0.318542 0.402089 -0.59827
1264 2.53075 -2.37112 -0.28925 0.83595
1265 2.87342 2.46116 -0.627235 1.3438
1266 3.04336 2.6492 0.0577912 1.49681
1267 3.09581 1.46698 0.0413062 -2.72586
1268 1.16708 -0.467337 1.05045 -0.200578
1269 3.85892 -0.235808 2.0045 3.28901
1270 3.8801 -2.88484 0.3588 -2.56984
1271 1.49709 -0.267779 -1.13418 -0.939799
1272 3.97782 1.60841 2.74007 2.39334
1273 2.58321 1.19146 2.05358 -1.01796
1274 2.4552 -0.800532 2.0567 -1.0757
1275 2.83028 -2.4863 0.279875 1.32305
1276 1.6739 0.269238 -0.178226 -1.64246
1277 0.952069 0.678717 0.641628 -0.18464
1278 4.80484 2.98015 -0.696243 -3.70411
1279 1.72577 1.40567 0.985871 0.174447
1280 2.86693 -0.846128 2.29665 -1.4929
1281 3.36467 2.64806 -1.96756 -0.661419
1282 4.24412 3.68143 1.43049 1.55348
1283 2.66574 1.5129 1.79418 1.2642
1284 1.62873 0.832085 -1.3426 0.397276
1285 3.20786 -1.39426 2.86384 -0.380549
1286 3.31961 0.49573 -2.71241 -1.84848
1287 0.926365 -0.269461 0.828175 0.315702
1288 1.20395 0.950775 0.725621 0.137846
1289 2.64864 0.0865389 1.32271 2.29308
1290 2.51705 -1.50493 -1.08331 -1.7021
1291 1.34435 1.14161 -0.701575 0.108685
1292 2.402 -1.23172 1.90036 -0.800698
1293 2.38945 0.373627 -1.32556 1.95263
1294 3.88781 3.16873 2.12901 0.735886
1295 1.59363 1.30459 -0.91132 0.0848808
1296 4.92216 2.72595 0.817615 4.01601
1297 1.41757 0.675606 -0.787922 0.965518
1298 2.19415 2.14776 -0.06373 0.444242
1299 1.86357 0.105435 1.53203 1.05578
1300 1.46313 1.0596 -0.659464 0.763618
1301 4.18368 -1.23046 -2.07734 3.41669
1302 3.18852 0.669311 1.66856 2.63336
1303 2.23747 1.337 1.32402 1.21065
1304 3.17849 -0.0569783 2.69504 -1.68413
1305 2.87375 -0.614202 2.80343 -0.148337
1306 2.33485 0.231236 -0.864603 -2.1565
1307 3.41833 -0.640755 -2.79259 1.86435
1308 3.81187 2.44575 -2.8586 0.614048
1309 1.96398 0.970733 -1.3215 -1.08097
1310 2.5729 0.886365 0.0896342 2.41374
1311 3.79611 0.20986 -0.997312 3.65674
1312 5.26061 -5.09815 1.07513 -0.725947
1313 2.71605 -1.60742 -0.627898 -2.09735
1314 2.77196 1.60469 2.07657 0.892514
1315 2.33073 -1.89512 0.7636 -1.12149
1316 3.42642 3.27548 0.628693 -0.785083
1317 2.86217 0.786939 2.24537 1.59093
1318 1.55575 0.671417 -0.61376 1.26208
1319 2.17011 -1.80255 0.324932 -1.16387
1320 2.31386 -0.896265 -0.306808 2.11105
1321 1.71807 -0.807109 -0.502429 -1.43104
1322 2.22822 0.9937 -1.75197 0.952958
1323 2.46129 1.71392 0.715728 -1.61498
1324 1.98459 -0.100249 -1.24289 -1.54394
1325 1.54681 -0.105153 -0.403229 1.48962
1326 3.28638 1.9096 2.35786 -1.26263
1327 3.51039 3.13205 -0.82767 1.35207
1328 3.27644 -2.79306 -0.836197 -1.49487
1329 5.43716 -5.39038 0.711572 -0.0123473
1330 1.17826 -0.210868 0.479342 1.05549
1331 2.8283 1.24313 0.0462872 2.54003
1332 1.81959 0.177241 -0.139396 -1.80557
1333 1.37388 -1.00192 0.836155 0.429604
1334 3.44788 -1.74691 2.69031 -1.26428
1335 1.69944 0.634062 -0.155869 -1.569
1336 3.10494 -0.263576 2.84117 -1.2243
1337 3.73957 2.0434 -0.0326874 3.13175
1338 2.03967 -1.82102 0.917748 -0.0432374
1339 1.70525 0.90296 -1.42595 0.243371
1340 3.41864 -2.61024 -1.47453 1.64304
1341 2.64833 1.06647 0.931545 -2.23797
1342 3.96687 0.939739 -3.55797 -1.48113
1343 1.94126 0.739438 0.381251 -1.75396
1344 2.92972 1.66493 1.44368 1.93055
1345 2.90555 -0.778942 0.708274 2.70811
1346 2.31218 0.366055 2.14564 0.780008
1347 3.67746 -0.174428 -0.919914 3.55627
1348 0.806884 -0.212223 -0.500129 -0.596569
1349 1.96372 1.33038 1.13607 0.891983
1350 1.1779 0.57888 0.878707 0.529352
1351 1.90031 1.65005 -0.0186148 -0.942421
1352 2.10184 -0.644457 -1.90924 -0.597676
1353 1.59493 0.813012 0.0159546 1.37206
1354 3.7961 -2.23978 1.39621 -2.72844
1355 4.55812 0.762923 -3.54565 2.76094
1356 1.69974 -1.07157 -0.640803 1.15335
1357 2.25388 1.46867 -0.965857 -1.4107
1358 2.3141 -0.259692 -2.27738 -0.318076
1359 0.576031 0.293579 -0.012258 -0.495452
1360 2.41047 -1.00768 -1.88803 -1.10919
1361 3.86834 -1.01394 2.5705 2.70713
1362 2.93703 1.10095 -2.62252 0.73243
1363 5.46853 5.22089 0.461693 1.56012
1364 4.63092 -2.89723 0.546562 -3.5711
1365 1.55476 0.901336 1.22965 -0.304689
1366 1.55961 -0.737329 0.738729 1.15888
1367 1.7575 0.882949 1.28134 -0.816921
1368 1.4688 -1.20633 0.478552 0.687847
1369 5.18755 1.86628 2.52932 4.12677
1370 3.08942 1.83213 1.70077 1.81527
1371 1.51298 1.33111 0.486952 -0.52928
1372 3.08164 -0.0871819 -2.5011 -1.79818
1373 1.96318 -1.40351 1.04984 -0.884351
1374 1.61608 -1.38649 0.730714 0.394228
1375 2.2264 -1.27921 0.2814 1.80036
1376 2.47876 -2.29285 0.676652 0.655141
1377 1.75904 -1.73635 0.0682481 -0.2732
1378 2.22155 0.597871 -1.80671 1.14614
1379 3.04654 1.80136 0.143734 -2.45272
1380 4.31613 -1.02854 -0.96431 4.07937
1381 1.13638 0.257868 -0.450923 1.01071
1382 1.05711 -0.779203 0.464742 0.542531
1383 2.29139 -1.95456 1.00863 -0.64252
1384 2.99811 1.82166 -2.35119 0.376978
1385 2.88909 -0.31355 -1.24871 -2.58636
1386 3.33381 -1.63427 -2.87867 0.395837
1387 2.00605 -1.49022 1.3324 -0.167886
1388 3.26019 0.373303 0.742885 3.15239
1389 1.18097 -0.803513 0.835867 0.224474
1390 3.53166 -0.475732 -2.79771 2.10217
1391 3.27484 -0.172146 -1.48423 2.9141
1392 3.82062 -0.977238 -3.12824 -1.96374
1393 2.87225 2.33725 0.798482 -1.46612
1394 2.99475 2.54586 1.47775 -0.550796
1395 2.56129 0.411042 1.38693 2.11369
1396 2.22424 -0.964058 0.32849 -1.97735
1397 0.829768 0.44369 -0.132157 -0.688613
1398 4.30744 3.19673 -2.39631 1.61019
1399 3.95369 -3.08976 0.598952 2.39297
1400 3.34168 -2.40723 -2.28495 -0.388642
1401 2.77298 1.05472 2.27855 1.17693
1402 3.87457 -1.39969 3.33661 1.3857
1403 6.73738 -2.77174 -5.14991 -3.34488
1404 2.0483 -1.16089 -1.61972 -0.473664
1405 0.844364 -0.433961 -0.691657 0.215035
1406 2.01385 1.92823 -0.431035 -0.389515
1407 1.31136 -0.834592 -1.00248 -0.134743
1408 4.2922 1.42419 3.95984 0.845156
1409 1.54278 -0.982273 0.237223 -1.16578
1410 6.21884 5.02615 -2.03603 3.04407
1411 3.9142 -1.30217 -3.06299 2.05994
1412 3.15268 -0.749673 -3.00999 -0.563367
1413 2.45508 -1.25816 -2.07735 -0.35922
1414 0.730407 0.506716 0.0983416 0.51678
1415 2.9798 1.86244 2.17326 -0.829115
1416 5.93743 -2.36272 0.0611595 -5.44674
1417 2.96023 -1.54713 0.490816 2.47557
1418 0.691975 -0.515897 -0.45944 0.0399346
1419 2.98158 -2.77887 -0.897157 -0.602326
1420 2.23537 -0.990766 -1.33297 1.49615
1421 1.86485 1.64266 0.767798 0.435696
1422 2.98131 -1.695 -0.0212723 -2.45249
1423 3.53908 2.65614 2.17212 -0.867126
1424 1.22876 0.771839 0.736288 0.609916
1425 4.271 -2.31051 -2.97982 2.0059
1426 3.75943 -0.55315 1.34725 -3.46587
1427 3.43187 2.76449 -2.0028 0.352368
1428 3.16262 -2.58808 1.10185 1.44566
1429 1.14621 -0.716521 0.847013 0.288027
1430 2.48732 1.75835 -1.7285 0.327459
1431 2.92786 2.92141 0.1569 -0.114507
1432 3.31018 -1.83056 1.40127 -2.37546
1433 0.996457 0.297732 -0.709879 -0.632735
1434 4.20982 -0.482408 3.91809 1.46236
1435 3.67526 -0.501759 -2.55253 2.59622
1436 3.02491 1.68065 2.09471 -1.39202
1437 3.49016 -2.1907 -2.06233 1.76884
1438 4.99502 -1.76006 -4.56784 0.993617
1439 1.54875 0.477792 -1.23893 -0.797123
1440 2.27242 1.26822 0.552476 -1.80285
1441 3.08182 2.80824 1.0994 0.634575
1442 1.51115 -1.30003 -0.749182 -0.179519
1443 3.72899 -2.00994 1.24678 2.88289
1444 2.85808 -0.618269 1.08442 2.57107
1445 3.76621 2.38675 -1.64546 -2.40421
1446 1.23299 0.235362 -1.16535 -0.326821
1447 2.15055 0.684093 2.03621 -0.10348
1448 3.47872 2.9329 1.53761 1.06551
1449 3.90358 2.66569 0.705163 2.76311
1450 4.09604 0.90476 -0.967039 3.87605
1451 3.51896 0.0101439 -3.08039 1.70123
1452 2.48816 1.12513 -0.481676 2.16633
1453 1.19928 -0.190441 0.619741 -1.00892
1454 3.05032 2.37769 1.47925 -1.20949
1455 2.24377 0.91913 1.54167 1.34646
1456 4.27035 -3.6606 -2.13476 -0.527898
1457 4.69934 0.949511 1.81094 -4.23117
1458 0.964729 -0.205346 0.934329 0.124753
1459 1.4871 -1.48562 0.00386164 0.0663038
1460 1.90008 -1.10806 0.116675 1.53912
1461 1.98658 -0.639232 -1.25946 -1.39701
1462 1.08323 0.454568 -0.837239 -0.515546
1463 0.615136 -0.444252 0.400713 0.143044
1464 4.16676 -0.51299 1.59845 -3.81361
1465 0.43079 0.342174 -0.0653896 -0.253418
1466 1.73911 -1.70152 0.315371 0.17282
1467 1.69741 0.738791 -1.09683 1.06412
1468 5.26421 3.39059 3.42684 -2.11485
1469 2.91284 2.18382 0.118848 1.92391
1470 3.05137 -2.00001 -2.24781 0.508131
1471 4.88523 1.50371 -3.58341 -2.96032
1472 3.95719 0.737003 2.73041 -2.76786
1473 1.63551 -0.380455 0.0487358 -1.58989
1474 2.75354 0.44253 2.09585 -1.73019
1475 1.64322 -0.393283 -1.30144 -0.922899
1476 2.71648 1.7554 1.63833 1.27032
1477 4.16376 -3.94973 1.29783 0.228279
1478 3.95616 1.02378 0.124542 -3.81937
1479 1.52147 0.691514 0.635395 -1.19706
1480 3.5147 -2.38624 -2.30846 -1.15327
1481 0.752167 0.237295 -0.707251 -0.0961316
1482 3.08093 -2.72318 -1.43428 0.138832
1483 4.04823 -3.62306 -1.79653 0.184448
1484 2.05873 1.22192 -1.27788 1.05465
1485 1.62999 -0.986271 1.27247 -0.254852
1486 2.41761 -1.31402 -0.482978 -1.97102
1487 2.50177 1.81353 -1.69906 0.288407
1488 2.78848 -0.894734 -2.14019 -1.54746
1489 1.83335 1.63151 0.825173 0.135844
1490 4.18252 0.579688 3.03347 -2.82055
1491 3.99152 -2.09084 1.5959 3.00229
1492 2.29511 1.7345 1.06834 -1.05721
1493 2.57647 0.790567 2.00948 -1.40541
1494 2.76188 -0.00918083 2.74464 0.307959
1495 1.58908 -0.709368 1.31067 0.551475
1496 2.37708 -1.91905 0.869569 -1.10073
1497 1.54871 0.423187 1.42531 -0.433472
1498 2.30111 -0.62454 2.18682 -0.350536
1499 2.52095 2.23377 1.14203 -0.247425
1500 1.82386 0.590821 -0.931135 -1.45272
1501 5.15605 4.8518 -0.332104 1.71306
1502 2.50754 1.26599 2.03752 -0.730421
1503 2.79697 0.654498 -1.92222 -1.92347
1504 2.4407 2.00053 -1.25713 -0.611988
1505 2.00258 -0.478662 -1.37602 -1.37396
1506 1.32132 -1.04536 0.787509 -0.18145
1507 2.41945 -1.1351 -0.573103 -2.05836
1508 2.12472 1.87067 0.256275 0.974335
1509 4.53111 -3.5566 1.03688 2.60892
1510 3.48071 1.16345 1.4596 -2.9379
1511 0.474231 0.0566027 -0.163633 -0.441492
1512 2.1399 1.54532 0.633253 -1.33797
1513 4.13943 -3.82005 -0.0902724 -1.59184
1514 1.79134 0.593476 1.27551 1.10893
1515 2.05258 -1.66341 0.994998 0.675354
1516 2.8376 -0.974753 0.495858 2.61839
1517 3.49294 -2.432 2.15015 1.28953
1518 1.14456 -0.151201 0.694417 0.897185
1519 6.56778 3.4343 2.41037 -5.05287
1520 5.89924 -1.72264 3.2414 4.61811
1521 1.28171 -1.19644 -0.425555 -0.173839
1522 2.31051 0.0233877 0.778653 -2.17522
1523 4.86934 3.34932 1.86797 3.00054
1524 2.51222 -0.479082 1.94408 1.51732
1525 3.18955 1.57648 -2.07064 -1.84402
1526 1.14193 -0.365905 0.790379 0.738517
1527 0.854268 0.488614 -0.584632 -0.386311
1528 2.79627 -0.984702 -2.50361 0.762493
1529 5.0561 -2.81937 4.13633 -0.711381
1530 2.12706 1.73903 0.903789 -0.826636
1531 1.69761 -1.35548 0.527875 0.875157
1532 1.75658 -1.11549 1.28522 0.435293
1533 3.22924 1.956 -2.18146 1.35767
1534 4.05396 3.19929 -0.879815 2.32917
1535 2.23639 0.20658 1.01465 1.98224
1536 5.32394 3.99837 -3.16192 1.53609
1537 4.27677 -1.64083 3.38273 -2.03852
1538 2.92475 0.611026 0.719934 -2.76812
1539 3.57029 -1.80133 0.00891364 -3.08255
1540 1.78971 -0.904293 0.887268 -1.26415
1541 1.25433 0.648259 -0.128574 1.0661
1542 3.24029 -2.08583 0.446659 2.43912
1543 3.65678 2.86381 2.22971 -0.446131
1544 2.94799 -2.14544 -2.0176 0.130551
1545 1.7861 -1.58638 -0.792286 0.214104
1546 2.1496 1.2015 1.78078 -0.0773773
1547 2.40015 1.80614 -0.92837 -1.27934
1548 1.52623 -0.210493 1.28879 0.789992
1549 2.12905 -1.45529 -0.433411 1.49236
1550 4.42927 -1.76224 -4.05881 0.197532
1551 1.98923 0.382561 -0.32797 -1.92435
1552 2.69075 -2.6489 0.0439547 -0.470712
1553 4.6306 3.30876 1.91555 2.61252
1554 2.63296 -2.15808 -0.0107453 -1.50832
1555 2.67976 1.80203 1.97737 0.154402
1556 0.755168 -0.753407 0.0473076 0.0204544
1557 2.27313 0.956753 1.86218 -0.885443
1558 2.71932 1.22638 -0.790362 2.29478
1559 3.49284 -0.968336 3.31224 -0.539698
1560 1.37612 0.998055 -0.696139 0.642642
1561 0.988293 -0.878635 -0.11389 0.437896
1562 3.69108 -1.35539 3.43283 0.0514482
1563 2.22317 -1.17119 1.86366 -0.312318
1564 1.4777 0.920616 -1.14767 0.137523
1565 0.330229 0.00205792 0.325518 0.0555396
1566 2.6356 2.2144 -1.42925 0.00968682
1567 3.49056 -0.145056 -1.35382 -3.21405
1568 2.151 0.607187 1.18841 1.68695
1569 1.13505 -0.0378352 -0.960015 0.604374
1570 4.65502 0.171754 4.48248 1.24383
1571 2.13302 1.44963 -1.01406 -1.19164
1572 2.10519 -0.307422 2.02625 -0.481293
1573 1.92903 1.48806 -1.09907 0.546692
1574 1.13939 0.993078 0.261076 0.4938
1575 3.59587 2.76333 2.30082 -0.0227024
1576 5.66778 2.96034 0.395517 4.81702
1577 3.58369 2.98376 -0.604694 -1.89061
1578 3.09332 1.16203 2.75492 0.792939
1579 6.55553 -0.930089 3.78331 5.27223
1580 3.41825 2.79058 1.73467 -0.942343
1581 3.43794 -2.52465 -1.33642 1.913
1582 4.33166 2.52623 3.41605 0.843834
1583 1.8554 0.223328 -1.5954 -0.920495
1584 2.83106 1.22937 1.46504 2.0874
1585 4.16844 0.827034 -3.962 0.997214
1586 0.848349 -0.0078645 -0.0471472 -0.847001
1587 2.57074 1.77763 1.8501 0.160772
1588 1.0976 -0.580545 -0.931268 0.0210692
1589 1.00082 0.335354 -0.334465 -0.88165
1590 3.01125 -1.75056 0.877867 -2.28747
1591 1.72358 1.38126 -0.188164 1.01362
1592 2.72521 -0.891385 2.32713 -1.10303
1593 4.92785 -2.20752 4.10726 1.59404
1594 5.60026 -2.28776 0.731581 -5.05904
1595 1.31424 -0.33096 -0.020597 -1.27172
1596 1.11897 0.676428 -0.0492743 -0.890011
1597 1.76256 0.826009 1.10379 1.09816
1598 4.25537 4.03502 -1.10177 -0.782861
1599 4.07174 -4.02546 -0.557322 0.253249
1600 1.12306 0.586161 -0.639515 -0.71323
1601 2.03895 -2.0057 0.338312 0.141522
1602 2.00643 -1.05319 -0.59106 1.60225
1603 0.994896 -0.366893 -0.766486 -0.517404
1604 2.49975 0.911748 0.230511 2.3161
1605 2.01991 -0.197101 -1.88798 0.690439
1606 2.06241 -1.69365 -0.596292 1.01466
1607 2.33865 -2.15896 -0.297487 -0.848331
1608 0.94515 -0.121455 -0.901855 -0.255374
1609 3.20001 2.36645 1.37287 1.65988
1610 3.37858 0.646188 3.29345 0.387825
1611 1.30849 0.170143 -0.199831 1.28189
1612 5.07303 -0.37664 -0.63764 5.01869
1613 3.38809 -1.94702 1.42651 2.37767
1614 1.4615 0.032953 0.639358 -1.31382
1615 2.94593 -0.313564 2.84293 -0.705661
1616 3.43377 2.38259 0.389585 -2.44178
1617 2.98408 -2.24956 0.69941 1.83168
1618 3.45781 -0.677395 2.56965 -2.21234
1619 4.81546 -0.844352 3.728 -2.92878
1620 3.06404 1.17121 -0.0370001 2.83112
1621 3.54656 -1.61233 2.17372 2.29203
1622 3.26126 0.875239 2.02032 -2.40584
1623 4.38095 2.14567 3.73178 0.814063
1624 1.79051 -1.55006 0.316011 0.838663
1625 3.98264 -0.0100559 3.19135 -2.38257
1626 2.76378 0.0937465 1.94563 -1.96066
1627 3.46927 1.46677 1.13993 2.93001
1628 3.19169 1.81768 2.07186 -1.60945
1629 2.15549 -0.233539 0.0343087 -2.14252
1630 3.82432 -2.53321 -1.9057 2.1393
1631 1.25663 -0.435701 0.551855 -1.04151
1632 2.25995 1.40966 -1.60941 -0.728025
1633 2.36855 -1.63634 1.71149 -0.0566234
1634 1.89356 0.0340753 0.324585 -1.86522
1635 1.62871 1.36666 -0.821693 0.331298
1636 2.37205 -1.55446 -0.120623 -1.78766
1637 5.98189 3.24554 -3.5049 -3.60072
1638 3.48834 -0.408684 1.21511 3.24423
1639 4.94554 -4.13281 1.11083 -2.47878
1640 0.89254 -0.377114 -0.220748 -0.778257
1641 2.74265 -1.36246 -2.1183 -1.08567
1642 2.45432 0.384686 -0.946399 -2.2316
1643 1.985 -0.0386822 -1.58597 -1.19307
1644 4.47528 0.566212 2.16641 -3.87482
1645 3.54702 -2.58209 1.65118 -1.78544
1646 2.7918 -0.397624 -2.01839 1.88737
1647 2.42728 2.3003 -0.400989 0.662985
1648 2.57457 0.809202 0.402885 2.41066
1649 1.2034 -0.119536 -1.15494 -0.316222
1650 5.91043 -4.5736 3.26081 -1.83916
1651 3.93041 -0.191491 -3.87101 -0.653267
1652 2.31448 -1.45684 1.51232 0.973303
1653 3.40481 -0.77046 -1.85561 2.74878
1654 2.00189 -0.762235 0.124533 -1.8469
1655 4.89932 -0.381721 -2.60674 -4.13068
1656 2.1595 -0.0752633 2.15704 -0.0704853
1657 4.11404 3.27601 -0.0550033 2.48799
1658 2.25422 0.25309 -1.66047 1.50342
1659 2.1834 0.809328 1.6065 -1.23748
1660 2.61393 -1.55057 -2.10436 -0.00497154
1661 4.35531 -1.42635 -2.15366 3.50656
1662 3.27918 0.826098 1.36382 2.86541
1663 2.45655 1.79386 0.950244 1.38338
1664 1.67264 0.191537 -1.63667 0.286943
1665 3.53179 2.46758 -2.50902 0.298995
1666 5.55359 -4.01202 -0.061405 -3.83956
1667 0.613306 -0.264425 -0.0927817 0.545541
1668 3.0499 2.84673 1.09453 0.00582557
1669 2.21924 1.43379 -1.68296 -0.192199
1670 2.02811 1.06992 1.30539 -1.12447
1671 1.71115 -0.865344 -1.27478 -0.74442
1672 3.16783 -0.0418118 1.61793 2.72318
1673 4.03054 -1.96811 -2.07169 -2.84251
1674 1.24807 -0.187583 -0.612241 1.07128
1675 1.56942 -0.499702 -1.32685 0.67294
1676 2.59282 -1.56162 0.3629 -2.03774
1677 4.67178 -3.13316 1.00359 -3.31688
1678 4.90365 -2.41566 -4.26157 -0.222252
1679 2.09742 0.0895539 2.08357 0.223414
1680 3.17787 3.05001 0.746084 0.489547
1681 1.24748 -0.34736 0.894435 -0.797204
1682 2.61872 -0.0807968 1.27298 -2.28706
1683 3.90608 3.70097 1.22966 0.219601
1684 2.52839 1.2637 1.13408 1.87342
1685 3.25923 3.01067 0.375954 -1.19043
1686 2.06611 -1.39316 -0.0967067 1.52268
1687 3.89691 -0.842614 -2.98999 2.35285
1688 1.24046 -0.901945 -0.177245 -0.832952
1689 1.68901 -0.523524 1.59447 0.190649
1690 2.10884 -0.0382272 1.4226 -1.55626
1691 1.12025 -1.08484 0.161761 0.227876
1692 1.73527 0.404853 -0.723662 -1.52433
1693 2.50144 0.58615 1.20512 2.11218
1694 2.70617 0.178033 1.45909 2.27216
1695 1.26523 -0.955952 0.685346 0.466129
1696 3.55261 -0.403463 3.48468 0.561475
1697 1.4965 0.500542 -0.885785 1.09743
1698 2.51335 0.821722 1.96211 -1.33859
1699 3.30847 -2.27021 0.874237 -2.24228
1700 4.13295 -0.314441 3.68617 -1.84242
1701 2.35548 -1.453 0.437581 1.80155
1702 2.05814 -1.37013 0.0795598 -1.53374
1703 3.72967 -1.77422 -1.62508 -2.84986
1704 3.91323 -3.68117 1.24708 0.455078
1705 3.62436 1.73144 -3.08874 -0.77319
1706 3.52211 -2.30675 2.22546 1.45999
1707 2.66458 -0.411155 -2.34063 -1.20514
1708 3.36297 -2.77738 -0.754106 1.73985
1709 1.40863 0.90039 -1.07204 -0.155756
1710 2.31176 0.319247 -1.61384 1.62414
1711 2.98818 2.62867 -1.27217 0.633184
1712 3.32865 0.524452 -0.902232 3.16082
1713 1.2597 0.284187 1.09597 0.552225
1714 3.10777 -2.18551 -1.27893 1.8017
1715 1.8814 1.28254 -1.01794 -0.926579
1716 3.22148 0.569909 1.51376 2.78598
1717 2.25776 -1.67669 -1.51084 0.0593691
1718 2.15065 1.3931 0.608653 -1.52122
1719 4.69645 1.13033 -3.25829 -3.18787
1720 2.30574 1.01684 -1.92266 0.76541
1721 1.34964 -0.714584 0.861228 0.754439
1722 1.13457 -0.750067 -0.448942 -0.723262
1723 0.679214 0.263286 -0.62506 0.036229
1724 1.69974 1.22258 0.355667 1.12602
1725 2.91653 -0.722765 -2.56754 -1.17962
1726 3.29344 2.50061 -1.50834 -1.52271
1727 4.30131 2.79888 -1.77012 2.74485
1728 2.6411 2.61504 0.225322 -0.293645
1729 4.16349 2.27791 -3.11316 -1.56651
1730 0.678824 -0.14925 0.159838 -0.642634
1731 1.82803 -0.776729 1.65029 0.122246
1732 3.97137 3.08701 2.49837 0.0165409
1733 2.09693 0.821862 -0.828633 1.74213
1734 2.46879 -0.273293 1.09548 2.19549
1735 2.92787 2.83682 0.581223 0.432532
1736 2.2824 0.907132 -2.09336 0.0656938
1737 3.76818 -1.30468 -2.92203 -1.98965
1738 4.08568 -2.84826 -1.14116 -2.69777
1739 3.74371 -2.98203 2.23586 0.351764
1740 1.94542 -0.530444 -1.31222 -1.33469
1741 5.24359 -4.77989 0.676477 -2.047
1742 3.46004 -2.60628 -1.57689 1.64091
1743 3.5231 0.34512 3.41455 0.796213
1744 3.81039 -3.04137 1.92576 -1.24924
1745 2.81527 1.01915 2.15225 1.50163
1746 2.45593 -1.38184 1.92541 -0.644124
1747 2.4428 0.774935 1.9327 -1.27728
1748 2.14282 -1.78887 0.222752 -1.15846
1749 3.6453 2.39203 -2.13271 -1.73722
1750 2.99963 -0.0368374 2.49915 1.65851
1751 1.94617 0.200019 1.93168 -0.127297
1752 2.7976 0.479956 -2.49438 1.17228
1753 3.65714 1.24069 3.42858 -0.283234
1754 2.22503 0.835945 0.387206 -2.02535
1755 3.1936 0.0530961 0.158683 -3.18922
1756 2.13267 -1.3036 -1.56945 0.621069
1757 3.72832 0.558401 -0.548686 -3.64521
1758 3.1128 2.47989 0.156571 -1.87488
1759 2.34761 0.577978 0.279448 -2.25812
1760 2.74378 2.4762 -0.37613 -1.12039
1761 1.7762 1.40684 0.60501 -0.899805
1762 0.840998 -0.323406 -0.771394 0.0873938
1763 2.83775 1.00022 0.0892151 -2.65414
1764 3.19646 0.855472 -2.24082 -2.11288
1765 3.89511 1.74227 -3.22326 1.32171
1766 0.669964 -0.203962 -0.605335 0.202041
1767 1.49552 -0.926588 1.14483 -0.259595
1768 1.39627 0.0193346 0.235506 1.37613
1769 4.04303 -2.48464 3.06031 -0.898425
1770 3.34163 -1.33473 1.25872 -2.79295
1771 3.84188 -0.319898 1.48949 -3.52691
1772 0.263918 0.013978 0.261854 -0.0298283
1773 2.2455 1.46475 1.68692 -0.225948
1774 1.72153 -1.50247 0.643169 0.540912
1775 3.09675 1.69341 2.39909 0.983178
1776 0.92365 -0.851649 0.237059 -0.267633
1777 2.14667 -1.68533 0.0969154 -1.32608
1778 5.04286 3.00616 3.97164 0.787103
1779 3.07727 -0.589303 2.19239 2.07743
1780 1.23112 -0.434386 0.340353 1.10052
1781 5.62156 -2.21137 -1.27066 5.00971
1782 4.08702 0.123591 -3.51947 2.07407
1783 4.26944 -1.3091 3.58319 1.91706
1784 3.79162 -3.47035 0.350753 1.48661
1785 3.56489 0.926076 -3.44085 -0.10671
1786 1.04503 0.940466 -0.455634 0.0020737
1787 2.63548 1.26446 1.29964 1.91255
1788 3.13277 -0.910724 0.157515 -2.99333
1789 1.57684 -0.786853 -1.04259 -0.883345
1790 3.1433 0.694999 -2.95615 0.811474
1791 1.37907 1.03902 -0.323425 0.84715
1792 2.28333 -1.88481 -0.7997 -1.01071
1793 1.66337 0.082913 1.34069 0.981066
1794 1.24167 -0.630065 0.355373 -1.00919
1795 3.53034 2.38578 -2.5948 -0.195957
1796 2.56422 -0.594684 -1.39405 -2.06839
1797 1.46918 -0.921476 1.14388 -0.0300593
1798 4.64745 -1.01165 -4.40706 -1.07386
1799 3.38296 -2.87756 1.10131 1.39684
1800 4.945 -3.3829 -3.00466 -1.99526
1801 4.42161 -0.523154 -4.28073 -0.975871
1802 1.1287 0.438575 -0.969848 0.375512
1803 2.51647 1.68277 -1.44812 -1.18485
1804 1.69013 1.05299 1.17118 0.613273
1805 2.26028 0.386627 1.21216 1.86817
1806 2.94193 1.2648 0.366745 2.63073
1807 4.01657 -1.53829 0.95454 -3.58544
1808 3.73299 -1.84687 1.84891 -2.66568
1809 3.32708 1.93451 -2.68777 -0.321049
1810 4.50857 -2.42725 -3.09777 -2.19988
1811 0.733878 0.310077 -0.627787 0.219802
1812 4.05106 0.451973 3.04513 -2.63326
1813 4.11573 1.15123 -3.745 1.26052
1814 2.09262 -0.258818 -0.190447 -2.0678
1815 1.96828 -0.13916 1.89323 0.520034
1816 2.33476 -1.58719 1.54208 0.744261
1817 3.91989 -2.75803 -1.43707 -2.38613
1818 3.92034 -0.421606 3.38441 1.93317
1819 1.99758 -1.80553 0.854061 0.0309635
1820 4.1064 3.09002 -1.9563 1.8674
1821 0.784822 0.326889 -0.535222 -0.471834
1822 5.72694 -3.12468 -4.3132 -2.10486
1823 2.21242 -0.669604 -1.34691 1.62243
1824 4.04245 0.958775 1.05548 -3.7826
1825 0.828643 -0.635909 -0.492072 0.200334
1826 3.32456 -0.717854 -3.23216 0.30087
1827 3.94068 0.180855 -3.27545 2.18351
1828 2.57605 -0.0895118 2.57423 -0.0365948
1829 2.02626 0.636559 0.881462 -1.70984
1830 1.61593 -1.50779 0.475553 0.334131
1831 2.27056 1.75292 0.591377 1.31642
1832 2.48816 -1.09396 0.677123 2.12972
1833 2.64071 -2.50433 -0.835916 -0.0543306
1834 2.17504 2.131 0.425505 -0.0925193
1835 3.10001 -0.901014 -2.26375 -1.91669
1836 4.46557 1.79883 3.90738 -1.19912
1837 1.98906 -0.1042 -1.98632 -0.00191288
1838 1.82673 0.388069 1.44809 1.04374
1839 4.21315 1.84085 3.7897 0.0104789
1840 0.648035 0.602998 -0.189058 -0.143523
1841 2.30746 -1.01529 0.0409693 -2.07168
1842 3.66716 -2.22149 1.06876 2.71493
1843 1.68673 1.14244 0.917776 0.83522
1844 1.80492 1.7634 0.378524 -0.0699364
1845 2.21403 -1.8311 -0.872302 -0.887755
1846 2.61706 1.81168 -1.3888 -1.27987
1847 2.69882 -1.38362 -2.10135 -0.976491
1848 0.627707 0.145651 0.0504355 -0.608489
1849 2.45128 -0.672098 -2.32229 -0.405017
1850 0.630258 0.535541 -0.192603 0.270785
1851 1.70841 1.38441 -0.0489743 -0.999848
1852 4.82413 -1.92465 0.614146 4.38073
1853 2.01793 1.45963 -0.198045 1.37925
1854 2.27981 -1.86384 0.82691 -1.01974
1855 3.22679 -0.288014 -2.93422 -1.31132
1856 2.24501 -1.47123 -0.799071 -1.49566
1857 4.16583 -4.14695 -0.336402 -0.209259
1858 2.99752 0.113129 0.055461 2.99487
1859 3.91631 -1.03936 -1.04545 3.62826
1860 5.26403 4.04163 -2.16046 2.58991
1861 3.79969 -3.74227 -0.25882 0.605042
1862 1.19617 0.0496861 -0.76974 -0.914251
1863 2.17904 1.80803 1.19941 0.201681
1864 1.19233 -0.619608 1.01321 0.105593
1865 2.61527 1.37445 1.89829 1.16061
1866 3.20526 1.13843 -0.505552 2.95332
1867 4.48524 1.80902 3.2737 -2.47542
1868 3.49523 0.857446 -2.51848 2.26686
1869 2.20913 -0.362366 1.34611 -1.71376
1870 2.78549 0.919417 -0.75949 -2.5173
1871 3.62046 -2.92659 0.243143 -2.11747
1872 2.61587 -0.98798 -1.9618 -1.42058
1873 2.51711 1.17912 -0.712093 -2.10677
1874 1.9261 1.20624 -0.888731 -1.21037
1875 1.65633 0.0497725 -0.698858 1.50085
1876 2.83087 -0.402448 2.33592 1.54768
1877 4.15245 -0.601733 3.37346 2.34533
1878 1.39082 -0.147424 1.18294 -0.716451
1879 2.97436 2.38638 0.544386 -1.68987
1880 0.566174 0.0620606 0.402395 0.39342
1881 2.05752 -0.238284 2.0436 -0.0173428
1882 2.85881 -1.65187 1.72971 -1.56596
1883 3.97272 -1.8087 0.145698 -3.53411
1884 2.27122 -1.27062 -1.84701 0.364008
1885 2.36598 0.055427 -0.57726 -2.2938
1886 2.67871 2.48522 0.544816 0.838059
1887 1.76771 1.26076 -1.23905 0.00723923
1888 3.22488 -2.72664 -0.574348 1.62338
1889 4.31234 -3.07391 -1.88613 -2.36428
1890 2.04043 -0.745543 1.2322 1.44541
1891 2.47686 1.62124 1.76802 0.616855
1892 1.41691 -0.316897 -1.25883 -0.567963
1893 1.5634 -0.264037 1.50498 0.330985
1894 2.50093 -0.346177 0.257202 2.46346
1895 3.29926 2.62296 -0.397209 1.96148
1896 3.40921 -3.12045 -0.874033 1.05904
1897 5.98042 -3.56923 1.2112 -4.64317
1898 2.8743 -1.82284 -0.504833 -2.16426
1899 3.64152 1.78527 -1.48736 2.80379
1900 5.01824 -1.75203 -2.28684 4.10896
1901 4.64592 -4.64461 0.00457231 -0.110483
1902 2.21318 2.16168 0.212897 0.424258
1903 1.04405 0.425766 -0.919668 -0.25094
1904 2.33777 1.86427 1.27768 0.597669
1905 0.50875 0.431438 0.162069 -0.215456
1906 3.37429 -3.14346 0.781834 -0.945095
1907 2.02865 0.92317 -1.08059 1.44758
1908 3.38514 -2.10133 -0.16642 2.64875
1909 3.35145 -0.568118 -3.2945 -0.236048
1910 4.01613 3.4175 -1.5811 1.39648
1911 5.04388 3.46761 0.486408 -3.63039
1912 2.569 -1.52368 2.05076 -0.269336
1913 2.31207 0.757713 1.6134 1.47258
1914 2.06852 1.76628 0.958103 -0.491
1915 1.8992 0.735694 -1.61166 -0.684304
1916 2.38038 -0.465985 -1.30533 -1.93525
1917 2.06887 -0.125321 0.828961 -1.89138
1918 0.850794 -0.0792719 -0.840907 0.102184
1919 0.817265 -0.390107 -0.226615 0.681457
1920 3.52081 2.25006 0.979232 -2.52477
1921 4.66102 -3.41541 3.12177 0.560915
1922 3.54539 -0.155135 2.75029 2.23195
1923 1.20091 0.518344 0.590951 -0.907894
1924 2.48688 0.445206 1.84782 -1.60372
1925 3.7264 -2.65594 2.60419 -0.224022
1926 3.89187 0.422908 -0.963573 3.74691
1927 4.0907 1.02404 3.67901 -1.4663
1928 2.89931 2.43062 1.56042 0.251355
1929 3.00686 -1.52142 2.57152 0.337295
1930 3.1101 1.988 2.35063 -0.441684
1931 4.69398 0.787504 -4.5318 0.935997
1932 1.93018 -1.01911 1.60675 -0.324585
1933 4.57928 -2.3768 -0.0725946 3.91348
1934 3.65282 -0.0894596 2.75394 2.39811
1935 2.08944 -1.17576 0.400562 -1.68015
1936 2.63286 -2.05103 1.39975 -0.875191
1937 2.69295 0.0249693 -0.312504 -2.67464
1938 1.98948 -0.207831 1.29845 1.49294
1939 2.50252 2.02832 -1.45495 -0.177814
1940 5.8084 -5.7305 0.446168 -0.836556
1941 1.61526 -0.059169 1.59558 -0.244301
1942 0.93667 -0.344308 -0.43502 -0.754693
1943 4.06171 -4.00582 -0.653902 0.152561
1944 2.54915 0.612547 0.303024 2.45584
1945 2.14918 -0.881774 1.19369 1.55453
1946 3.33283 -0.202716 1.72916 -2.84195
1947 5.27355 2.1076 1.45546 4.60977
1948 3.47638 -1.89133 0.164888 2.9122
1949 0.930328 0.0516589 -0.585054 0.721493
1950 2.47816 -0.901416 1.11989 -2.01856
1951 3.45891 0.934413 -2.85393 -1.7164
1952 2.27634 1.61162 1.60193 -0.135024
1953 3.73558 -1.31154 -0.863907 3.38941
1954 3.19235 -1.31694 2.90805 0.00736747
1955 2.46417 -2.4136 -0.491424 0.0717364
1956 2.65594 -2.24716 -1.32501 0.498605
1957 2.8791 2.52513 0.475499 1.29878
1958 3.46916 -1.86245 2.89388 0.437939
1959 1.48874 0.103241 1.08044 1.01898
1960 2.00401 -1.20328 0.74877 -1.41687
1961 4.19604 -2.48886 1.75321 -2.88766
1962 2.02822 -0.500827 0.316176 -1.93981
1963 4.95856 4.48638 -2.04003 0.545914
1964 2.38413 -2.26551 0.479182 0.567363
1965 1.64248 0.26863 0.307289 1.59096
1966 1.50405 -0.320045 0.876639 -1.17951
1967 3.13892 1.73011 -0.0751131 -2.618
1968 1.17788 -0.0182866 -1.12607 0.345037
1969 3.5281 -0.883298 2.19846 -2.6142
1970 3.57911 1.58422 -0.11416 -3.20738
1971 1.62751 -0.279244 1.5126 0.531845
1972 3.39574 2.6829 -1.42074 1.52137
1973 3.11744 1.77326 2.28547 1.16215
1974 2.39258 -1.9781 -0.636749 1.1858
1975 3.59675 -3.47327 -0.103315 -0.92862
1976 3.74587 0.00886221 -0.381511 3.72638
1977 3.9334 1.0001 -3.64857 1.07672
1978 1.05367 0.863163 0.277899 0.536612
1979 1.85764 -0.412885 0.487172 -1.74443
1980 2.93694 0.632427 2.25359 1.77398
1981 5.82995 0.618027 -1.74545 -5.52809
1982 6.07865 1.47387 0.423608 5.88202
1983 3.08818 -2.35417 -1.99856 0.0218958
1984 3.52038 -1.86625 -2.64494 -1.38365
1985 1.66566 1.36423 -0.241341 -0.924695
1986 2.62343 -0.555297 1.93614 -1.6809
1987 3.03778 2.54303 0.293112 -1.6356
1988 2.43431 -1.86794 -1.51437 0.378603
1989 2.60927 -2.21562 0.434526 1.30786
1990 3.2389 2.27012 -2.30438 0.163899
1991 1.39757 -0.993705 -0.953186 -0.239165
1992 2.38698 2.10542 -1.11739 0.127814
1993 2.84319 -2.35865 -0.89726 1.30975
1994 2.76023 0.12664 -1.66332 2.19913
1995 2.20709 1.12582 -1.84621 0.441904
1996 2.75186 -1.48172 -2.31877 0.0232699
1997 2.68731 1.36965 1.79637 -1.45559
1998 1.16103 0.255134 0.301854 -1.09169
1999 1.56772 -0.0224973 -1.26093 -0.931284
