n=2000
0 1.28275 -0.925003 0.868638 0.187846
1 1.5791 -0.479938 -0.0898957 1.50171
2 1.27114 0.782938 0.533998 0.847138
3 2.23486 0.799928 0.946142 -1.85998
4 2.83817 -0.466395 -2.74575 -0.546354
5 1.85751 1.47113 -1.09985 0.276476
6 3.1783 -0.454366 -2.9023 -1.2132
7 2.03244 1.13061 -0.676032 -1.54774
8 2.50356 0.512414 1.34866 -2.04606
9 0.809009 0.403321 -0.701112 -0.0164202
10 1.78214 1.00693 -0.623488 -1.33169
11 1.49277 -0.591382 -1.34101 0.283393
12 0.801646 -0.49918 -0.548888 0.303607
13 3.48782 -1.02714 2.20882 -2.4962
14 1.21654 1.20766 -0.142746 0.0338551
15 2.56892 1.58591 1.62355 -1.20347
16 1.85109 -0.185252 1.74736 -0.582196
17 4.08277 0.108756 0.797759 -4.0026
18 2.30382 -0.428333 1.49381 -1.70078
19 1.16748 0.851642 0.750924 -0.271737
20 1.83494 -0.370302 -0.420344 1.74734
21 2.53042 1.78497 0.364254 1.75619
22 2.61996 -0.192223 -2.40723 -1.01609
23 2.52295 -2.45095 0.00911211 0.598323
24 1.69053 1.22571 1.15666 -0.132969
25 3.29972 2.47433 -0.746299 2.05155
26 1.28734 -0.568961 -0.00652802 -1.15477
27 1.27441 0.860613 0.746362 0.571326
28 3.60296 -2.19105 0.0846735 -2.85892
29 1.58018 -0.812084 0.7395 1.13605
30 1.91395 -1.53534 -0.690543 0.91054
31 0.903573 0.811199 -0.183152 -0.353351
32 1.29924 -1.08725 0.675862 -0.221671
33 1.33056 0.176939 -1.2527 -0.412125
34 1.82109 -1.44762 0.40587 -1.02763
35 1.77567 -0.54561 -1.6413 0.401808
36 4.01582 3.39701 -2.02569 0.695478
37 1.12831 0.612234 0.944621 0.0771452
38 2.01513 -0.898173 1.68968 0.631689
39 1.50056 -0.350568 1.40162 0.405284
40 3.21284 -2.2986 2.24347 0.0751312
41 2.17369 -1.35031 -1.51847 -0.771924
42 2.29153 -1.85113 0.855663 -1.04512
43 0.679286 0.234934 0.179583 0.611543
44 3.55181 -2.49296 0.240738 2.51844
45 1.98562 -0.156952 0.97121 -1.72476
46 2.44415 -0.636398 1.59393 -1.74018
47 1.63973 0.968568 -0.141845 1.31547
48 1.7977 1.22525 1.29814 0.21291
49 1.10608 0.168606 0.960481 0.521978
50 2.80951 1.40792 -0.691845 2.33076
51 1.7503 0.91593 0.496052 1.40661
52 2.10451 -1.64725 1.1223 -0.675244
53 2.133 0.0221286 -0.263953 2.11649
54 2.03286 -1.79373 0.600065 0.744961
55 0.584868 -0.543497 0.166808 -0.137318
56 1.38074 1.27169 -0.388324 0.372088
57 2.03913 1.78954 0.889206 -0.406111
58 1.67099 -1.27787 0.620493 0.879905
59 3.6297 1.45776 -2.66173 1.99119
60 2.70774 -2.40829 -0.255525 1.21108
61 1.47035 -0.596026 1.3409 0.0931836
62 1.29475 0.931835 -0.537389 0.720608
63 1.4656 1.40533 -0.197275 -0.3662
64 1.04667 -0.91738 0.499881 0.0636863
65 2.85985 -2.41256 -1.31725 0.789397
66 0.502233 -0.188693 -0.2216 0.4093
67 1.86083 0.666419 -1.35136 1.09197
68 2.0939 0.669382 0.47394 -1.92658
69 1.18808 -0.43429 -0.838812 0.720645
70 1.53459 0.735467 1.13584 -0.723814
71 1.86646 1.64722 0.673741 0.562499
72 2.20978 0.736152 -1.74232 -1.1426
73 2.16992 -1.26998 -0.148281 1.7532
74 1.68746 -0.38277 -1.56947 -0.487633
75 3.22673 1.44262 0.117766 2.88388
76 2.24715 1.93023 0.194773 -1.13399
77 0.479101 -0.311952 0.200058 0.303646
78 1.6246 1.40852 -0.572571 0.572323
79 0.739981 0.106913 -0.422009 -0.598372
80 1.26215 1.19773 -0.382685 -0.109557
81 2.51036 0.808549 2.29588 -0.614067
82 1.86438 1.19741 0.57431 1.30855
83 0.868936 -0.445366 -0.678394 0.310615
84 1.55345 -0.0341952 -1.30752 -0.838123
85 3.4155 0.703075 -1.63644 -2.91434
86 1.68792 0.826117 0.608474 -1.34028
87 3.4929 1.282 -2.15765 2.42927
88 0.951314 -0.763304 -0.285657 -0.490679
89 1.81123 -0.842983 -0.454747 1.53725
90 2.40095 -1.16416 1.37512 -1.58693
91 1.52155 1.39998 -0.595686 -0.0174155
92 2.47562 -2.13097 -0.0739259 -1.25786
93 3.50648 1.10978 3.27405 -0.58685
94 0.827376 0.0370053 0.743821 0.360432
95 3.23515 2.8526 0.344747 -1.48662
96 2.08588 0.270422 0.282657 2.04887
97 1.35281 1.19799 0.597659 -0.194241
98 1.89933 -1.46505 -0.299798 -1.17098
99 2.63697 -2.21968 0.648999 -1.26705
100 2.65192 2.17308 -0.777319 1.30622
101 3.38717 3.19058 -1.02162 0.499379
102 0.697987 0.674297 0.0676313 -0.167137
103 2.30819 -0.220064 -0.900061 2.11405
104 3.18403 -1.40929 0.63157 -2.78444
105 2.52196 -1.10853 0.718348 -2.14835
106 1.28823 0.42649 -0.471074 -1.1206
107 2.76987 0.702442 -2.38295 1.22487
108 2.04065 2.01005 0.328979 -0.125484
109 2.62981 -0.677949 2.40906 0.807893
110 0.940935 -0.238833 -0.85736 0.30537
111 1.81623 1.01603 1.37446 0.614206
112 3.4543 0.12833 1.45156 3.13189
113 1.06325 -0.583251 -0.402605 0.792612
114 2.28758 -1.77881 -1.20334 -0.78792
115 2.4891 -2.16194 0.895828 -0.848004
116 1.58476 1.36148 0.13643 0.79952
117 1.69692 1.24061 -1.08607 0.401088
118 2.35876 0.337385 1.0407 2.0897
119 1.2663 -0.878262 0.912228 -0.000628718
120 1.31287 0.243967 0.230462 1.26925
121 1.98387 -1.92719 0.405945 0.238452
122 1.5008 0.159878 0.790176 -1.26588
123 2.2288 2.18678 0.249686 0.350978
124 1.68073 1.05832 -1.29993 -0.122475
125 1.28313 -1.1079 0.436125 0.478321
126 0.944678 -0.559847 -0.759213 0.0508312
127 0.391466 0.212144 -0.162059 0.286316
128 2.41083 -0.384557 -1.51303 1.83711
129 0.978265 0.701307 0.0761205 0.677773
130 1.13125 -0.950049 -0.431185 -0.437278
131 2.56046 1.52546 1.28733 1.60366
132 1.19514 -0.844668 0.75658 0.377478
133 2.9189 -2.05279 -1.4066 -1.52563
134 2.34904 1.35422 0.982625 1.6488
135 2.68605 0.613762 -2.22537 1.37326
136 1.5638 0.0723753 -1.2055 -0.993481
137 1.00663 -0.419047 -0.906279 -0.127917
138 2.51834 -0.497405 1.74848 -1.74282
139 2.05586 0.427624 -0.143494 2.00577
140 2.56533 2.5066 -0.261905 -0.47882
141 1.53121 -1.4037 0.543256 -0.281204
142 3.6673 -1.86663 2.91995 1.19943
143 1.97019 -1.55028 -1.21583 -0.00618225
144 0.884659 -0.166854 -0.452654 -0.741543
145 2.2011 1.29227 -1.11682 1.38837
146 2.32111 0.448649 1.5858 -1.63447
147 1.78807 -0.0135855 -0.720422 -1.63646
148 0.814334 -0.0334051 0.753005 0.308233
149 2.80891 -1.0329 -0.899723 -2.45226
150 2.80677 1.32083 2.38326 -0.673381
151 1.77324 0.325654 -0.885824 1.50122
152 2.20065 1.74662 0.0338082 -1.33829
153 2.21947 0.331429 -2.01107 -0.878514
154 3.60257 3.1984 -1.4832 -0.740856
155 2.18093 2.04775 0.644194 0.384991
156 1.76995 1.16727 -1.31706 -0.188558
157 0.949722 -0.405447 -0.0192657 -0.858612
158 1.29224 -1.19963 0.085571 -0.472723
159 1.87818 0.0209847 0.927293 -1.63317
160 2.30469 0.592723 -0.0795514 2.22575
161 2.90804 -0.5171 0.194086 2.85511
162 2.59047 0.0269576 -2.07037 -1.55673
163 2.42022 -1.9902 0.0524431 -1.37617
164 1.44282 0.902711 1.0583 -0.383213
165 0.98932 -0.0871409 0.867341 -0.467846
166 2.01583 -0.348687 -1.81679 -0.800785
167 2.1507 0.806328 -0.91921 -1.76929
168 3.58763 2.79913 -0.80838 2.09343
169 1.52325 1.4502 0.312032 -0.346191
170 2.81839 0.275377 2.59919 1.05439
171 3.8302 -2.35927 -1.675 2.50971
172 1.47999 -0.443884 1.39118 0.240735
173 1.42832 0.859103 -0.00963601 1.14103
174 0.636564 0.5286 -0.271997 -0.227627
175 1.93383 -0.852403 -1.72298 -0.210767
176 0.530373 -0.363279 0.0913042 0.375483
177 1.45532 -0.967414 0.462462 0.98397
178 2.35968 -2.09878 1.06549 0.167275
179 2.04089 1.50499 -0.776437 -1.13902
180 1.94453 -1.72941 -0.88895 -0.0102197
181 0.935436 -0.549123 -0.646594 0.394233
182 2.30113 -0.589539 0.142301 2.21978
183 2.50678 2.01633 -1.46227 0.283019
184 2.22597 0.55166 0.537917 -2.08836
185 2.55632 -1.56098 -1.70311 -1.09432
186 1.77933 1.70394 0.256924 -0.443404
187 1.12122 -1.07981 -0.103934 -0.283453
188 1.74307 0.14845 -1.54194 0.799168
189 0.570882 -0.045922 0.564937 0.068145
190 2.99498 2.47326 -0.80052 1.4873
191 3.46551 -1.89412 -2.07249 2.03147
192 1.82459 0.0138105 1.80302 0.279419
193 3.00538 2.76565 -1.11993 -0.359549
194 1.69598 0.353857 -0.473407 -1.58966
195 2.44261 -1.24554 2.08593 0.252682
196 1.35048 0.145676 0.545807 1.22665
197 1.55716 -0.745533 0.810615 -1.10083
198 4.18653 1.04071 2.97492 -2.75568
199 2.32358 -1.9302 -0.283266 -1.26218
200 0.860484 -0.555984 -0.656254 0.0254133
201 1.15783 -1.13892 0.101618 0.18197
202 0.780724 -0.550913 -0.42495 -0.354179
203 1.32968 0.824456 1.04037 -0.0771203
204 0.975211 -0.547621 -0.552577 0.588053
205 1.70397 -0.994733 -0.0597255 -1.38219
206 2.48984 -1.6615 -1.46004 1.14323
207 4.14143 -1.74069 -1.32268 3.51738
208 0.554817 -0.34368 -0.173575 0.399471
209 0.72799 0.351559 0.272366 -0.576362
210 2.01499 0.90628 1.77025 -0.324155
211 2.84859 2.37846 -0.84778 1.31858
212 1.12725 -0.178786 0.565841 -0.958406
213 1.64363 -1.58831 -0.396734 0.146279
214 1.06334 0.382828 -0.771312 -0.623864
215 1.35279 0.45148 -0.712851 1.05737
216 3.00352 -1.96503 1.7452 1.45398
217 2.31634 1.94566 -0.0315425 -1.25652
218 2.4622 1.09971 2.02154 0.875453
219 1.27599 0.125604 -1.00744 0.772945
220 2.33674 -2.00365 1.17601 -0.250554
221 2.71224 0.291296 1.86296 -1.94956
222 1.98174 -0.710651 -1.32186 -1.2942
223 1.97136 -0.82291 -0.375181 -1.75166
224 2.51568 1.78281 1.17658 -1.32886
225 1.33434 -1.25171 -0.403387 -0.225739
226 1.43806 0.307643 0.568481 1.2846
227 1.94171 -0.924944 1.6231 -0.529411
228 1.43915 0.188377 -1.0632 0.951459
229 2.40565 -1.33103 -0.00976578 -2.00386
230 1.99804 1.41112 -0.101801 1.41087
231 1.88047 -1.08128 -1.34084 0.75441
232 1.63952 0.658622 -1.49857 -0.0923027
233 2.55314 -2.48088 0.355132 0.487488
234 1.4159 0.865748 -1.12032 -0.0111456
235 1.97716 -1.36931 1.38452 -0.34241
236 1.47004 -0.730723 -0.0525267 1.27448
237 2.91513 -1.60234 1.77815 -1.66392
238 4.60233 -3.40353 1.52297 -2.69779
239 2.068 -0.400465 0.0457144 2.02834
240 1.13236 -0.570261 0.850452 0.483509
241 2.35381 2.32721 0.285947 0.206725
242 1.54359 1.03165 0.50087 -1.03319
243 1.45877 0.0583816 0.544039 -1.35227
244 2.95552 2.88246 -0.439061 0.483419
245 1.11271 0.187962 0.934365 -0.574251
246 2.88339 -2.29182 -1.72621 0.28586
247 0.896981 -0.00278013 -0.569724 -0.692807
248 1.59207 0.977487 -0.198521 -1.24089
249 2.46411 -0.434851 2.36508 -0.537697
250 0.967842 0.203126 0.829908 -0.454654
251 1.7498 0.769415 1.47845 -0.532887
252 1.73605 -1.20723 1.14713 -0.490479
253 1.6228 -0.946879 1.316 0.0710351
254 1.87085 1.12714 0.637546 -1.35025
255 1.78007 -0.584611 -1.28725 1.08161
256 0.935579 0.14218 0.913315 0.144736
257 1.17602 0.742502 -0.90774 0.0878492
258 2.11721 -0.467231 0.672851 1.95232
259 0.994854 0.751042 0.519599 0.394573
260 1.11687 1.10488 0.160979 0.0270061
261 1.55199 -0.150256 0.572455 -1.4347
262 0.766048 0.167383 0.63249 -0.398458
263 1.04009 -0.0591747 -0.520585 -0.898487
264 2.44855 -0.474725 2.37123 0.383812
265 1.53792 1.05847 1.03693 0.411843
266 1.30188 -1.0009 -0.607227 -0.569539
267 2.72466 1.3006 -0.323765 2.37221
268 1.09108 0.889471 -0.311126 -0.549992
269 1.55921 0.882332 -0.467859 -1.19739
270 1.42118 -0.50736 -0.311551 1.29045
271 1.19199 1.02386 -0.265124 0.549784
272 1.82023 1.25413 0.510492 -1.21646
273 0.564301 -0.00313859 0.564281 0.00363515
274 2.20357 -0.296984 0.429452 2.14082
275 1.97686 1.03376 1.26342 -1.11493
276 2.64181 -0.186979 -2.2231 1.41492
277 1.46549 -1.42946 0.263084 0.187274
278 0.772775 -0.3703 0.626469 -0.259992
279 1.0317 -1.00999 -0.181993 0.105762
280 2.93861 0.704702 1.74096 -2.26006
281 1.53824 0.415016 0.440871 -1.41406
282 3.77952 -2.36546 2.51807 -1.53253
283 1.3939 -0.331614 0.762222 1.11893
284 2.84001 2.08608 1.51818 -1.18704
285 1.36926 0.536469 -0.959469 -0.816386
286 1.32108 -0.989768 -0.613098 0.62428
287 0.879038 0.856737 0.00521869 -0.196675
288 2.37347 0.859821 -0.608627 2.12689
289 0.781924 -0.385845 0.564558 0.379215
290 1.32611 -0.751729 -0.038909 -1.09177
291 2.23679 -1.53935 1.12212 1.17238
292 3.44822 2.97506 -0.625157 1.6274
293 1.78642 0.575412 1.69113 -0.0172559
294 1.71688 0.825046 0.614339 1.37461
295 1.49357 -1.49346 0.0119425 -0.0141362
296 1.71585 1.5773 0.637163 -0.224291
297 2.60662 1.40317 -2.14733 -0.463216
298 0.391254 -0.0336615 -0.384361 0.0649114
299 1.95326 0.532052 -1.56372 1.04256
300 1.96475 1.70772 0.86534 -0.441736
301 0.631864 0.517813 -0.174479 0.317299
302 3.17293 1.28064 -2.00492 2.09946
303 2.44837 2.21076 -1.04004 -0.159385
304 0.890386 0.551944 -0.121844 0.687967
305 1.99097 -1.09696 -0.286793 -1.63659
306 1.96241 0.827835 -1.77915 0.0189073
307 2.93791 0.0528388 -0.569861 -2.88163
308 1.93356 -1.16101 -1.11587 1.0703
309 1.53687 -0.0710722 1.47054 0.44092
310 1.94004 1.81927 0.373315 -0.560946
311 1.29367 1.03142 -0.307867 -0.717616
312 0.775216 -0.119143 0.765936 0.0103572
313 0.664354 -0.0856517 -0.658753 0.00863092
314 1.4339 -0.941397 0.249123 -1.05251
315 1.2341 -0.67614 0.23723 1.00477
316 1.66663 0.0016626 0.62371 -1.54552
317 2.41135 0.876497 0.376595 -2.21462
318 2.14992 0.507844 1.57887 1.36799
319 1.82882 -1.33908 0.0668401 -1.24378
320 1.04864 -0.538038 -0.221855 -0.872318
321 2.5987 -0.507856 -2.32981 1.0331
322 1.13388 -0.510157 0.88207 -0.497375
323 1.7034 0.729951 0.384901 -1.49017
324 3.0261 0.0199639 2.44577 1.78189
325 0.380252 -0.297388 0.141629 0.189982
326 2.40839 0.653357 -1.85405 -1.39139
327 2.4737 -1.38954 0.335706 2.01883
328 1.99453 -0.0172686 1.85247 0.73904
329 3.28762 2.33858 -2.2195 0.642858
330 4.85434 -4.61793 -0.678819 -1.33364
331 2.3289 0.241311 -0.667722 -2.21804
332 2.64511 1.64706 0.681238 1.9544
333 2.43721 -2.07354 -0.815896 -0.987293
334 3.25417 -1.69838 2.73027 -0.500748
335 2.52116 -0.358674 -2.49085 -0.152483
336 1.64122 -0.814469 0.775949 1.19505
337 1.60539 0.920383 1.24579 -0.422119
338 3.86203 2.31427 3.09183 -0.00344733
339 0.55124 -0.0175411 -0.454623 0.311249
340 1.63013 -0.689028 1.08362 1.00415
341 2.6304 -1.73283 -1.51659 -1.27131
342 1.83157 -0.406493 -0.989529 1.48669
343 1.82555 -0.57841 1.5621 -0.746929
344 1.85638 -0.765449 -1.03835 -1.33493
345 1.69605 -1.34354 -0.834522 0.61243
346 3.00502 -0.843832 -2.86902 -0.294694
347 1.00327 0.704371 0.641277 0.314926
348 0.906943 -0.865296 0.0597712 -0.265021
349 1.77676 -0.835746 1.43165 -0.639364
350 0.899612 0.492169 -0.0274496 -0.752541
351 2.74739 2.15666 1.04549 1.34308
352 2.17885 1.06002 1.76676 0.708739
353 1.61866 -0.541917 -1.5196 0.131113
354 0.624609 -0.540526 -0.298337 0.0946731
355 1.79008 0.93122 1.43608 0.524307
356 1.27064 -0.201838 -1.25439 0.0169613
357 1.93357 0.385637 -0.522898 1.82115
358 1.40399 -1.20676 -0.444613 0.563249
359 0.762363 -0.506391 -0.0160865 -0.569655
360 2.88935 -2.21542 -1.85474 -0.012144
361 3.39187 -2.90824 1.35717 1.09775
362 0.816497 0.216078 -0.708024 0.344499
363 1.54579 1.07358 0.101108 -1.10755
364 0.838659 0.119375 -0.668272 -0.492454
365 2.75907 0.94587 2.38578 -1.01284
366 1.32138 0.0364418 0.73996 1.09416
367 2.45077 -0.901212 -2.27877 0.0356185
368 2.12905 0.0977986 -2.09956 0.339319
369 2.83733 -2.21896 -1.50253 0.932246
370 1.535 -1.03588 -1.09284 0.298136
371 1.81347 -1.55664 -0.647998 -0.667571
372 1.05842 0.566741 -0.280421 -0.848772
373 1.975 -1.03172 -1.66574 -0.247986
374 0.861605 -0.598506 -0.539469 0.305167
375 2.9989 -1.53437 2.26539 -1.22764
376 1.68429 -1.19416 -1.05768 0.54047
377 0.965862 -0.566948 -0.132949 -0.770573
378 4.30066 2.25266 -2.26141 2.88222
379 1.4483 -0.469699 1.33839 0.292706
380 2.07004 -2.01037 0.187821 0.456315
381 1.86147 -0.291208 -1.80764 0.335728
382 1.56832 -0.333415 -1.52348 0.165706
383 1.84893 -1.28462 -0.84525 -1.02658
384 2.55195 -1.36782 -0.678683 2.04473
385 3.42955 -2.15591 0.814829 -2.53967
386 1.0223 -0.322795 0.427465 0.870736
387 1.58918 0.8318 1.3031 0.368121
388 1.00364 0.305961 -0.451195 0.842675
389 1.5579 1.02034 -0.221409 1.15627
390 1.9448 1.69708 0.939526 0.139515
391 3.05309 -2.48321 1.77221 0.119751
392 0.875695 0.665729 -0.446507 0.35253
393 0.960027 0.0451778 -0.495813 -0.820841
394 1.98591 -1.22212 -1.56442 -0.0533546
395 1.3816 -1.1386 -0.100279 -0.776108
396 0.888359 0.235969 0.635566 -0.57407
397 1.62155 -0.201134 1.54115 0.462409
398 1.66617 1.48392 0.589474 -0.47606
399 0.848305 0.0174773 0.00626567 0.848102
400 1.36653 1.25801 0.418778 -0.330832
401 1.73061 -1.50711 -0.568617 0.632689
402 3.04211 0.231246 2.70404 -1.37446
403 2.45413 1.42742 1.98797 -0.182279
404 0.984731 0.589221 0.336706 -0.713542
405 2.01787 0.942028 1.74011 -0.395481
406 2.38586 -1.68622 -1.67447 0.212514
407 2.18685 1.33202 -0.660139 -1.60382
408 2.01462 -1.77516 0.952619 -0.00259974
409 1.25537 -0.61946 1.04369 0.320817
410 3.00325 -1.92575 1.23193 -1.94765
411 2.06542 -0.433389 -1.3499 1.50196
412 1.73164 -0.278146 1.70886 -0.0317499
413 1.71054 0.821826 -1.40614 0.522804
414 2.75159 -0.652273 -0.867758 2.5284
415 1.09195 0.0191748 -0.13508 -1.0834
416 1.7459 -0.142665 1.59898 0.686352
417 1.20477 0.627403 0.888127 -0.518709
418 2.39205 -1.01769 1.3301 -1.70793
419 3.66659 -0.0546188 1.75638 -3.21808
420 2.22865 -0.0910668 -0.0291492 -2.2266
421 0.787044 0.0422426 0.642885 0.452053
422 0.742684 0.135031 0.250708 0.685924
423 1.92806 -0.849557 -0.78704 -1.5415
424 0.990104 0.34506 -0.842285 0.389609
425 1.62554 0.56372 -1.09853 -1.05727
426 0.288577 -0.0927503 -0.254302 0.100022
427 3.71352 -1.47137 1.82051 -2.88289
428 0.88937 -0.311777 0.809501 -0.196167
429 2.01421 0.666595 -1.90071 0.00158028
430 2.59646 -2.02253 1.07614 1.22184
431 2.70961 -2.65331 -0.343234 -0.429087
432 3.66573 -2.87467 -2.2317 0.439778
433 1.83847 0.676498 1.50206 -0.816173
434 0.266562 -0.0949579 -0.18589 -0.165781
435 2.38681 -1.11002 1.00449 -1.85896
436 1.65202 -1.30674 -0.0203593 1.01054
437 1.44011 0.887218 -1.09694 0.288917
438 0.72538 0.553626 -0.464676 -0.0612454
439 1.11819 -0.0105308 -1.07141 -0.319875
440 2.33669 1.83135 -0.727641 -1.2557
441 1.39038 1.37393 0.151194 -0.150431
442 1.49947 -0.985133 -0.0764563 -1.12787
443 3.87 -3.22893 0.708435 2.01223
444 2.09513 1.18234 1.72342 0.146511
445 1.39037 -0.295561 -0.889321 1.02707
446 2.69038 -0.535657 1.6789 2.03286
447 1.14187 -1.03652 0.478376 0.0253562
448 2.17273 -1.31599 -0.611144 -1.61723
449 3.70496 0.946153 3.56613 -0.337961
450 1.2014 0.635903 0.917108 0.444852
451 2.08719 0.922842 -1.49085 1.13228
452 2.83765 -0.158701 1.22912 -2.55271
453 2.50251 0.488181 -1.77957 -1.69038
454 0.80493 0.156455 -0.0541857 -0.787717
455 1.04447 -0.353471 0.786556 -0.589324
456 4.71133 0.407078 -3.49426 3.13386
457 2.19345 0.943042 1.80718 -0.80994
458 1.01867 0.304809 0.879651 -0.413514
459 2.10005 -0.722912 -1.1199 -1.62279
460 0.759142 0.370632 -0.291745 0.594822
461 1.19831 -0.561952 -1.05649 0.0631904
462 2.25334 -1.77251 -1.38391 -0.14333
463 1.91267 -0.898561 -0.183213 -1.67849
464 0.935085 0.505568 0.689235 -0.379131
465 1.08671 0.682965 0.823258 0.191716
466 1.78354 -0.686326 -1.38925 0.883155
467 1.93793 -1.06326 1.44311 0.736536
468 1.78776 -0.908905 -1.47509 0.440527
469 1.11763 1.10361 -0.108291 0.139353
470 2.00391 -1.6225 0.573414 -1.02681
471 2.9814 -0.379345 2.75911 -1.06403
472 2.43003 0.424775 2.3862 -0.175172
473 2.70865 1.51115 2.21965 0.355489
474 0.631438 -0.308457 0.189822 -0.51724
475 3.30065 -2.38562 0.628223 -2.19282
476 2.65209 -1.23562 0.0885101 -2.34499
477 4.5226 0.255747 -1.63544 4.20879
478 1.32496 0.514869 1.12691 0.469576
479 1.54384 -0.0928519 -1.5392 0.0754797
480 2.30709 -1.74289 -1.48611 0.276554
481 3.40634 2.85084 1.43749 1.18723
482 3.91118 1.52907 -2.69635 2.38516
483 1.55093 -1.16715 -0.55221 0.85919
484 1.03826 -0.380737 0.550888 -0.793436
485 0.821928 -0.172991 0.201894 -0.77774
486 1.72627 1.27966 -0.185414 -1.14372
487 2.30812 -0.776431 2.09781 0.569029
488 3.51122 2.70833 1.15808 -1.91114
489 1.05607 0.0501226 -0.48389 0.937348
490 1.80199 0.76236 -1.58192 0.404364
491 1.22176 -1.21428 -0.11395 0.0724768
492 1.77525 -0.961928 1.26125 0.797156
493 2.00766 -0.421249 -1.16711 1.57833
494 1.99864 -1.26532 -0.494742 1.46586
495 0.905533 -0.349173 -0.0498918 -0.834014
496 1.78348 -0.754112 1.2309 -1.04737
497 4.2416 3.89898 1.54305 -0.638806
498 0.803119 -0.318587 0.482749 0.557186
499 1.5804 -0.380332 -1.18998 -0.96797
500 1.05773 -0.688871 -0.570964 -0.564134
501 0.585479 0.0503637 -0.505225 0.291542
502 0.869933 0.158504 -0.794036 -0.318067
503 1.58257 -0.812417 -0.269562 1.3311
504 3.32203 3.17402 -0.976839 -0.0852213
505 1.70719 0.100394 1.4768 0.850574
506 1.40942 1.17959 -0.556983 -0.533682
507 1.48331 -0.809589 1.02434 0.703914
508 1.8687 1.47501 -0.0736417 1.14498
509 1.20255 0.415029 0.070646 -1.12645
510 1.17534 0.53231 1.02084 0.236549
511 1.11176 -0.431174 0.529035 0.877625
512 0.85629 0.0303601 0.152621 -0.842032
513 1.89884 -1.80163 -0.125276 -0.586541
514 2.38152 2.13427 0.947586 -0.467567
515 2.39658 0.409049 1.68814 1.6512
516 1.28434 0.831933 0.578912 -0.788846
517 1.09403 0.495977 -0.709733 0.668722
518 2.21295 1.89576 -0.909385 0.690107
519 1.71999 0.848032 -0.935432 -1.16797
520 1.16849 -0.952131 -0.306459 0.604062
521 0.846747 0.811189 -0.178744 0.16433
522 3.84876 0.873521 0.790648 3.66398
523 2.27382 1.44087 0.894378 -1.51467
524 3.68916 0.799344 -0.666796 -3.53925
525 1.56221 1.35167 0.756276 -0.203801
526 2.6217 -0.171451 -1.43368 2.18826
527 0.91979 -0.602508 0.303464 0.625226
528 2.07359 1.29631 1.51548 0.568031
529 1.71516 0.513189 -1.35938 0.91132
530 2.33148 -2.03926 -0.125686 -1.12313
531 1.51365 0.780648 1.11746 0.658037
532 1.36458 0.229063 -1.21415 0.57918
533 2.26286 -0.635148 0.571492 2.09536
534 0.582824 0.0574368 0.471115 -0.338282
535 2.71248 2.59715 0.368959 -0.690079
536 1.79828 1.17046 -0.611209 1.22075
537 2.18076 -1.72418 0.383661 -1.27895
538 1.0198 -0.233925 0.556295 -0.82207
539 2.14424 -0.96019 1.54341 1.13741
540 2.8209 2.13594 -0.928675 1.59148
541 2.0266 1.31829 -1.25571 -0.890176
542 3.01471 1.7137 1.89663 -1.59827
543 1.60101 -0.608227 0.078057 -1.47892
544 1.02648 -0.0192538 0.805965 -0.635382
545 2.62224 0.878399 2.28981 0.928077
546 2.07382 -0.879374 1.87492 -0.109975
547 1.06711 0.401825 0.120264 0.981219
548 0.94019 -0.489039 -0.787465 -0.157153
549 1.30995 0.629916 -0.114762 1.14281
550 1.40779 -1.16962 -0.316226 -0.716851
551 0.996789 -0.378395 -0.00963936 0.922124
552 2.64442 0.738305 1.11929 2.27926
553 0.803575 -0.600385 -0.346314 0.406616
554 1.12605 0.345833 -1.0407 -0.255621
555 1.50078 -1.16401 0.208152 0.924178
556 1.44642 -1.18372 -0.825495 -0.097454
557 2.71069 -0.0590195 -0.148067 2.706
558 2.82288 -2.61297 -0.775934 -0.734168
559 1.40273 -0.674929 -0.654439 1.04107
560 1.9967 -0.589013 -1.63006 0.991346
561 4.18479 -2.77013 -0.686691 -3.06061
562 2.95194 0.259135 -2.93714 0.141299
563 1.93759 -1.19251 -0.912448 -1.22458
564 0.87651 0.873052 0.0683414 -0.0371286
565 2.3337 -0.645047 -0.663094 -2.14251
566 1.65977 1.45613 -0.474635 0.639716
567 0.579905 -0.344501 -0.344723 0.314285
568 1.71628 -1.69008 -0.249926 0.163661
569 1.63589 0.714952 -1.44493 0.277772
570 1.23672 0.760152 -0.207574 0.953181
571 0.26305 -0.124272 -0.220001 0.0731519
572 1.72134 -1.54349 0.252802 -0.718845
573 2.31259 1.46081 0.100609 1.78997
574 1.68194 0.570278 -0.278955 -1.55753
575 2.00105 1.54417 -0.129299 -1.26612
576 1.31303 -1.27584 0.0627619 0.303881
577 2.28624 -0.123719 -1.29045 -1.88316
578 0.902878 0.541912 -0.22071 0.687611
579 1.9245 -1.85612 -0.472816 -0.186978
580 2.24633 0.0276133 0.502233 2.18929
581 1.16663 -0.317162 -1.10706 -0.186692
582 3.19804 -1.09646 -1.60024 -2.54253
583 0.55707 -0.105263 -0.520006 0.169823
584 1.86578 -1.25655 1.33457 -0.348037
585 2.37793 -2.06935 -1.12139 -0.338888
586 0.521273 -0.340252 -0.204213 0.33801
587 2.52038 1.3842 -2.02426 0.581973
588 1.76267 -1.51943 -0.393132 -0.802359
589 1.41491 0.25746 0.0343632 1.39086
590 1.95623 1.08115 1.33258 0.939241
591 1.08566 0.282744 0.581421 0.872156
592 2.24746 1.03824 1.83215 0.785084
593 1.25694 0.984095 0.13142 -0.770827
594 3.39515 -0.0478527 -2.9103 1.74783
595 3.68023 3.05534 1.94098 -0.664536
596 1.43658 -0.755917 0.0759225 1.21926
597 0.936844 -0.369655 -0.614732 -0.602607
598 2.12969 -1.41474 -0.339077 -1.55535
599 1.94288 1.64108 -0.67694 0.789551
600 2.55666 0.367932 1.15013 2.25352
601 1.21508 0.70816 0.854564 -0.494614
602 1.3785 -0.990821 0.598216 0.748777
603 0.735126 0.405234 -0.300583 0.534646
604 0.912632 -0.827755 0.171007 -0.344203
605 2.28568 2.26399 0.262194 -0.173052
606 2.98202 -0.155798 -2.8271 0.935768
607 2.52922 -0.0410817 -2.52888 0.00835081
608 2.27874 1.54196 -1.66923 -0.169283
609 0.994147 -0.984323 0.104574 -0.0921926
610 1.86077 0.202532 -1.79926 0.429086
611 2.92636 -1.22752 -2.32617 -1.28286
612 2.99422 -0.0163477 -2.39378 -1.79858
613 0.935223 0.529115 -0.329746 0.6971
614 1.64387 1.29164 0.970448 0.303673
615 2.27271 0.252716 2.24219 0.27194
616 2.06041 0.704891 -1.5825 1.1154
617 1.29437 0.426792 -0.919228 -0.805142
618 2.25412 -0.520627 -0.673097 -2.08733
619 2.75681 2.30988 -0.741448 1.30946
620 2.55804 2.52491 0.408779 0.0362512
621 1.31129 -0.737811 1.06852 0.182758
622 0.687804 -0.449522 0.520496 -0.00933828
623 2.25053 0.531033 -2.18469 0.100105
624 2.54126 -1.3745 -1.84995 1.0707
625 2.01103 -1.82031 0.466395 0.716384
626 0.871281 -0.229366 -0.0896123 -0.835758
627 1.14986 0.0363239 1.12958 0.211929
628 1.80059 1.42115 -1.0718 0.271476
629 4.98651 2.84622 3.61798 -1.91692
630 1.20949 0.34931 1.11715 -0.304694
631 2.83252 1.77056 -1.64948 1.47224
632 2.49639 -0.78089 -2.3617 -0.211054
633 2.89054 -1.56205 2.37304 0.532847
634 1.35723 -0.675141 0.684834 -0.957732
635 3.36691 -0.442727 3.28838 0.571466
636 1.90731 0.172075 0.713582 -1.7604
637 2.25202 1.93152 1.07405 0.432742
638 2.62411 -1.21408 -1.66074 1.62909
639 2.12763 -0.909824 -0.580601 -1.83356
640 2.63121 1.93475 -0.194529 -1.77262
641 2.63806 0.915262 2.20372 -1.12483
642 1.22784 0.730033 0.117986 -0.980168
643 1.43804 0.214904 0.0699239 1.42017
644 2.55469 -0.381402 2.21325 -1.21756
645 1.3324 -1.13441 0.358434 0.599936
646 2.84698 1.84548 0.211313 2.15751
647 2.63025 1.94488 1.45931 -1.00303
648 2.46573 -0.370412 2.10161 1.23525
649 2.84333 -2.7485 0.065368 -0.725259
650 1.32523 -0.995056 -0.841646 0.240255
651 1.91116 1.54912 -0.0590307 1.11771
652 2.45888 -2.20589 1.08601 -0.0266679
653 2.22631 2.02996 0.22632 -0.885739
654 3.5239 3.08217 -1.19935 1.21639
655 2.00928 -1.25093 1.54322 0.301449
656 1.61089 0.392969 -0.411001 1.50719
657 2.33536 1.82845 -0.609034 -1.31901
658 0.795872 0.707028 0.349324 -0.107214
659 2.47788 0.734456 -0.484434 2.31642
660 2.70128 0.57371 -2.33018 -1.24017
661 2.15893 -1.12413 -1.18893 1.40845
662 1.77784 -0.60498 0.794111 1.47109
663 1.19184 0.926479 0.56593 0.491781
664 1.59826 -1.5844 0.0752509 0.196123
665 2.15191 -0.662489 -1.94735 -0.632187
666 1.28779 0.936517 0.0830741 0.880014
667 1.50147 -1.26385 0.114869 0.802434
668 0.778194 0.235384 0.461393 0.580773
669 0.563503 -0.113294 -0.551871 -0.0117773
670 2.41924 0.195786 1.52618 1.86686
671 0.709882 -0.426894 -0.270188 -0.498691
672 1.36225 0.518787 1.17582 -0.451704
673 2.12404 -1.91004 -0.726696 -0.578977
674 2.55241 -2.35943 -0.751118 0.619427
675 1.75974 1.62069 0.422142 0.540214
676 1.40664 0.31009 0.540875 -1.26093
677 3.43383 1.37275 -0.854844 -3.02919
678 2.9525 2.57064 1.13054 0.911576
679 1.33986 1.23781 0.353826 0.371308
680 1.80854 0.925029 -0.7215 -1.37643
681 1.0136 0.167012 -0.0834359 0.996254
682 1.14175 -0.406551 0.225994 1.04271
683 1.1728 -0.342655 0.916735 0.646246
684 1.15821 1.02014 0.489113 -0.248047
685 1.25339 -0.335146 -0.783458 0.919168
686 0.409278 -0.137934 0.357549 0.143673
687 3.39953 -1.53272 2.86155 -1.00952
688 3.62549 0.113648 2.74736 2.36289
689 2.15168 -0.633881 2.00568 0.452954
690 4.42955 0.936738 2.58195 -3.47519
691 1.9877 1.84572 0.737301 -0.0260242
692 1.25647 0.266918 1.20796 0.219733
693 1.33894 -0.20726 -1.03621 0.822234
694 1.66386 0.620997 0.096739 -1.5406
695 1.36036 -0.0447354 1.20228 0.6349
696 1.99908 0.984448 -1.15971 -1.29701
697 1.54677 -0.136293 0.164197 -1.53198
698 1.62976 1.02615 0.280566 1.23467
699 0.383854 -0.0663381 -0.20095 0.320253
700 0.791489 -0.135781 -0.661227 -0.413277
701 3.88555 2.8178 -0.661993 -2.59215
702 1.89973 -1.29343 1.02595 -0.939912
703 1.75091 -0.619123 1.14609 -1.16998
704 2.17209 0.36497 -1.82389 1.1217
705 1.57404 0.0245291 0.976491 1.23428
706 1.883 -0.411084 0.0342954 1.83726
707 1.61811 0.692691 0.859073 -1.1834
708 2.35455 -1.51497 0.640325 1.68486
709 0.64788 -0.058181 0.640169 0.0809097
710 2.30509 1.47718 -1.70655 -0.468039
711 2.81036 1.17445 -1.84458 -1.76531
712 0.932403 0.60462 -0.298891 0.643796
713 2.01068 0.251318 -1.87141 -0.691012
714 1.66334 -1.58427 0.371658 0.344462
715 2.24532 1.39851 1.56593 0.795921
716 2.95735 -1.58457 2.0719 1.39366
717 4.73306 1.38893 -1.63738 4.21802
718 2.11725 1.18435 -0.710619 -1.60471
719 2.28259 -0.684213 -2.17756 0.0167342
720 2.03992 -1.49629 1.33789 0.363946
721 1.57445 0.818038 1.03579 0.858407
722 1.15039 0.964918 -0.506412 -0.368627
723 0.544521 0.105691 -0.338325 -0.413363
724 1.69813 -1.60821 0.500711 -0.215816
725 1.72521 -1.15542 0.298501 1.24589
726 1.54018 0.956753 0.457677 1.11683
727 1.37705 0.696765 -0.647672 -0.995645
728 1.36416 -0.894467 -0.257398 -0.997306
729 0.919151 -0.683149 -0.612628 -0.0532278
730 0.349076 -0.214428 -0.151199 0.230247
731 2.47177 0.0705013 -0.997338 -2.26053
732 2.50461 -1.50991 1.52591 1.29029
733 1.90667 0.384685 1.81097 0.455812
734 1.81312 -1.69413 0.48165 -0.430506
735 2.30855 -1.68906 -1.51581 0.422814
736 1.7558 0.82456 -1.51005 0.350284
737 2.74381 -1.67593 -1.27227 -1.76099
738 1.64386 -1.49649 -0.643745 0.219973
739 2.03322 -0.491403 -0.435022 1.92439
740 3.39354 -1.00778 -3.23231 -0.229414
741 1.50934 -0.486141 1.08029 0.935271
742 2.38252 1.06904 -2.11939 -0.204394
743 2.31168 -0.260689 -1.32144 -1.87876
744 1.97716 -1.40811 0.156846 -1.37905
745 1.86607 0.0128473 -0.949156 1.60659
746 1.95238 0.935723 -1.64368 0.484287
747 1.01563 0.000865051 0.176695 -1.00015
748 0.915477 0.436927 -0.426034 -0.682414
749 0.986579 -0.153174 0.475015 0.851021
750 3.39776 2.83546 1.09508 -1.51846
751 0.877509 -0.795697 -0.0945987 -0.357686
752 1.54282 0.167672 -0.981821 1.17822
753 1.7716 -0.733861 1.59361 -0.245832
754 2.53863 -2.06232 -0.0380989 -1.47988
755 1.00769 0.0303642 -0.935334 0.37373
756 2.3949 1.17895 -0.740404 1.9487
757 1.17755 0.961194 -0.454214 0.506391
758 3.5536 -3.27744 -0.743252 1.15502
759 0.797282 -0.469357 0.239612 0.598288
760 2.89868 1.2068 -2.47599 0.903023
761 0.985819 0.326415 -0.915595 -0.164251
762 0.356657 -0.171513 0.312683 0.00406023
763 2.29828 -1.96431 -0.875708 -0.810382
764 1.96532 1.12792 -1.25011 -1.01366
765 3.31677 2.02958 -0.513054 2.57266
766 1.35586 -0.8137 -0.866676 0.652003
767 1.17181 1.14595 -0.169398 0.176749
768 2.51185 -0.925649 -0.828064 2.18332
769 2.41385 1.49467 -1.89503 -0.0387386
770 2.88602 -0.403175 -1.09568 2.63933
771 2.25442 0.872206 -2.0777 -0.069516
772 2.47976 1.86579 0.341885 -1.59723
773 1.74022 -0.629665 1.20494 1.08627
774 3.10011 -1.65314 -2.21864 -1.39838
775 1.3055 1.03376 -0.170362 0.778874
776 2.25444 -2.23927 -0.0100995 -0.26093
777 1.79905 -1.34568 -1.03749 0.591052
778 3.32843 -3.28371 -0.208446 0.50221
779 2.29757 0.82308 0.547496 2.07403
780 0.941973 -0.936594 -0.0905734 -0.0435952
781 4.07133 -2.90763 -2.61771 -1.12653
782 0.955161 -0.949223 0.0121703 0.105643
783 1.77011 0.170016 -0.0765516 1.76026
784 1.36269 -0.00815689 0.117057 -1.35763
785 0.893993 -0.39703 0.531772 0.599008
786 1.39866 0.309609 -1.2235 -0.602875
787 2.90421 -1.5643 0.912936 2.27023
788 2.03401 1.52822 1.15099 -0.690624
789 3.26637 3.0926 0.902463 -0.539011
790 4.72686 1.95242 3.42643 -2.60593
791 1.60369 1.37389 -0.129323 0.817026
792 2.38588 0.184004 0.338905 2.35451
793 2.42063 1.85947 -0.788981 1.33391
794 0.641984 -0.168127 -0.215445 -0.580913
795 2.20015 -2.13017 -0.536192 -0.124649
796 1.44143 0.651219 1.28011 -0.122279
797 1.61904 -0.536393 0.812823 1.2934
798 2.57013 -0.0597008 2.50578 -0.568402
799 1.45407 1.18732 -0.78066 -0.30849
800 1.14748 0.434847 -0.486183 -0.944057
801 0.955586 0.909586 0.0117794 0.292675
802 0.967839 -0.0657652 -0.618862 -0.741213
803 3.92301 -0.566879 2.26859 3.14995
804 1.57505 0.671288 -1.40488 0.237623
805 1.39855 -0.450011 1.22353 -0.506378
806 2.16616 -0.51291 1.20172 1.72773
807 1.10077 -1.09216 0.0489095 0.128364
808 1.96512 -0.795798 -1.73257 0.476018
809 3.36978 -3.14521 -0.417857 -1.13511
810 1.05118 -0.531544 -0.597676 0.682078
811 0.887893 0.335768 -0.553745 -0.607438
812 1.43526 0.415655 1.14233 0.763074
813 2.33957 1.83786 0.602989 1.31615
814 2.19777 1.38246 1.66089 0.400532
815 2.62486 1.13573 -2.36335 -0.12089
816 1.41837 -1.00292 0.947944 -0.327604
817 2.92928 -0.693727 0.204721 2.83857
818 1.16006 -0.840238 0.277643 -0.750095
819 1.59667 -0.452857 -1.52238 -0.163186
820 2.46732 1.69846 -0.230251 -1.77479
821 2.57506 2.22321 -1.29432 0.114065
822 2.04509 -1.0498 -1.69328 -0.461645
823 0.690316 -0.339759 -0.589835 0.114867
824 1.50803 -0.671824 0.432582 -1.27894
825 2.02768 1.97377 0.452768 -0.10366
826 1.44247 -0.433383 -0.0201262 -1.37568
827 0.992357 -0.0273001 0.989932 0.0637301
828 1.99953 1.55881 -1.09084 -0.615082
829 1.74304 0.188647 0.522811 -1.65205
830 1.76681 1.42823 -1.04002 0.0119585
831 1.29636 0.656241 0.715235 -0.859262
832 1.90911 0.0466294 1.8748 -0.357298
833 2.45875 0.0578767 2.31658 0.821898
834 1.30985 0.791535 0.812231 0.655332
835 1.76201 1.22365 0.719782 1.04368
836 0.937925 -0.200945 -0.0264044 -0.915766
837 1.45309 -0.109655 -0.559774 1.33645
838 1.60221 0.893057 1.08227 0.773443
839 1.53542 -1.22472 -0.857264 0.350266
840 3.20583 0.789625 2.77724 1.39312
841 0.606817 -0.414879 -0.197112 0.396547
842 0.836839 -0.66944 -0.218076 -0.452318
843 1.82685 0.963119 1.52813 -0.273141
844 1.85253 -0.980174 -0.890579 1.29537
845 1.66675 -1.28554 -0.948677 -0.474812
846 1.76843 -1.42432 -0.967694 -0.40279
847 2.8852 1.29811 1.56631 2.04596
848 2.24689 0.413862 2.18102 0.346928
849 0.305682 0.201515 0.211889 -0.0890824
850 1.67068 0.929098 -1.36187 -0.270688
851 2.10296 1.04949 -1.16122 1.40449
852 2.12683 1.16447 0.225814 -1.76535
853 1.34965 0.843185 0.390559 -0.978801
854 0.295702 -0.0818055 -0.00598789 -0.284098
855 3.34635 3.34078 -0.152 0.118991
856 1.60857 1.54363 -0.330527 -0.308988
857 1.18278 -0.832856 -0.135157 -0.828885
858 2.50702 0.308276 -2.13294 -1.28088
859 1.07006 -0.877306 -0.606941 -0.0835994
860 2.535 1.12416 -0.223587 -2.26109
861 1.39412 -1.19837 0.678332 -0.217614
862 0.707627 -0.267004 0.343495 0.558083
863 1.36415 0.919152 0.0608392 1.00616
864 1.49177 -0.953033 0.960564 -0.628038
865 1.71622 -0.926432 0.985399 -1.05647
866 0.665189 -0.0288746 -0.642344 0.170402
867 1.47514 -1.11966 -0.103111 0.954863
868 1.19142 0.784971 0.694265 0.566829
869 0.582877 0.574727 0.0571077 -0.0785653
870 1.49483 -1.2878 0.481071 -0.587078
871 1.95943 1.68729 0.467674 0.879594
872 1.14246 0.282371 1.08096 0.238773
873 3.12055 0.560057 -3.06414 0.187667
874 1.74886 -0.30715 0.648268 -1.59496
875 0.528441 -0.298698 -0.408719 -0.151585
876 1.59135 -1.22882 -0.324086 0.957788
877 1.29286 -0.178865 0.913232 0.897493
878 1.63789 -0.972212 1.31762 -0.0372103
879 2.09653 0.884181 -1.18179 -1.48897
880 2.53372 2.15864 0.193318 -1.31248
881 1.94302 0.901975 -1.45108 -0.925273
882 2.28609 -1.04199 1.93923 -0.616321
883 1.88114 1.82143 0.247578 -0.399734
884 0.759622 0.347564 -0.655047 -0.164738
885 2.12289 -1.11638 0.0955622 -1.80312
886 2.84695 -1.85247 1.3517 1.68712
887 0.676036 -0.516678 -0.0852577 -0.42755
888 2.75718 2.69962 0.560225 -0.0162615
889 2.91788 0.680173 -2.61202 1.10849
890 1.9616 -1.32298 -1.31995 -0.596102
891 3.6282 1.99194 3.01371 -0.337044
892 0.732646 -0.708189 -0.132821 -0.132653
893 1.16865 -0.785562 -0.785718 0.362337
894 3.78486 2.19463 0.299199 -3.06908
895 2.98678 2.11212 -2.02025 -0.615112
896 2.23031 1.638 1.51369 0.00151091
897 2.2926 2.11502 -0.382102 0.797922
898 2.3909 2.34684 0.131741 0.437521
899 1.78746 0.595536 -1.24864 1.13192
900 2.24701 0.264516 1.47041 -1.67839
901 1.76459 0.628434 1.20295 1.12772
902 2.07077 -1.16094 -0.875812 -1.47419
903 1.8345 1.2426 -1.33243 0.214365
904 1.61098 0.0291118 -0.681893 1.45926
905 1.42355 -0.680374 -0.644866 1.07133
906 1.90751 1.50044 -0.99083 0.636802
907 1.13375 -0.0962012 1.11928 0.152761
908 1.18899 0.518656 0.727615 -0.784386
909 1.58179 -0.48476 1.18152 0.933308
910 5.12904 3.28135 -0.45501 3.91571
911 1.76838 -0.463096 -0.911809 -1.44268
912 1.61065 1.54829 0.435269 -0.086841
913 1.31675 -0.980719 0.125567 0.869626
914 1.28154 -0.290389 -1.16498 0.448142
915 2.13604 -0.36378 0.207152 -2.09462
916 0.781837 -0.775424 -0.0844128 0.0534982
917 0.680436 -0.0418723 0.679115 -0.00651699
918 0.612769 0.273522 0.523031 0.164648
919 1.69291 -1.28688 -0.495405 0.982081
920 3.11767 0.828746 1.82857 -2.38524
921 3.92904 -1.37635 -3.35858 1.50433
922 1.0768 0.885804 -0.166884 -0.589061
923 1.08503 -0.860725 0.60444 0.26665
924 2.20765 -1.3909 0.144357 1.70829
925 2.21571 0.135563 1.69286 1.42311
926 0.778714 -0.629242 -0.455508 -0.0544352
927 1.63876 0.587974 -0.986357 1.16915
928 1.63476 0.904371 -1.07298 0.838615
929 1.54303 -0.977077 0.0667954 -1.19239
930 2.93139 -0.504414 -0.229145 2.87856
931 1.51005 -0.959262 -1.15757 0.141763
932 1.6159 1.19464 1.07493 -0.168781
933 1.48487 0.316024 -0.426664 -1.3867
934 1.63198 -1.33007 -0.813488 -0.482191
935 2.05123 0.401781 -0.229261 -1.99839
936 1.93997 1.53414 -0.539063 -1.05797
937 1.13707 -0.731503 -0.74756 -0.446074
938 2.43786 0.96428 -0.839979 2.07552
939 1.43802 -1.34514 -0.196823 0.468807
940 1.39018 -0.505546 -1.28788 -0.135556
941 2.41608 -1.14108 -0.628087 -2.03492
942 1.75066 -0.0388965 -1.13461 1.33265
943 2.15969 -1.29688 1.6908 0.351555
944 1.89554 0.821987 0.916264 -1.44148
945 2.28416 -0.439869 -1.44488 1.71354
946 1.04554 -0.170152 -0.690471 0.766453
947 3.06355 -0.742925 -0.907307 2.83023
948 3.21518 -0.843573 3.07415 0.418775
949 1.3364 1.33184 -0.085911 -0.0692064
950 1.0658 0.330105 -0.977753 0.2664
951 0.875306 -0.643724 -0.586271 -0.0898086
952 1.9635 -1.12479 -0.620897 1.48481
953 3.49325 2.48272 0.753967 2.3389
954 1.84293 0.702743 -0.943639 1.41849
955 1.35442 -0.822008 -0.894003 0.599606
956 1.65563 -0.405724 -0.252945 -1.58509
957 2.13723 0.124802 -1.50089 1.5164
958 3.32438 -0.614916 -3.22713 -0.508952
959 1.05854 -0.690089 -0.230301 0.768929
960 0.96444 0.873563 -0.152913 -0.379011
961 3.26103 0.889621 1.08674 -2.94311
962 1.24254 -0.302135 0.739049 0.952068
963 3.70521 0.558954 3.38541 -1.39827
964 2.1459 -0.829935 -1.93745 0.402988
965 1.97815 1.19639 1.30112 -0.888149
966 2.72309 -2.23792 0.254292 1.53044
967 1.3587 -0.247998 0.906323 0.981393
968 2.83033 -0.245801 1.24233 2.5312
969 1.0352 0.989078 0.298494 -0.0652484
970 1.62904 0.206295 1.61256 -0.104339
971 1.60353 0.548364 -0.656985 -1.35608
972 2.42909 1.4388 1.95011 0.165536
973 1.56251 -0.842699 -0.655638 -1.1408
974 3.17204 -0.786886 2.46605 1.83337
975 1.35864 -0.493526 1.24782 -0.212783
976 1.93556 0.583671 0.612153 -1.74098
977 1.69517 -1.35583 -0.967294 0.315718
978 1.24656 -0.706211 0.895608 0.503052
979 1.88003 1.27482 0.604922 1.24235
980 2.28524 -1.13916 -1.9804 0.0515006
981 2.18879 -1.6533 -1.40021 0.311191
982 2.55203 1.57523 0.732073 -1.86964
983 1.57856 -0.207924 0.989404 1.21231
984 2.03401 0.797582 -1.85763 -0.224276
985 1.95477 -1.24866 -0.207628 -1.48959
986 1.94462 -0.652771 -1.11429 -1.45389
987 1.4326 -1.39092 0.339364 -0.050343
988 1.94243 0.405029 1.5076 -1.15592
989 3.75789 -1.32027 3.20673 1.44758
990 1.91774 0.0375104 -1.61694 -1.03046
991 1.70315 -0.367961 -1.32737 1.0017
992 2.50695 -2.09963 1.17767 -0.699607
993 2.55671 0.878978 1.65067 1.7434
994 2.96647 2.6749 1.18372 -0.493563
995 2.5818 -1.84765 1.70313 0.592658
996 2.50123 -0.479854 -2.21409 1.06004
997 0.968602 0.0563541 -0.356217 0.898957
998 2.16261 0.0381284 1.55613 -1.50129
999 3.99959 -3.51603 1.82324 -0.556866
1000 1.23706 -0.105907 0.345006 1.18325
1001 2.95908 2.83796 -0.332115 0.769321
1002 2.21791 -0.0966526 -0.967316 -1.99351
1003 1.30141 -0.223715 -0.408702 1.21515
1004 1.83076 -1.28064 1.25538 -0.368347
1005 0.862865 -0.674472 -0.535219 0.0562416
1006 1.73852 -0.182423 -1.60804 0.635139
1007 1.41765 -1.32741 -0.31035 0.389106
1008 2.45628 0.965068 -0.193717 -2.25043
1009 1.27659 0.870548 -0.222318 -0.906859
1010 2.15692 0.326737 2.10329 0.348891
1011 2.76865 -0.109473 -1.95595 1.95644
1012 1.29578 0.698688 -0.439697 -0.998767
1013 1.62177 0.757344 -1.12329 -0.891508
1014 2.48414 1.63266 -1.80271 0.505562
1015 1.82983 0.788675 1.16496 -1.1701
1016 0.323233 -0.245462 -0.201372 0.0606426
1017 2.89453 1.24406 2.35364 1.13624
1018 1.86301 0.059385 0.365687 1.82581
1019 3.61599 -1.38683 -0.176486 -3.33481
1020 2.42345 0.413271 1.91528 -1.42619
1021 2.92339 -0.694212 -0.44214 -2.80514
1022 1.5648 1.3864 -0.345677 0.637972
1023 4.02235 3.28012 -0.633928 2.24014
1024 2.45574 -1.26931 -1.70309 1.23247
1025 2.14162 2.0031 0.612978 -0.445399
1026 2.90385 -2.21608 -0.657774 -1.75745
1027 2.35092 0.913589 -0.0878141 2.16436
1028 1.47006 -0.127221 -0.542231 1.36046
1029 1.01627 0.632833 0.719595 0.338405
1030 3.22033 2.75006 1.4021 0.917525
1031 1.11382 -1.01565 -0.30292 0.342476
1032 2.52671 0.652374 2.28268 -0.864902
1033 0.694152 0.478039 0.158111 0.477835
1034 2.68566 0.72354 1.44285 2.1465
1035 1.3922 -0.941899 -0.733881 0.715868
1036 2.19557 0.0876804 -1.38882 -1.69825
1037 1.4479 0.679206 0.152424 1.2696
1038 3.02704 2.91406 -0.815681 0.0766655
1039 1.72604 -1.54489 -0.562371 -0.525605
1040 1.62084 -1.462 -0.669893 0.202284
1041 2.61096 -1.4728 0.774529 -2.01199
1042 2.13526 1.79895 -1.14634 -0.094968
1043 1.74213 0.599756 1.61832 -0.237349
1044 1.45305 1.04935 -0.993636 0.151342
1045 0.632628 0.438669 0.449682 -0.0746617
1046 3.20374 2.01971 1.47425 -2.00281
1047 0.99995 -0.988629 -0.00884534 0.149781
1048 1.68813 -0.845815 -0.58563 1.33844
1049 0.332461 0.297358 -0.111448 0.0984237
1050 2.92371 -0.995667 2.1265 1.74204
1051 1.2269 -0.0566233 -1.19 -0.293223
1052 1.63168 0.512845 -1.54195 0.147497
1053 1.49893 0.368033 0.846013 -1.18136
1054 2.51413 1.86763 0.809104 1.47586
1055 2.8362 -2.32863 0.715331 -1.45253
1056 0.72074 0.299417 -0.58473 0.29649
1057 3.38622 -1.44979 -1.2946 -2.77283
1058 0.933843 -0.438254 0.578985 -0.587174
1059 0.81933 0.466468 -0.66334 0.117001
1060 0.997072 0.653103 -0.318691 0.682675
1061 2.47301 2.14346 1.10215 -0.55376
1062 1.2958 -1.27312 -0.105927 0.21691
1063 2.72346 0.701503 2.36179 -1.16064
1064 1.60936 -0.699044 1.44956 -0.0120099
1065 1.29711 -0.401589 -1.17269 -0.382152
1066 0.77949 0.744382 -0.034798 -0.22867
1067 0.698351 -0.392354 0.552113 -0.170071
1068 2.30863 -0.219873 2.00851 1.11682
1069 0.360781 -0.0180932 -0.214373 0.289621
1070 3.35317 -0.130248 3.15876 -1.11759
1071 0.609616 0.23378 -0.407926 -0.388039
1072 1.82148 -0.669797 1.18852 -1.20688
1073 1.88545 0.29272 -0.784056 1.68953
1074 2.95907 1.66325 0.83343 -2.3011
1075 1.01714 0.384469 -0.17395 0.925475
1076 1.2996 -1.26989 -0.188995 -0.201541
1077 2.52876 0.407003 2.45019 -0.47494
1078 1.21507 1.0415 -0.613376 0.124238
1079 1.71088 0.0927592 -0.294681 -1.68276
1080 0.240477 0.176657 -0.161314 0.0244868
1081 2.68213 0.143566 -2.2957 -1.37949
1082 2.11499 1.01635 -1.83442 0.274063
1083 1.31132 -0.884864 0.297424 0.920933
1084 0.549944 -0.241552 -0.256584 -0.422203
1085 1.82579 0.34036 -0.373414 1.75448
1086 0.899906 0.806149 -0.0719973 -0.393409
1087 2.50936 -0.841163 0.111378 2.36155
1088 1.69072 -0.585353 -0.0483703 -1.58542
1089 1.47055 -0.115714 -0.217143 -1.44982
1090 3.51834 1.17245 -1.23226 3.07987
1091 1.94827 1.18492 -1.5305 -0.222003
1092 0.985608 -0.02629 -0.930819 -0.322967
1093 0.128084 -0.0379237 -0.0729427 0.0982171
1094 1.74581 0.179047 0.309851 1.70874
1095 2.19733 -1.52145 -1.28284 0.93153
1096 2.3356 -0.432111 -1.57987 1.66503
1097 1.57492 0.782065 0.556149 -1.24878
1098 1.90855 -1.95327e-06 1.90538 -0.109993
1099 0.595848 0.543841 -0.183031 -0.160536
1100 2.8407 2.50691 1.32771 -0.148748
1101 1.64599 0.10017 -1.6429 -0.0124937
1102 1.32246 0.486014 -0.490778 -1.12776
1103 2.06351 1.36491 -0.437462 1.4845
1104 1.67008 1.04286 0.27031 -1.27615
1105 1.16029 -0.79284 -0.280451 0.799397
1106 2.59621 1.02001 -1.94673 -1.38207
1107 1.29123 -1.03629 0.476737 -0.605059
1108 1.98081 1.07102 1.66486 0.0689621
1109 1.09719 0.96691 -0.371978 0.361317
1110 0.429402 0.0889839 -0.113433 0.404476
1111 2.31005 -1.78406 0.55863 1.35699
1112 1.80281 0.984122 1.00803 -1.12495
1113 1.33875 1.13399 -0.626025 -0.338222
1114 0.708543 -0.523604 0.232294 0.417026
1115 2.55962 -2.17879 -1.33483 -0.150843
1116 1.60381 -0.996283 1.21328 0.327977
1117 0.77193 -0.670798 -0.0626789 -0.376799
1118 2.60096 -1.21724 1.39436 -1.82731
1119 0.89604 0.197289 -0.815213 -0.315263
1120 2.90484 0.0559398 2.31384 -1.7553
1121 0.497325 0.454283 -0.194137 0.0571816
1122 1.04498 0.126985 0.431619 0.943166
1123 1.63917 -0.519301 -0.633809 1.41968
1124 2.30586 -0.35414 -1.79611 -1.40199
1125 1.36333 -0.900508 -0.985606 -0.276297
1126 1.23591 0.0258062 0.626305 -1.06515
1127 1.15817 -0.972687 -0.34916 -0.522807
1128 1.30379 -1.11673 -0.551253 0.385896
1129 1.21812 -1.21008 -0.133976 -0.0396842
1130 2.73549 1.02373 2.26638 1.13948
1131 2.03167 0.927638 1.79544 0.208717
1132 1.26474 -1.05265 -0.467399 0.522519
1133 2.11699 -2.05204 0.0306146 -0.51945
1134 1.04681 0.0260264 0.62043 0.842732
1135 1.63448 0.15301 -1.37509 -0.870199
1136 1.32399 0.590065 0.00229927 -1.18523
1137 1.23028 0.160892 -0.722115 -0.982978
1138 2.24777 1.09762 1.28274 -1.48401
1139 3.35885 -1.04435 3.15003 0.518188
1140 2.7082 -0.745754 -2.59111 0.253731
1141 4.01086 2.72847 0.480222 -2.90032
1142 2.16039 -1.42563 1.59293 0.312159
1143 1.79735 -1.74182 0.2092 0.390844
1144 1.28349 0.379872 -1.05519 -0.624193
1145 2.45279 2.25952 0.661308 0.68807
1146 2.02026 -0.542063 -1.37612 1.3762
1147 1.1603 -0.751673 0.815276 -0.34147
1148 3.01029 -0.604409 -2.23604 -1.92267
1149 1.77738 1.59797 -0.674372 0.388304
1150 1.27407 0.497317 0.0960615 -1.16907
1151 1.87423 1.13396 1.38544 0.55449
1152 0.604035 0.529496 -0.288134 -0.0383558
1153 1.71688 0.52748 1.63171 0.0834938
1154 1.07654 -0.284788 1.03283 0.105309
1155 1.28904 0.705891 1.03076 0.317614
1156 3.4892 0.123245 2.36505 2.5624
1157 3.25125 -3.23762 -0.294222 0.043145
1158 1.60263 1.16407 0.068827 1.09938
1159 2.14471 0.906022 0.425867 1.89672
1160 1.76703 1.32787 1.09422 -0.4023
1161 0.485332 0.406628 0.150442 -0.218101
1162 3.6108 0.16809 -2.62535 -2.47329
1163 1.531 -1.21778 -0.34319 -0.862072
1164 3.40727 2.67723 1.50563 -1.4748
1165 2.01559 0.204676 -0.203594 -1.99481
1166 1.16677 0.375345 0.49341 0.988443
1167 0.770826 -0.344879 0.335566 0.602184
1168 2.07592 0.443286 -0.71444 -1.89803
1169 2.89087 -1.87522 1.34918 1.73793
1170 2.2227 2.07913 0.204046 -0.758926
1171 2.16651 -0.148156 1.88229 1.06244
1172 2.05847 0.235569 1.65931 1.19521
1173 1.31828 -0.43562 1.2433 0.0481387
1174 0.635587 0.233619 0.396237 0.438622
1175 2.02112 -0.944489 0.0578973 -1.78592
1176 1.6544 1.34714 0.10959 -0.954055
1177 2.33988 -0.187147 1.75371 -1.5377
1178 1.39294 -0.630916 -1.24178 0.0148088
1179 1.29356 -0.196058 1.16142 0.534764
1180 1.24387 -0.479526 -0.0089491 -1.14769
1181 2.73404 0.52331 -2.07356 -1.70337
1182 1.65703 1.25889 -0.96984 -0.46942
1183 1.36337 -0.688505 0.593556 1.01608
1184 1.29258 0.275736 1.12423 -0.575183
1185 0.767101 -0.0272787 -0.680643 0.352738
1186 0.70508 0.440898 -0.353346 -0.421775
1187 2.49374 1.74293 -1.49888 0.966577
1188 0.411665 -0.060901 -0.374186 0.16045
1189 3.05533 -0.661294 2.83823 -0.917714
1190 0.300964 -0.165145 -0.230186 -0.101591
1191 0.963685 0.277894 -0.0565533 0.921014
1192 1.71635 0.918117 0.497151 -1.36226
1193 2.08815 1.78593 0.905464 0.592424
1194 1.95765 1.50221 1.25199 -0.0908852
1195 1.6005 -1.58462 -0.22321 0.0272239
1196 0.790985 0.510287 -0.477772 -0.370132
1197 0.591548 0.203163 -0.102202 0.546085
1198 3.28898 -0.38297 2.18702 -2.42644
1199 1.46937 -0.249981 -1.41204 0.320486
1200 0.916068 0.0433424 0.437728 0.803552
1201 2.24787 -2.01967 -0.802584 0.574218
1202 2.35738 1.75091 -0.255975 1.55757
1203 3.50797 2.53874 -1.05911 2.1769
1204 1.16043 0.943842 0.406123 -0.539282
1205 2.20379 -1.67253 1.21005 0.771429
1206 2.01989 -0.0940935 -0.750934 1.87275
1207 3.83866 -1.30234 -3.52902 0.765015
1208 3.98255 -1.36681 0.0146993 -3.74063
1209 2.98766 0.146369 0.555974 2.93182
1210 1.32729 -0.53499 0.838472 -0.878893
1211 2.45872 -2.38558 -0.00727208 0.595211
1212 2.59826 0.685424 2.42663 -0.626602
1213 0.98505 -0.249045 -0.873571 -0.381017
1214 1.5109 0.0184795 1.4153 -0.528576
1215 1.0118 -0.397095 0.0476723 0.929401
1216 1.20062 -0.685753 -0.867877 0.466921
1217 1.94825 -1.14276 0.952523 -1.25797
1218 2.87613 -1.87645 1.69986 1.3644
1219 2.59469 -1.2648 -2.24393 0.312178
1220 2.02614 1.00522 0.464529 -1.69676
1221 1.90392 -1.59865 -0.652555 -0.802127
1222 1.90242 0.391771 0.112172 -1.85826
1223 2.29124 -0.388446 -1.98524 -1.07598
1224 2.58064 -0.765838 -2.45633 0.199022
1225 2.3652 0.755358 -0.280837 2.22367
1226 0.777435 0.0433719 0.025444 -0.775807
1227 1.9069 -0.932761 -1.62202 -0.367826
1228 1.31254 1.22998 0.319301 0.32857
1229 2.19386 1.37997 0.37871 -1.66291
1230 2.35233 -1.22244 1.9711 -0.392279
1231 1.99707 0.723021 0.395726 -1.81905
1232 1.23368 -0.0706236 0.746278 0.979826
1233 1.2071 0.557762 -0.462823 -0.965293
1234 1.98769 1.87034 0.435213 -0.51318
1235 0.767444 0.767332 0.00906761 0.00945319
1236 1.08144 0.02835 0.306276 1.03677
1237 2.03181 0.679872 1.79557 0.664785
1238 0.989704 -0.513845 -0.363526 -0.763758
1239 2.03993 -0.602842 -1.04225 1.6467
1240 0.968154 0.140038 0.0311075 -0.957467
1241 1.68532 -1.48933 -0.117068 0.780064
1242 2.69621 1.98899 -1.81298 -0.163078
1243 0.889684 0.462812 -0.489692 -0.580986
1244 2.86382 -1.46645 1.92548 -1.53086
1245 1.47112 0.503281 -0.959513 0.995104
1246 1.29652 0.455797 -1.21221 -0.061413
1247 3.13533 -2.99484 -0.152539 -0.91541
1248 2.49583 -0.843737 -1.1014 2.07466
1249 2.39391 -0.745798 0.433224 2.23313
1250 2.22701 -1.756 1.01234 0.92261
1251 2.37051 0.987799 -0.769439 2.01284
1252 1.60409 0.429276 1.0005 1.17806
1253 2.41419 -1.28067 -1.47807 1.41545
1254 2.97623 1.11713 1.80453 2.08654
1255 2.27739 0.892686 1.8154 1.04591
1256 3.18672 -0.514425 -2.835 1.36138
1257 1.81883 -0.606152 0.925046 1.44395
1258 2.98905 2.09018 1.7396 1.24072
1259 2.57767 0.648741 0.545486 -2.43433
1260 1.79769 0.629732 1.09029 -1.28312
1261 3.79971 3.54385 1.32968 0.332929
1262 2.09287 1.35046 -1.519 0.499043
1263 1.14807 -1.09152 -0.0871671 -0.345037
1264 2.3975 -2.29522 -0.334722 0.606556
1265 2.4769 -0.369925 0.542733 2.38823
1266 1.08302 -0.305566 -0.0622051 -1.03715
1267 0.97413 -0.186079 0.606349 0.739354
1268 0.939211 -0.74391 -0.541269 -0.189057
1269 3.05218 -0.95905 -2.27246 1.79776
1270 3.08903 1.32438 -1.92295 2.02248
1271 2.61271 0.584441 -0.238302 2.53533
1272 1.99894 -0.723724 -0.603838 1.76277
1273 1.56308 -0.872448 0.359368 1.24616
1274 1.73615 1.3447 0.050182 1.09704
1275 2.36381 0.755634 0.353994 -2.21163
1276 0.81694 0.421752 -0.609004 0.344427
1277 1.8437 -1.78467 -0.192665 -0.420779
1278 2.54033 0.853943 2.37108 -0.319427
1279 1.47569 0.193204 1.12368 -0.936852
1280 1.63443 0.63879 1.49461 -0.171589
1281 2.23215 0.551109 -0.442954 2.11721
1282 2.16945 1.11091 0.541549 -1.78301
1283 2.93248 1.43236 1.67295 -1.93623
1284 1.42732 -0.783048 -1.09381 -0.477139
1285 1.87309 -0.15036 -1.72003 -0.726198
1286 3.0435 2.56535 -0.262335 -1.6165
1287 1.12155 0.499759 0.577036 -0.821667
1288 1.66796 -1.11046 1.17222 -0.418194
1289 1.99288 -0.538005 1.50169 1.19459
1290 1.22074 0.00466922 -0.713747 -0.990323
1291 0.833295 -0.762439 0.0392298 -0.333957
1292 2.25056 2.09646 0.068399 -0.815594
1293 2.5726 -1.84326 0.896836 -1.55446
1294 1.05998 0.236425 -0.684484 -0.774047
1295 1.49409 0.31136 1.33816 0.587102
1296 2.13309 2.03631 0.477473 0.418978
1297 1.69272 -0.62734 1.52993 -0.362005
1298 1.01514 0.499617 0.0208777 0.883432
1299 3.33963 -1.23884 -0.878348 2.97437
1300 2.45246 -1.49457 -1.92655 0.263079
1301 1.48058 -0.40635 0.301302 1.39147
1302 2.48189 1.88018 -0.689865 1.46587
1303 1.25576 0.31111 0.02981 -1.21625
1304 0.394216 0.144402 -0.00764917 -0.366737
1305 1.77544 -0.726185 -0.3005 -1.59203
1306 2.05954 -0.553765 1.50628 -1.29079
1307 2.40362 2.29558 0.680192 -0.212263
1308 1.97641 -0.573465 1.33075 1.34404
1309 2.4495 -0.280148 1.53938 1.88464
1310 4.52946 1.16554 3.16092 3.02756
1311 3.33012 3.32963 -0.0302776 0.04841
1312 3.8355 1.98738 -1.14053 3.07581
1313 1.19836 0.910021 0.749902 0.213463
1314 2.111 0.55954 -0.553712 -1.95873
1315 0.97871 -0.243376 -0.742941 -0.588796
1316 2.07777 1.72797 -0.761949 0.866418
1317 1.54723 0.767285 1.32956 0.19361
1318 1.11954 -0.530786 -0.290715 -0.941875
1319 1.71896 -1.69441 -0.037771 -0.287017
1320 2.48138 -0.131107 2.26595 1.00277
1321 2.10462 1.91535 0.525027 -0.696565
1322 1.84878 -0.0792344 1.74373 -0.609207
1323 1.79538 0.0544658 -0.92148 -1.5399
1324 2.70958 -2.55969 0.778784 -0.42813
1325 2.18955 1.36966 1.40531 0.971229
1326 1.27645 0.303628 -0.00420377 1.2398
1327 2.97826 0.592744 -0.846038 -2.79337
1328 0.935706 -0.852336 0.302053 -0.240487
1329 3.68636 0.360529 1.16796 -3.4778
1330 1.63724 -1.6351 -0.0827182 0.0121566
1331 1.49745 -1.08324 -0.130616 -1.02562
1332 2.34733 -0.383287 -2.30551 0.21833
1333 1.23936 0.0838026 0.915818 -0.830823
1334 0.73653 0.327043 0.546507 0.369932
1335 0.697228 -0.445101 0.255973 0.471687
1336 1.5731 -1.41605 -0.682482 -0.0605003
1337 1.46241 1.1663 -0.737093 -0.484845
1338 1.41462 0.606907 -0.037332 -1.27727
1339 2.82137 1.15178 1.55316 -2.05457
1340 2.70767 -1.61294 -2.08823 -0.607625
1341 2.81492 -1.88334 -1.52666 -1.43043
1342 0.136844 0.131539 -0.00390136 0.0375306
1343 0.525278 0.0808047 -0.300305 0.423325
1344 1.04743 0.782424 -0.501315 -0.483329
1345 1.29133 0.522377 0.2989 1.1425
1346 1.40094 0.707484 0.0600729 -1.20768
1347 1.65666 -1.19416 -0.404274 1.07474
1348 1.68135 -0.512137 1.48714 -0.59421
1349 2.01231 1.75932 -0.553308 -0.805
1350 2.18355 1.89002 0.704298 0.836469
1351 2.62209 0.965611 2.25622 0.92325
1352 0.979468 0.24909 -0.673833 0.665778
1353 1.30062 0.474508 -0.532798 1.08746
1354 2.87008 0.709505 0.916298 -2.62572
1355 2.77844 0.593643 2.0041 -1.83055
1356 2.36955 2.25273 -0.667843 -0.30652
1357 2.37806 0.786854 0.213986 -2.23389
1358 1.11606 -0.150864 0.964375 0.541117
1359 0.48035 0.433805 -0.0878143 -0.186647
1360 1.62883 -0.0445837 0.891865 -1.36223
1361 1.75216 0.579558 -1.34744 -0.958433
1362 1.26765 0.815897 -0.661427 -0.709764
1363 0.352409 0.243414 -0.254747 -0.00676226
1364 0.383121 -0.152258 -0.0649318 0.345519
1365 2.08398 -1.05018 1.63207 -0.759237
1366 1.47186 -0.0368108 1.4678 -0.10284
1367 1.98969 0.110783 1.1725 -1.6037
1368 2.9573 -1.88947 0.936572 -2.07326
1369 1.71752 -0.725346 -0.570605 -1.44851
1370 2.75219 1.44453 -2.34012 -0.10828
1371 3.93746 1.60118 -3.51987 0.741836
1372 1.86653 -0.674984 -1.16269 1.2948
1373 1.84097 -0.694479 1.70031 0.125739
1374 1.69562 -1.21222 1.09887 0.445107
1375 3.79449 -1.92798 0.113018 3.26623
1376 2.51396 0.972908 0.300189 2.29856
1377 1.45204 -1.07826 -0.032604 -0.971969
1378 3.57327 -0.0256775 -2.66439 2.38088
1379 1.35469 -0.879732 0.0906848 1.02618
1380 2.8383 1.34185 2.16627 -1.25007
1381 2.05094 -0.667421 0.351566 -1.90717
1382 2.03113 1.95692 -0.191008 0.509374
1383 1.71361 -0.397839 -1.27266 1.07634
1384 1.29408 -1.03038 0.67171 0.402197
1385 1.21044 -1.13717 -0.286756 -0.299636
1386 2.05218 -0.0372791 0.37535 2.01722
1387 2.4956 -1.48894 -0.229809 1.98954
1388 1.08606 -0.167386 -0.419212 0.987806
1389 1.53855 -1.2796 0.028478 -0.853789
1390 0.765532 -0.657541 0.387054 0.0621988
1391 2.35309 -1.73877 -1.31311 -0.888538
1392 1.61324 -0.168625 1.59311 0.190024
1393 2.3937 1.71446 0.390719 1.62411
1394 1.32204 0.155845 -0.0220156 1.31264
1395 1.46096 1.03457 1.02886 0.0742434
1396 0.908208 0.590651 0.514681 -0.459432
1397 2.27605 0.174815 -1.94479 -1.16946
1398 2.14172 -0.796351 0.251529 1.97219
1399 2.39987 -0.894502 -0.259362 -2.21178
1400 2.27717 -1.43874 -0.6196 -1.65276
1401 2.2625 2.19553 -0.470699 0.277512
1402 1.33485 0.614028 1.07215 0.50526
1403 1.08502 0.448338 -0.365398 -0.91801
1404 1.15094 0.728185 0.488913 -0.745232
1405 1.83442 -0.494518 -0.491419 -1.69677
1406 2.51723 -0.125629 1.87826 1.67116
1407 1.46871 -0.225326 -1.37331 0.46943
1408 2.35258 -2.06256 0.890832 -0.697764
1409 4.83965 0.943535 -0.461242 -4.72432
1410 1.9971 0.263186 -0.876646 1.77501
1411 1.98566 -1.19118 1.11211 1.13452
1412 1.00914 0.978056 -0.23882 -0.0688239
1413 1.15063 0.643861 -0.859179 0.413773
1414 0.945388 -0.284809 0.178108 -0.883697
1415 0.676701 0.258784 0.542343 0.311157
1416 3.66078 1.3778 -2.2104 -2.57238
1417 2.50777 0.439751 2.18336 1.15258
1418 2.03792 -1.93404 0.514608 0.384411
1419 1.79812 -0.575765 1.55508 0.695291
1420 1.30753 0.943894 -0.294038 0.855713
1421 2.68481 1.29048 1.79934 -1.5183
1422 2.01914 -1.94184 0.549481 -0.0652955
1423 2.426 -0.380781 -1.96345 -1.37308
1424 1.68129 1.57957 -0.401147 0.413223
1425 1.65515 1.07044 -1.2425 -0.223333
1426 3.21616 -2.73033 -1.29732 -1.09816
1427 1.74134 -0.609805 -0.0984833 -1.6281
1428 1.32622 0.351344 -1.09594 -0.659052
1429 1.74568 1.44443 -0.677279 0.708751
1430 1.24728 -0.852595 0.874614 0.252641
1431 1.0735 -0.764225 -0.685338 0.314115
1432 2.20012 -0.0146651 -2.15928 0.421662
1433 1.14177 -0.998936 0.300216 -0.46437
1434 2.48024 1.72449 -1.5202 -0.930993
1435 1.43118 -1.29438 -0.499763 -0.350869
1436 1.26369 0.692817 -0.464647 -0.94922
1437 2.90558 1.63358 -0.845719 2.24912
1438 1.00029 0.507032 -0.74672 -0.431159
1439 3.44182 2.23298 -2.42891 0.979952
1440 0.99882 0.222269 -0.591305 -0.77369
1441 1.97104 1.54205 -0.0026859 -1.22763
1442 1.5478 -0.303956 0.180773 1.50686
1443 3.66812 2.64569 2.5323 -0.20709
1444 2.69472 1.68617 -0.979921 1.8596
1445 4.09796 1.4295 1.50586 3.53301
1446 1.37388 -0.0410126 -1.31245 0.404161
1447 0.92131 0.415736 0.528377 0.629916
1448 0.987207 -0.135241 -0.975733 0.0650549
1449 3.46015 0.861193 1.6274 -2.92959
1450 2.5198 0.952162 1.73169 -1.56335
1451 1.11454 -0.455775 0.138432 -1.00762
1452 2.48626 -1.78582 -1.65657 -0.498149
1453 2.6336 -1.51403 -0.636139 -2.05886
1454 2.16022 1.39287 1.06717 1.26001
1455 2.68244 1.36739 -1.80898 -1.43293
1456 1.24313 -0.39124 0.23811 1.15568
1457 1.15061 0.650485 0.884646 -0.343751
1458 2.51105 -1.24117 0.77346 2.04124
1459 0.757359 -0.483269 0.0408746 0.581698
1460 2.23491 -1.86578 1.19655 0.286296
1461 0.482932 0.0766078 0.475432 -0.0363251
1462 1.59398 0.754973 1.26897 0.600422
1463 0.490644 -0.306337 -0.155185 -0.350438
1464 2.64336 0.830968 -1.83944 1.70683
1465 0.969252 0.321976 0.221013 0.887093
1466 0.625233 -0.209251 0.568818 0.153546
1467 1.42195 -0.83414 -0.729544 0.89102
1468 1.00977 -0.71549 -0.0803426 -0.707989
1469 2.79944 2.41383 -1.28948 0.589537
1470 2.85131 0.932759 -1.66798 -2.11607
1471 2.29079 0.563569 1.56569 -1.5744
1472 2.70796 -1.78803 0.548255 -1.95843
1473 1.34 -0.915838 0.869202 0.44871
1474 2.277 0.601701 1.30839 1.76375
1475 1.16504 -0.0301515 -1.00238 0.59299
1476 1.67437 0.110268 1.47356 -0.787389
1477 0.8887 -0.495114 0.576729 -0.460471
1478 1.71057 -0.938006 0.826087 -1.16781
1479 2.63682 2.0596 -1.54321 -0.573916
1480 1.71087 -1.4077 0.966441 -0.107034
1481 1.22475 0.724724 -0.848457 -0.504875
1482 1.19615 -0.159308 0.727776 0.935805
1483 1.32445 -0.868907 -0.456405 0.889306
1484 2.56384 -1.23568 -0.396003 -2.21123
1485 1.11211 -0.695387 -0.815517 0.296902
1486 2.06285 -1.57949 1.31106 0.204227
1487 0.62973 0.206806 0.138924 -0.578352
1488 2.05483 0.291625 1.38118 1.4932
1489 2.44576 -0.946497 -1.7689 1.39889
1490 3.16488 1.2452 -1.75569 2.32023
1491 0.658179 -0.254521 -0.0789287 -0.601822
1492 1.76627 0.97595 0.883741 1.17739
1493 2.42302 -1.28403 -1.54692 -1.35253
1494 2.01929 1.99313 -0.284995 0.154128
1495 1.64868 -0.238768 0.423739 1.57531
1496 1.98007 1.04163 1.62339 0.447554
1497 2.49341 0.653514 -2.40441 0.0939888
1498 3.09259 -1.07309 1.42793 2.5246
1499 2.22285 1.37682 0.00911285 -1.74509
1500 2.8245 -2.14849 1.75523 -0.530053
1501 2.49372 -0.168241 -1.61027 -1.89667
1502 2.15902 -1.92102 -0.637403 0.751503
1503 0.85901 0.0913529 -0.452387 0.724499
1504 2.61233 -1.35062 -1.78956 -1.34072
1505 3.17468 -2.94508 1.08283 0.482284
1506 1.23959 -0.46594 0.687235 -0.920425
1507 2.41597 2.20664 -0.908593 -0.377007
1508 1.94435 -0.37353 -0.932662 1.66466
1509 3.11868 -1.77464 -0.129005 -2.56129
1510 1.73614 -1.00792 -0.613942 1.27332
1511 2.3929 1.67717 -1.67562 -0.324667
1512 3.45644 2.1943 -0.438429 2.63434
1513 2.74716 -2.40963 1.29691 -0.242114
1514 1.83535 0.66502 1.64809 -0.458303
1515 2.00477 -1.75606 -0.960356 -0.11427
1516 1.56016 0.405486 1.50373 0.0920407
1517 1.84095 1.62165 0.444128 0.749721
1518 1.1706 0.535939 -0.116887 -1.03413
1519 3.14835 2.20011 -0.317165 2.22958
1520 2.07283 -1.82795 0.370717 0.904322
1521 1.46215 -1.09813 -0.688556 -0.676674
1522 0.634168 -0.254092 -0.422104 0.399293
1523 1.82006 0.49266 -1.31602 1.15672
1524 1.79488 -0.54032 1.16383 -1.25505
1525 1.81827 1.61964 0.099586 -0.820348
1526 0.764168 -0.10225 0.0961783 0.751164
1527 2.21478 2.01182 -0.521639 0.765322
1528 1.41451 0.571066 1.25939 0.297772
1529 1.47168 -0.995449 -0.823171 0.705212
1530 2.26575 -0.718262 0.696263 2.03297
1531 2.35491 0.279563 1.56502 -1.73729
1532 1.65881 0.457756 0.687209 1.43869
1533 3.19006 2.65257 1.07129 1.41163
1534 3.6896 3.08561 1.05951 1.72325
1535 2.67029 2.26322 -0.802242 1.16819
1536 3.32231 -2.37579 1.01456 2.08903
1537 1.76147 -0.411243 -1.64255 0.485489
1538 0.879213 0.0991931 -0.87331 0.0224899
1539 1.53698 -0.0858739 -1.39906 0.630537
1540 0.937379 -0.136125 -0.895854 -0.23999
1541 3.15791 -2.78718 -0.707432 1.3052
1542 1.51978 1.13524 -0.999284 -0.149693
1543 2.91418 0.756551 -2.14287 1.82432
1544 1.23849 -0.373045 -0.217556 1.16076
1545 2.04273 0.393476 0.441771 1.95519
1546 1.39572 0.361396 1.19856 0.617152
1547 2.28751 0.539565 -2.11687 0.678553
1548 1.52597 0.9797 -0.227329 1.14765
1549 1.26687 0.835354 -0.89557 0.324173
1550 2.4779 1.81448 0.78177 1.49548
1551 2.39104 1.66305 1.70848 -0.180113
1552 0.588598 0.108529 -0.312732 -0.48669
1553 0.693698 -0.683993 -0.0763121 0.086869
1554 2.7108 -2.51109 0.842299 0.577406
1555 1.32922 -0.113678 -0.250515 1.30044
1556 1.25318 -1.21208 -0.0122034 -0.318075
1557 1.0773 -0.352792 0.906105 -0.463769
1558 2.4193 -1.43729 1.8344 0.649767
1559 2.53319 1.707 -1.03404 1.56011
1560 2.58898 0.855545 -2.05556 -1.32119
1561 0.874797 -0.0949279 0.707481 -0.505696
1562 2.77992 1.34821 -2.39239 0.432172
1563 0.591214 0.0807918 -0.354236 -0.466394
1564 2.01019 -2.00235 -0.147146 0.0990892
1565 2.14611 2.06393 0.0165703 -0.58798
1566 2.43107 -0.277346 2.00963 -1.33961
1567 1.70883 -1.67617 -0.110573 0.313581
1568 1.33198 0.311442 1.10553 -0.674525
1569 1.21048 0.0917273 0.0325786 1.20656
1570 0.775626 -0.773489 -0.0525542 -0.0234064
1571 2.18311 -0.110363 0.158861 2.17453
1572 2.05437 0.351742 1.81926 0.887151
1573 1.80725 -1.08746 -1.43749 -0.131147
1574 1.4072 1.29074 -0.0826332 0.554419
1575 3.29208 -1.19375 3.00681 0.609812
1576 2.71 2.58048 -0.532202 0.634042
1577 3.30171 1.29856 2.55837 -1.63394
1578 1.78382 -0.887694 -0.330024 1.51165
1579 2.1946 -0.702926 0.6651 -1.96972
1580 2.72178 2.14073 -1.40991 0.915146
1581 2.83282 1.48725 2.383 -0.366408
1582 1.21341 -0.597865 0.0812418 -1.05277
1583 1.62719 -0.48901 -1.46136 0.522509
1584 1.80206 0.782179 -0.450709 1.55964
1585 1.86427 -0.627359 -0.234751 -1.73977
1586 4.08341 -2.64961 0.359765 -3.08617
1587 1.93998 1.25683 1.05056 1.03935
1588 2.25281 -1.39019 0.939279 -1.50341
1589 2.26907 -0.092857 1.52286 1.67957
1590 2.44189 -0.48201 2.39382 0.0107357
1591 1.01301 0.386555 -0.0128082 0.936265
1592 1.61571 1.6147 0.0493992 -0.0288649
1593 1.17694 -1.07105 0.487309 -0.0239036
1594 3.51414 -0.442719 -1.60422 -3.0951
1595 1.29478 1.26309 -0.114006 -0.260852
1596 2.21433 -1.48354 -1.64288 0.0575378
1597 3.06808 0.184203 -1.24226 2.79928
1598 2.13761 1.04245 1.85388 0.214011
1599 0.567475 -0.451524 -0.2318 0.253817
1600 1.28225 -0.55761 -0.744822 -0.882311
1601 1.32794 -1.31095 0.00652055 -0.21164
1602 1.89342 1.07778 -1.07548 -1.12551
1603 1.60848 1.56251 0.172401 -0.340655
1604 1.15657 -0.200705 -0.393392 1.06893
1605 1.20249 -1.11134 0.155274 0.432207
1606 2.0186 0.876346 -1.55765 0.938335
1607 3.03608 -2.71698 -1.31455 -0.328261
1608 0.879116 -0.128773 0.679215 -0.543074
1609 3.09037 1.14678 0.305294 -2.85344
1610 2.63254 -0.541958 -0.913705 2.40867
1611 1.55201 -0.177551 -1.47313 -0.455089
1612 0.462738 0.068519 -0.451986 -0.0716963
1613 1.90521 -0.483731 -0.224469 -1.82905
1614 1.16725 -0.25484 0.615333 0.958587
1615 1.35097 -0.645698 0.823032 0.85487
1616 1.43197 -0.384739 -1.32171 0.394459
1617 2.34507 -1.65641 -0.557517 -1.56359
1618 1.48362 -0.744753 1.03134 -0.763428
1619 2.17325 -2.16842 -0.0613548 0.131246
1620 2.589 1.36608 -0.160652 -2.19338
1621 0.767357 -0.174298 0.626649 0.407146
1622 0.873016 0.86343 0.0997565 -0.08182
1623 1.28509 0.421026 -0.74756 0.956743
1624 2.48744 1.76477 -1.63086 0.64282
1625 2.1385 -1.37554 -1.32395 -0.963436
1626 0.738708 -0.719836 -0.0435089 0.160103
1627 2.08845 0.741493 -1.11517 1.60255
1628 1.97543 1.81487 0.723814 -0.290944
1629 2.38538 -1.22946 -1.9287 -0.677178
1630 1.75938 -1.70669 0.148007 0.40087
1631 1.76022 -0.0576172 1.67357 -0.542442
1632 1.86974 0.607125 1.70306 0.476341
1633 3.46258 -1.42341 2.52534 -1.89369
1634 2.04525 1.74233 -0.646193 -0.854262
1635 2.37013 0.380548 0.331735 -2.31574
1636 1.83923 -0.241486 -0.515181 1.74901
1637 0.845297 -0.245183 -0.224942 -0.777054
1638 1.86934 0.680829 1.57742 0.736644
1639 2.06404 -0.79975 0.615874 -1.80038
1640 2.2995 0.0758895 1.82266 1.39995
1641 1.12235 0.665518 -0.903291 -0.0287879
1642 1.41141 -1.26123 0.427137 0.467902
1643 2.90674 -1.51829 1.40072 2.04497
1644 1.58909 0.363627 -0.0189173 1.54682
1645 1.86244 1.79044 -0.511696 0.0344645
1646 1.86484 -1.23286 -1.19832 -0.722285
1647 1.32687 -0.119208 -1.27853 0.334262
1648 1.43845 0.222851 1.414 0.141687
1649 1.37072 -0.0921583 0.933002 -0.999942
1650 0.575037 0.0693258 -0.366533 -0.437624
1651 2.26382 0.445258 -0.807664 2.06744
1652 1.39786 -1.13416 -0.67745 -0.456893
1653 1.61194 -0.742426 0.361719 1.38431
1654 0.998222 -0.179762 0.821038 -0.538545
1655 2.68692 -0.787984 0.0964851 -2.56697
1656 3.48796 -1.99289 2.85292 -0.234863
1657 2.11538 -1.95117 -0.761571 -0.296277
1658 2.80802 1.1513 1.09441 2.31555
1659 0.981676 0.344348 0.134647 0.909386
1660 1.57049 0.580952 -1.22797 -0.788046
1661 2.8387 -2.06451 -1.94216 0.154971
1662 1.73819 1.13896 -1.29993 0.185131
1663 1.37428 -1.18186 0.695527 0.0898918
1664 2.25089 -2.18014 0.487033 -0.276157
1665 2.68243 -1.79595 0.602798 -1.89911
1666 2.94491 2.057 -1.93212 -0.841548
1667 1.7937 0.769415 1.5381 -0.509505
1668 2.82897 2.78029 -0.522352 0.0142872
1669 2.55028 -2.27646 0.694952 -0.915817
1670 1.11898 -0.348223 -1.02598 -0.279702
1671 1.51258 -1.02343 1.08165 -0.265533
1672 2.25918 1.62629 -1.55181 -0.225783
1673 2.66891 -0.261172 1.60902 -2.11327
1674 3.92296 -1.79971 2.93832 -1.87535
1675 1.28967 -0.876467 0.321173 -0.889896
1676 0.961944 0.313036 -0.154184 -0.896421
1677 1.27378 0.176899 0.444661 1.18046
1678 2.37871 -0.685217 1.88821 1.27413
1679 3.03358 -2.18654 1.65901 -1.29201
1680 0.383977 0.348969 0.152245 -0.0498103
1681 1.00916 -0.0674895 -1.00689 -0.0033399
1682 2.07472 -0.504729 -1.99292 -0.279267
1683 0.667195 -0.0435424 -0.542053 0.386563
1684 2.95379 -2.54194 -0.827989 -1.25614
1685 2.21594 -1.88308 -0.275551 -1.13511
1686 2.70732 1.92689 1.18836 1.48474
1687 3.28653 -1.02545 2.63298 -1.67843
1688 2.76349 -0.661692 -1.71302 2.06509
1689 2.14349 0.0270049 -0.654351 -2.04099
1690 2.253 0.966596 -1.51956 -1.35376
1691 1.42553 -0.7737 0.0279178 1.19697
1692 1.52715 -0.562874 0.455707 -1.34451
1693 2.2799 0.173544 2.22109 0.484365
1694 2.27479 -0.261487 2.25503 0.145401
1695 2.52631 -2.04014 1.23179 -0.838308
1696 1.31036 0.0983837 -0.977553 -0.867033
1697 2.3827 -1.3482 0.619609 1.86432
1698 2.34947 1.50142 1.4271 -1.10868
1699 1.85435 1.68762 -0.184401 0.746035
1700 1.891 -1.59606 1.00714 -0.118969
1701 1.17339 -0.0594675 -0.778389 -0.87602
1702 1.42922 -0.545653 0.636779 -1.15734
1703 1.55454 -0.0127404 -0.933408 -1.24306
1704 1.84681 1.44112 1.13726 -0.201301
1705 1.58245 -1.20875 1.0094 0.155484
1706 1.41265 0.336504 1.30294 0.429752
1707 2.07379 1.92006 0.0812768 0.779333
1708 2.37563 -2.03455 0.954066 -0.770704
1709 2.69057 1.58621 1.7467 -1.29313
1710 2.52106 0.579463 0.380277 2.42392
1711 2.48578 0.384507 -2.38539 0.584079
1712 1.3823 -0.358848 -0.734719 1.11453
1713 2.73566 1.07895 0.978232 -2.31576
1714 0.920133 -0.602226 0.603213 -0.346558
1715 0.987012 0.459965 0.0263441 0.872886
1716 2.52165 -2.33583 0.394411 0.864338
1717 2.44282 0.697449 -2.34108 -0.016288
1718 1.05283 0.213915 -0.388249 -0.954962
1719 1.48637 1.16185 0.786219 -0.491169
1720 1.01817 -1.00731 0.146245 -0.024436
1721 3.64214 -2.62894 1.16086 2.23746
1722 3.3827 1.23101 -2.42107 -2.01635
1723 2.63977 -1.84401 -1.88714 0.082037
1724 1.54013 0.935777 0.705549 -0.999265
1725 1.4678 1.41116 0.391414 -0.0993171
1726 1.69555 1.69418 0.00254778 0.068138
1727 1.95328 -1.62131 -0.949608 0.533763
1728 2.06591 -0.667036 0.509145 -1.88781
1729 1.44062 -0.0508994 1.21851 0.766816
1730 1.64422 1.57873 0.319717 -0.329922
1731 2.33342 1.00049 1.19906 1.73382
1732 1.58492 0.854109 0.75825 1.09888
1733 1.24651 -0.955782 -0.750604 0.277228
1734 1.02175 -0.695782 -0.687248 -0.295887
1735 1.94637 -0.515449 1.36743 1.28561
1736 1.12629 1.03434 0.39791 -0.200849
1737 2.01005 -1.12759 1.01796 1.31628
1738 2.26633 1.44491 -1.5681 0.767815
1739 1.04047 -0.141991 0.351441 0.968972
1740 1.87013 -0.545694 -1.64181 0.709969
1741 1.38774 -0.308039 0.591577 1.21696
1742 0.876634 0.577818 -0.582093 0.309487
1743 0.940711 0.308169 0.137185 0.878151
1744 3.93784 -2.55498 -2.83574 0.96812
1745 1.4843 1.46675 -0.217466 -0.0672127
1746 1.12477 -0.330909 0.941327 0.51915
1747 1.89446 -0.69801 -0.676124 -1.62622
1748 0.951576 -0.944745 0.00540064 -0.113688
1749 2.50219 -1.57688 -0.814079 -1.76399
1750 2.63891 -0.273415 -0.408555 -2.59272
1751 0.960387 -0.83747 -0.34021 0.324412
1752 1.76124 -1.44797 0.592204 0.809115
1753 3.32196 1.96302 -1.26352 -2.36337
1754 2.85586 1.86493 -1.34423 -1.69441
1755 0.939071 -0.171104 0.212381 0.898595
1756 3.58384 -1.7075 -1.74989 2.62035
1757 1.91325 0.57786 1.77598 -0.415338
1758 2.43398 0.185751 -2.42608 0.0626876
1759 3.36009 -0.55051 -3.29151 -0.391308
1760 1.59226 -1.53473 0.423369 0.0257646
1761 1.88519 1.31549 0.812063 -1.07887
1762 2.14511 -0.246726 1.02059 -1.87057
1763 2.14315 -0.814268 -1.65703 1.08825
1764 2.71049 -1.22194 -0.363564 2.39195
1765 0.948683 -0.817725 0.162194 -0.45279
1766 0.895003 -0.0843145 -0.800205 0.39191
1767 1.33532 -0.463472 -0.751445 -1.0018
1768 0.400644 0.354611 0.180784 0.045655
1769 1.69804 0.995433 0.541763 1.26449
1770 1.31707 -0.186232 -0.76774 1.05383
1771 2.31693 0.524323 -2.16087 0.651068
1772 3.60157 2.11339 1.51853 2.48977
1773 2.06443 -0.323738 -0.941837 1.80832
1774 1.35165 -0.321525 0.986069 -0.866749
1775 0.198597 0.104177 0.154122 -0.0695296
1776 1.78458 0.515954 -1.20115 -1.21481
1777 1.63081 0.126509 -1.62411 0.0761697
1778 2.20157 -0.618638 1.19971 1.73922
1779 2.47303 1.14947 1.37508 -1.70403
1780 1.18433 0.47144 0.762044 0.774381
1781 2.15544 -0.322743 0.625516 -2.03727
1782 0.763138 0.74843 0.130865 -0.0714522
1783 1.53414 -1.19546 0.885453 0.374736
1784 2.53273 -1.0483 0.465731 2.25807
1785 1.71607 -0.237627 -0.646644 1.57171
1786 1.72178 0.366419 -0.723357 -1.51889
1787 1.57756 -1.12094 -1.00182 0.478063
1788 3.1014 -1.5071 -2.65662 0.538246
1789 0.646877 -0.0852565 -0.147586 0.624019
1790 2.75533 1.81462 -1.08881 -1.7645
1791 1.00281 0.0141322 -0.601658 -0.802142
1792 1.5539 -0.939795 0.622283 -1.06966
1793 2.34224 -1.15069 1.67834 1.15983
1794 3.12268 -3.11249 -0.206505 0.144471
1795 2.71639 1.03006 2.51342 -0.0211265
1796 0.371236 -0.00480768 -0.230586 -0.2909
1797 1.12276 -0.942686 -0.188669 -0.579946
1798 1.74312 1.51435 0.138775 0.85204
1799 2.7782 1.62098 -0.252475 -2.24211
1800 3.08055 0.122031 -2.93242 -0.935871
1801 1.57773 1.06661 1.07561 0.441174
1802 1.26692 -0.0995491 0.092674 1.2596
1803 1.23611 -1.23107 -0.069725 0.08701
1804 0.99742 0.0847174 0.950428 0.290442
1805 1.32133 -0.962603 0.863069 -0.27278
1806 2.32522 1.34493 1.11287 1.53601
1807 2.10017 -0.801894 -0.964296 1.68459
1808 1.16384 0.42387 0.78238 0.750155
1809 0.398995 0.268573 -0.257088 -0.144815
1810 2.54756 0.73205 2.12215 1.20443
1811 2.85546 -1.23955 1.80017 1.83754
1812 3.05812 -0.688606 -0.035073 -2.97938
1813 0.906682 -0.641986 0.529264 -0.360286
1814 0.574635 -0.112131 0.131973 -0.547918
1815 1.91308 -0.319381 1.84557 -0.389507
1816 4.5808 -2.99274 -2.54136 -2.35982
1817 3.26018 -0.95963 2.34919 -2.04675
1818 3.34561 3.15906 0.467111 -0.99762
1819 2.28341 -0.34144 1.92428 -1.1809
1820 1.61707 -0.259569 -0.959802 -1.27527
1821 1.90489 0.204206 -1.23045 1.43976
1822 2.40359 -2.2242 -0.325585 0.850981
1823 1.44682 0.171394 1.36308 -0.453777
1824 1.94714 1.35786 1.39505 0.0376816
1825 3.54746 0.149539 0.646594 3.48482
1826 1.8349 1.29194 1.26649 0.306176
1827 2.60512 0.523611 -0.0228516 2.55185
1828 1.06589 -0.923281 0.356035 -0.396136
1829 1.34065 0.000836155 -0.33633 1.29777
1830 1.82231 -0.478717 -0.838943 -1.54525
1831 2.67937 2.33982 -0.691116 -1.10754
1832 1.53857 0.0998801 -1.51905 0.222917
1833 2.58502 1.45669 -1.64005 1.3677
1834 1.06009 -0.173176 -0.520119 -0.907343
1835 2.25144 -0.662516 -1.94042 -0.92996
1836 1.42691 0.106764 0.490131 1.33583
1837 0.69584 0.515465 -0.425563 0.193354
1838 3.64954 -0.821094 3.2181 -1.51288
1839 0.430572 0.059514 -0.159091 -0.395652
1840 1.92215 -1.3195 -0.383934 -1.34394
1841 2.37122 -0.137978 0.705246 2.25971
1842 3.51571 -0.873815 0.853434 -3.29672
1843 3.0756 0.0240348 2.70754 1.45875
1844 1.62827 -1.23557 -0.380557 0.989858
1845 2.01615 0.457258 1.08562 1.63622
1846 2.47078 1.50421 -1.21908 -1.5349
1847 1.85089 -0.98032 0.0766127 -1.56809
1848 1.03563 -0.623885 0.825746 0.0379988
1849 3.0644 -0.782562 -0.891037 -2.82563
1850 1.51551 -1.35751 -0.519101 -0.429492
1851 2.44284 -0.949935 -2.05137 0.925716
1852 1.37059 0.69181 1.15447 0.259028
1853 0.98823 0.346379 -0.574719 -0.725478
1854 2.56682 -0.675434 -0.629886 2.39491
1855 2.09685 -1.09002 1.18087 1.34691
1856 0.880237 0.164394 -0.735878 -0.454175
1857 2.39195 -0.0301091 1.17294 -2.0844
1858 0.677034 -0.399378 -0.546154 0.0242525
1859 0.826468 0.571026 -0.566476 -0.189957
1860 2.27281 0.186134 -0.456876 -2.21862
1861 0.644101 -0.355656 0.414861 -0.340977
1862 2.60918 1.04612 -2.07857 1.18024
1863 1.20738 0.986805 -0.54033 -0.438216
1864 2.15273 0.867227 1.96476 -0.147948
1865 1.25312 1.14771 0.019467 0.502693
1866 1.2045 -0.298927 1.15007 0.196982
1867 2.6273 -1.55218 -0.897855 1.92023
1868 1.65952 -0.658724 0.689703 1.35808
1869 2.47919 -0.961072 1.59654 -1.63516
1870 0.759455 -0.55277 -0.236008 0.464238
1871 2.87823 -1.64567 2.35511 -0.171555
1872 1.24863 0.57313 0.69797 0.862228
1873 3.68934 3.54582 -0.975955 -0.293041
1874 1.27549 -0.426961 0.375727 -1.14167
1875 0.815171 0.0642104 -0.233357 -0.778413
1876 2.03343 0.455736 1.91737 -0.500857
1877 1.0382 0.71223 -0.546205 -0.521773
1878 1.58295 -0.552723 1.31894 -0.678702
1879 3.59175 1.52188 -1.06608 -3.07377
1880 2.40423 1.29682 -1.96711 0.478589
1881 2.08534 1.0898 1.72018 -0.449399
1882 1.12897 -0.620974 0.702971 -0.628323
1883 1.51413 -1.32383 0.719047 0.151862
1884 2.98647 1.72295 1.76527 -1.68354
1885 1.17405 0.148364 -1.1633 0.0558465
1886 2.06022 -1.29471 1.05783 -1.20383
1887 2.14053 -1.61201 -1.25305 -0.642765
1888 2.92569 -1.1682 -2.22209 1.50244
1889 1.2722 -1.2028 0.211677 -0.356314
1890 3.36296 2.93527 -0.550508 1.54616
1891 0.470587 -0.161419 -0.289804 0.33378
1892 1.63708 -0.316854 0.289347 -1.57985
1893 1.80728 -0.0106211 1.79995 0.162192
1894 0.750803 0.599834 0.188315 0.410417
1895 1.91992 -0.537589 -1.7144 0.676697
1896 1.90006 -0.34443 -1.33975 -1.30257
1897 2.43243 -2.19852 0.268129 1.00566
1898 2.54601 0.425054 1.10367 -2.25464
1899 1.07082 -0.0991575 1.06532 -0.0437631
1900 2.36318 1.46016 -1.8511 0.161077
1901 0.975223 -0.686408 0.280136 -0.633584
1902 1.43781 -0.706453 1.23731 0.193097
1903 2.14309 1.17114 0.0563214 -1.7939
1904 1.35401 0.534134 -1.14322 0.491009
1905 2.269 0.0827925 -0.960213 2.05414
1906 1.26451 0.518003 -0.886501 -0.738082
1907 0.839618 0.270956 -0.350786 -0.713086
1908 2.81041 1.11681 -1.28031 2.23873
1909 1.11694 -0.899328 -0.466573 -0.470179
1910 0.983518 -0.771909 0.149375 0.590889
1911 1.621 0.246 0.645759 -1.46633
1912 0.729674 0.0819158 0.301739 -0.659292
1913 2.41045 -0.696465 0.761322 -2.17844
1914 2.83132 0.502546 -2.37418 -1.45845
1915 2.5457 0.0999815 -1.36221 -2.14825
1916 1.38467 -0.00938307 0.116687 1.37971
1917 1.98118 1.88477 0.00862698 0.61046
1918 2.05582 1.2093 1.42114 0.862752
1919 2.30056 1.27839 1.89468 0.261672
1920 1.88826 -1.82216 0.309094 -0.386911
1921 2.499 1.13119 -1.77657 -1.34507
1922 1.64136 0.0661063 1.58646 0.415743
1923 1.58199 -0.946486 -0.542695 1.14558
1924 3.78546 -3.16511 -0.00619591 2.07648
1925 2.61826 0.0363543 0.930197 2.44718
1926 3.56858 -3.24738 -0.79738 -1.24638
1927 1.31516 0.809713 0.0367517 1.03569
1928 1.16823 -0.654353 0.55196 0.794937
1929 1.78495 -1.14946 1.13189 -0.763946
1930 0.439216 0.22599 0.30489 0.221091
1931 1.5151 -1.20559 0.757309 -0.518249
1932 2.78453 -0.529 -1.70671 -2.13562
1933 1.94145 -0.947695 -0.487184 1.62289
1934 0.913885 0.840446 0.317441 -0.16753
1935 2.48374 1.78278 0.191139 -1.71876
1936 3.92255 3.49403 1.69462 0.553555
1937 2.21269 0.824204 0.898607 -1.8464
1938 0.963681 -0.22968 0.780647 -0.516255
1939 0.618267 -0.305017 0.359717 0.399778
1940 0.739421 -0.022182 0.686251 -0.274429
1941 4.60205 3.96973 -1.53106 1.75385
1942 1.72027 0.159198 1.16009 1.26023
1943 1.24639 -0.0138118 0.458709 -1.15883
1944 1.91711 -1.8775 0.0249229 0.386884
1945 1.60414 1.49273 -0.585429 0.0480307
1946 1.40839 1.00547 -0.512551 -0.842547
1947 0.68875 -0.084088 0.651571 0.206788
1948 0.921579 0.574201 0.711584 -0.115108
1949 0.593574 0.120618 -0.111938 0.570308
1950 0.424301 0.35718 -0.228598 0.0140288
1951 1.4991 -0.281587 0.400394 1.41693
1952 1.32415 -0.660554 -0.213601 -1.12757
1953 1.11803 -1.02442 -0.267546 -0.359129
1954 2.20257 -0.303563 0.951482 1.96312
1955 1.92328 1.86288 0.0457396 0.47604
1956 2.46418 -2.25932 0.210877 -0.960806
1957 2.11431 -1.37293 -1.45818 0.677577
1958 0.731794 -0.1103 0.689329 0.219501
1959 1.4487 -0.827361 0.420972 -1.11221
1960 1.14834 -1.1344 -0.000661129 0.178384
1961 1.26232 0.0731873 0.0882953 1.2571
1962 2.04525 -0.254298 0.0718424 2.02811
1963 2.02295 -1.26217 -1.20499 1.02336
1964 1.59229 -0.3787 -1.54031 -0.139369
1965 2.47899 -0.603762 -0.498747 -2.35205
1966 1.88377 -0.745925 -1.72948 0.0328785
1967 0.531979 -0.152262 -0.0709337 0.504764
1968 1.67011 0.451267 -0.291216 1.5814
1969 1.66057 -0.555251 1.38552 0.727679
1970 2.12165 -1.61898 -1.37116 0.0137255
1971 2.01439 1.87787 -0.404528 0.606399
1972 1.65175 -0.434459 -1.59018 0.104126
1973 3.57335 2.88971 -1.938 0.814006
1974 1.46433 -0.77401 0.0614687 -1.24153
1975 1.38092 0.361873 0.907303 0.976111
1976 1.00437 -0.812515 -0.578454 -0.118215
1977 1.55236 -0.385505 1.04014 -1.08596
1978 2.69553 2.42733 -1.1066 0.386532
1979 2.69256 -2.35553 1.16777 -0.581082
1980 1.12096 0.00810501 -0.259544 -1.09047
1981 2.78511 -1.5568 1.53666 1.72392
1982 1.61695 -0.877459 0.841815 -1.06581
1983 2.09371 -0.927234 1.8543 0.292345
1984 2.85285 2.83695 0.300812 -0.000350134
1985 2.51499 1.83661 -1.55782 -0.724733
1986 1.15816 -0.496557 0.872506 -0.5775
1987 1.41232 -0.290016 1.35426 -0.276608
1988 2.48555 -2.15909 -0.675954 1.02928
1989 2.29659 0.0751621 2.28696 -0.196155
1990 3.18762 -3.03294 -0.390748 -0.899753
1991 1.66685 -1.48508 0.717694 -0.240489
1992 1.52321 1.24282 0.29667 0.829188
1993 2.42933 -1.91823 -0.321099 1.45564
1994 1.43059 -0.351922 1.38428 -0.0806672
1995 1.69733 0.319354 -0.897357 -1.40488
1996 1.73315 1.54012 0.423508 0.672654
1997 2.28902 0.929287 -1.93353 0.798433
1998 0.561099 -0.0689512 0.0234737 -0.556352
1999 2.37304 0.773947 0.921992 2.04506
