n=2000
0 1.66079 1.39338 -0.165266 -0.88847
1 1.12722 0.363795 -0.361741 1.0037
2 2.42432 -2.40731 -0.27338 0.0863373
3 2.49538 -1.57791 1.82106 0.648716
4 3.13543 0.899604 2.61943 -1.46977
5 3.49934 -2.81981 1.90876 0.806674
6 2.4548 -0.414653 1.48292 -1.91182
7 1.821 1.52557 0.465163 -0.878807
8 1.14332 0.549294 -0.963692 -0.277044
9 2.11006 -1.08161 1.76334 -0.41604
10 0.938337 0.284712 -0.426407 -0.785871
11 3.4061 -0.356913 -0.606151 3.33268
12 3.95751 -3.05861 -2.47698 0.413965
13 1.81876 -1.14121 -1.34225 -0.451522
14 3.80504 -3.27129 1.8542 -0.582142
15 4.64435 2.70374 -3.76902 -0.233151
16 1.0734 -1.03991 -0.0728637 0.255863
17 1.16413 -0.405659 0.62374 -0.89532
18 2.40919 -1.8385 -0.780067 1.34744
19 3.27664 -2.64124 1.86029 -0.547314
20 1.79425 -0.270714 -1.29852 1.20826
21 2.52147 -2.24964 1.10207 -0.286991
22 1.55196 1.27014 -0.365189 -0.813597
23 2.30679 -0.126007 2.29752 -0.163674
24 2.1954 0.00839171 -0.764882 2.05783
25 1.69405 1.26905 0.804049 0.782823
26 2.59591 -0.981225 -1.81831 -1.57154
27 2.02557 -0.491495 -1.38787 -1.39111
28 3.60996 -1.68157 3.19344 0.0780012
29 2.95047 -2.34546 -1.13768 1.38193
30 3.41721 3.30924 -0.83753 -0.157423
31 2.58371 -1.59174 1.92326 0.665588
32 1.78239 -1.05236 0.941299 -1.08784
33 3.97178 1.21153 3.47434 1.49538
34 2.2499 0.142844 1.96244 -1.09109
35 0.760907 -0.0761826 0.744774 0.135964
36 2.8882 -0.495036 1.12012 2.61571
37 2.8655 2.62439 1.14496 0.112805
38 2.21599 0.734499 -0.377018 2.05645
39 2.71372 0.024452 2.059 1.76754
40 2.22168 -2.17596 0.29447 -0.338128
41 2.54029 1.41229 0.504436 2.05037
42 2.37463 -0.683165 1.6399 1.57571
43 1.89562 1.25386 1.14205 0.846713
44 3.27432 2.01976 -0.271512 2.56281
45 4.5328 -0.674856 -3.47568 2.83029
46 5.35634 2.88629 -3.02395 3.34894
47 2.25968 -1.57905 1.44094 0.732407
48 1.588 1.52616 0.0528168 -0.435634
49 0.936191 0.779685 0.207351 -0.474921
50 1.32478 1.06748 0.00150979 0.784565
51 1.57522 -0.0510989 -1.08638 -1.13951
52 1.8278 0.373666 -0.762279 -1.61869
53 0.675482 -0.281853 0.181512 -0.58642
54 0.476807 -0.285633 0.381776 -0.00240404
55 4.24323 0.48482 -1.98227 -3.72029
56 2.77568 1.85612 2.05963 -0.130925
57 2.86491 -1.09081 2.21686 1.45031
58 1.31842 0.0716319 -0.385003 -1.25892
59 2.03534 0.52503 -0.765029 -1.81154
60 2.33276 -1.03515 0.0252309 -2.09036
61 2.74848 -1.30183 -2.19642 -1.01742
62 3.67426 0.212302 3.09281 -1.9722
63 3.47 -0.223489 -1.93023 2.87492
64 1.58156 1.41529 -0.601225 -0.369904
65 3.96345 1.36778 -3.64188 -0.758159
66 3.77782 1.67852 -2.93463 1.68596
67 0.765036 -0.377456 0.530958 0.401112
68 4.25231 2.26744 -1.35274 3.33331
69 1.80979 -0.413902 1.73803 0.288545
70 3.2328 0.99863 1.22101 -2.82185
71 2.43667 2.07214 1.06354 0.715877
72 0.959658 -0.751237 -0.590652 0.0878481
73 2.44246 1.42179 1.27447 -1.5231
74 1.83527 1.53824 0.492469 0.871498
75 3.75866 1.43176 -0.352129 3.4574
76 4.07578 -0.860066 -3.07548 2.53252
77 3.96974 2.87092 -0.683054 2.65521
78 1.95324 0.3684 -0.735054 1.77176
79 2.91264 1.65756 -0.49822 2.34259
80 3.58371 -3.34564 -1.20737 0.438103
81 0.86548 0.719332 -0.0679253 0.476449
82 2.1258 1.31204 1.59815 0.493438
83 3.7397 -1.00528 -2.64312 2.44719
84 0.783705 -0.0352645 -0.781867 -0.0404062
85 1.74971 0.681216 -1.30272 -0.948875
86 3.51638 2.07954 2.45288 1.42259
87 3.57552 -1.75269 -0.999554 2.95183
88 1.4176 -1.09507 -0.251493 -0.864383
89 1.78118 0.997257 -1.03808 1.04904
90 4.20479 -0.348665 0.577468 4.15033
91 1.04907 0.237269 -0.952289 0.37067
92 4.59593 1.77153 -4.23501 0.221384
93 1.93411 -1.25382 0.986489 -1.0934
94 1.86585 1.13719 -1.20607 0.856497
95 1.30261 0.934893 -0.76835 0.482092
96 2.36549 0.231875 -2.15522 -0.946989
97 2.86314 2.45894 -1.2539 0.760856
98 1.43814 -1.08708 0.646779 0.684233
99 2.88705 -1.58515 -1.58879 -1.81606
100 1.44339 0.347565 -0.719964 1.20175
101 1.94537 1.05331 1.21121 -1.09908
102 1.00318 -0.936739 0.282415 0.221653
103 2.61367 -0.960958 -0.688337 -2.33109
104 1.16228 -0.892809 0.215602 -0.712257
105 3.21525 2.49275 -0.0310252 2.03053
106 1.5043 0.512222 0.674514 1.24322
107 4.17016 -3.7599 1.58716 -0.856924
108 1.31649 -0.584944 -0.899653 -0.76264
109 2.43842 -1.63872 1.25554 -1.29773
110 2.42818 -1.1682 0.972793 1.89342
111 2.19225 -1.1936 1.47723 1.09501
112 2.71712 -0.691129 -2.61115 0.294908
113 1.15809 -1.10188 0.186149 -0.303909
114 1.82866 -1.69327 -0.612526 -0.318829
115 1.87899 0.395571 0.489135 1.77056
116 0.847272 -0.217507 -0.279945 -0.76954
117 3.02884 -1.14368 2.69406 0.779685
118 2.68712 1.90304 -1.88947 0.170109
119 1.93189 -1.78322 -0.534544 0.516323
120 1.91761 1.56455 -0.795672 -0.772211
121 2.53479 1.25636 1.49399 1.61701
122 1.50391 0.716269 0.939849 0.93026
123 2.81091 -2.65767 -0.345291 -0.847806
124 3.002 2.97052 -0.306024 -0.307188
125 2.40216 -0.712178 -2.28796 0.168584
126 2.99209 -2.7135 0.671858 1.06682
127 1.49106 0.0700363 0.390813 -1.43723
128 1.11848 -0.772417 0.253338 0.768241
129 2.40245 -1.07208 1.76688 1.22497
130 2.22796 1.00654 0.621271 -1.88804
131 2.47502 -0.834089 -2.04393 1.11909
132 2.13758 1.28769 -1.59083 0.616744
133 2.39714 -0.845593 0.800156 -2.09547
134 1.68334 0.830612 0.519599 1.36884
135 3.23375 -1.1837 0.401065 -2.98248
136 2.27158 -1.04746 1.31007 -1.53186
137 1.94232 0.893088 0.537598 -1.6389
138 0.900126 -0.721699 -0.243085 0.479883
139 3.62895 -2.93906 -0.585554 -2.04655
140 2.1888 1.84977 0.63355 -0.983776
141 1.9137 -0.175497 0.766097 1.74486
142 0.72162 0.550966 -0.418747 -0.204505
143 3.94337 2.73686 -2.83771 -0.0847057
144 0.777805 -0.428932 0.447744 0.469599
145 0.593941 -0.178923 0.143764 0.5478
146 2.56544 0.838645 0.261524 2.41034
147 1.74404 -0.983124 1.3569 0.483694
148 1.30731 -0.641247 -1.12191 -0.197919
149 3.92715 -1.45749 0.101631 -3.64526
150 4.48723 1.51466 -4.16994 -0.672795
151 1.08274 0.0399028 0.620394 0.886478
152 2.97383 -0.222793 2.37745 -1.7725
153 2.53905 0.633097 -0.550429 2.39645
154 1.73139 -0.736633 -0.0129216 1.56681
155 2.34643 0.844198 -1.72118 -1.35299
156 2.01711 -1.25397 -0.480042 -1.50528
157 2.57603 0.290502 2.11881 1.43604
158 0.945429 -0.676103 0.412436 -0.516351
159 4.86873 -2.34745 3.10763 -2.92175
160 2.27364 -2.10458 0.606596 -0.610081
161 2.80458 0.934275 1.45487 2.2082
162 3.07856 0.0858773 -2.3617 -1.97294
163 3.90875 3.34874 1.96097 0.467855
164 1.76918 0.431313 -1.70728 -0.170776
165 1.59764 -0.861645 0.576855 -1.21543
166 5.1104 -2.12458 -4.64462 0.172638
167 0.801084 0.227417 -0.521807 -0.56368
168 2.27326 -0.3847 1.96817 1.07052
169 2.94373 -0.822675 1.89332 2.09859
170 2.14763 -1.02913 -0.472186 1.82489
171 2.15085 1.96586 0.37839 -0.786364
172 1.16938 -0.917864 0.68157 0.245841
173 1.98068 0.0343068 -1.54492 1.23901
174 2.45667 1.09727 -2.18623 0.227184
175 2.4803 1.8693 0.0985135 -1.62723
176 4.10336 3.91975 1.13986 -0.416964
177 1.76366 -1.02906 -1.04727 -0.977115
178 4.7745 4.4197 -1.75862 0.411538
179 2.19249 0.907551 -0.238808 -1.9815
180 2.44977 -1.67491 -1.37835 -1.13852
181 3.80187 -2.46142 0.0477858 -2.89712
182 2.23583 -0.816437 -0.703495 1.95894
183 1.79936 1.53552 -0.280495 -0.895091
184 2.94571 1.29087 -2.57104 -0.632943
185 1.19177 0.15919 -1.1809 0.0208559
186 0.809651 0.355043 0.697766 -0.206401
187 3.29179 2.6049 -1.00852 1.74162
188 1.69635 0.233319 1.65233 -0.304933
189 1.73249 -1.36824 -0.816109 -0.680739
190 1.43481 -1.12332 -0.356273 0.818468
191 2.81274 0.864053 2.64852 0.38765
192 1.66289 1.33703 0.942009 -0.300258
193 1.53559 0.530666 1.21243 -0.778741
194 1.51723 -0.593655 -1.37146 -0.262026
195 1.21922 0.788879 0.232485 0.900069
196 2.10677 0.160771 -1.18514 -1.73438
197 4.22141 3.89776 -0.384797 -1.57469
198 2.22779 1.39717 1.60845 0.651043
199 1.8254 -1.6311 -0.0889017 -0.814667
200 1.41739 -0.202805 -1.07531 -0.900867
201 2.03268 -1.03224 0.759242 1.57792
202 0.568711 0.298885 0.268141 0.40274
203 2.65867 -0.334342 -2.13689 -1.5461
204 1.69725 0.477762 -1.27919 -1.00801
205 5.19755 -1.95124 4.79537 0.460046
206 1.13503 0.0343253 1.0846 0.332788
207 3.5912 3.4025 0.419153 1.0696
208 5.24727 -3.58487 3.81902 0.31238
209 1.06461 0.85761 0.032388 -0.629964
210 1.81595 1.17239 0.325391 1.34807
211 4.19462 1.05072 3.52499 -2.01626
212 3.85188 0.388071 1.8187 3.37324
213 2.34789 1.56883 0.652266 -1.62046
214 3.3677 0.863289 -1.90627 2.63862
215 1.68751 0.571808 -0.788964 -1.37778
216 4.51811 -0.0473278 2.79205 -3.55184
217 2.7047 2.42298 -0.274408 -1.17017
218 2.25248 1.74716 0.554541 1.30903
219 2.54726 -0.357005 -2.01994 -1.51028
220 3.67237 0.89135 0.34109 -3.54619
221 1.5341 0.984276 -0.988518 0.638364
222 2.70923 -1.75692 2.06224 -0.018845
223 3.41742 -1.91268 2.68381 0.904212
224 1.51249 0.46097 0.996429 1.04033
225 2.1906 1.72692 -0.854995 -1.04185
226 1.26518 1.16143 0.366071 -0.343151
227 1.9304 -1.8166 0.0509691 -0.651013
228 4.16461 -3.1916 -1.64848 -2.10717
229 0.829331 -0.46568 -0.675167 -0.122804
230 1.20346 1.02963 0.0513048 0.62092
231 2.42294 -0.717482 0.160612 2.30869
232 3.37143 -0.28691 -1.27036 3.10973
233 0.937249 0.320562 0.429738 -0.768766
234 3.95316 -1.2351 1.50361 -3.4411
235 2.76553 -0.637032 -0.565326 2.63111
236 1.32759 0.206491 1.30433 -0.136352
237 3.15356 -2.46904 -1.70743 -0.966166
238 2.02883 -0.297344 -0.656394 1.89655
239 2.85192 -2.79865 -0.39807 0.377581
240 3.14825 1.88834 0.00752689 2.51905
241 3.37367 -1.56423 0.662626 -2.91475
242 1.7384 -0.375678 0.739668 -1.52768
243 1.88877 -0.846536 1.40548 0.935656
244 1.397 -0.750843 0.632209 -0.994057
245 3.17339 2.42272 0.250737 -2.0342
246 4.01286 0.549384 -3.09332 2.49653
247 2.71934 2.63135 -0.160344 -0.667161
248 1.99764 0.85752 -1.80373 -0.0423812
249 4.30953 3.19232 0.712238 2.80605
250 2.44152 1.6656 -0.51102 1.71046
251 2.02884 -0.718716 -0.365788 -1.86168
252 1.97795 -1.60142 -0.938197 0.683745
253 2.35984 2.23477 0.75731 0.0338032
254 1.95338 -0.274626 -0.962755 1.67732
255 2.6583 0.274011 0.939231 -2.47171
256 0.669239 0.261279 -0.600748 0.136807
257 1.85596 1.69296 -0.512953 0.561567
258 1.09888 -0.284947 -0.956097 -0.460666
259 2.00373 -1.2681 -0.449735 1.48479
260 1.0242 -0.185056 0.840961 0.554552
261 3.86979 -3.38081 1.42219 1.23401
262 1.52638 -0.666698 1.36421 -0.155815
263 0.921107 0.632874 -0.501927 -0.442695
264 2.27272 0.0406673 -1.89778 -1.24982
265 1.80527 1.23779 0.560924 1.18837
266 1.78839 0.658124 1.20989 -1.14077
267 1.6411 0.265932 -1.33311 0.919395
268 1.97443 1.86178 -0.583738 -0.30227
269 3.36144 -1.12812 1.6244 2.71808
270 1.80439 0.05227 -1.66961 0.682257
271 3.22469 -0.635984 -3.05451 0.814914
272 3.37471 -0.314604 2.64067 2.07763
273 2.6117 1.03036 0.528377 -2.34097
274 0.505946 -0.307569 -0.323139 -0.23867
275 2.79525 -2.01772 -0.740317 1.78722
276 3.18577 1.8071 -0.805071 2.49708
277 3.27416 -1.00127 3.09077 -0.405781
278 4.45092 3.1862 0.122843 -3.10543
279 2.00901 1.03955 1.68985 -0.316053
280 1.08584 -0.297319 0.30906 -0.997566
281 2.90726 -0.100278 -0.26115 -2.89377
282 0.983142 0.599093 -0.66665 -0.404022
283 1.70933 -1.70676 0.0368635 0.0860729
284 1.30363 -0.0605359 -0.259634 1.27608
285 1.87403 1.83755 -0.0390149 -0.365907
286 2.44859 -1.07423 -1.80142 1.26355
287 2.22776 2.03222 -0.908479 0.0873738
288 2.31714 0.998422 -1.3552 1.5924
289 2.24801 -1.33065 -1.09741 -1.44173
290 2.88037 -0.576135 -0.763366 -2.71696
291 5.27376 -3.70398 3.43311 -1.51883
292 3.34287 1.36358 -1.57479 2.61447
293 1.42509 0.684323 0.367479 1.1948
294 3.46777 -2.53948 2.35069 0.225197
295 3.71788 -3.65668 -0.545373 0.392276
296 2.53588 0.523559 -2.4801 0.0751854
297 3.97317 1.80926 -3.44934 -0.784015
298 2.03818 -1.62815 -0.53798 1.10177
299 2.38611 -2.10244 0.939591 -0.624873
300 2.50592 1.37514 0.42479 2.05138
301 3.68941 3.05309 -1.1685 1.71025
302 3.93494 -3.05229 -2.19962 1.1528
303 2.81448 1.95849 1.94353 -0.555223
304 0.535564 0.0697077 0.478897 -0.229407
305 3.70477 -2.61467 0.0841067 -2.62332
306 2.51406 1.67537 -1.55179 -1.05149
307 1.46969 -0.982005 -1.08702 0.118402
308 2.03392 1.1091 -0.56805 -1.6075
309 2.67452 -1.1404 -0.751969 -2.29936
310 1.26595 -0.354799 -1.21111 0.0998649
311 2.35915 0.188186 -1.88331 -1.40831
312 3.47081 -0.357011 -2.36479 2.51532
313 3.68915 -1.02046 -1.4363 -3.24122
314 1.62691 -0.000506717 1.12214 -1.17798
315 1.01823 0.874524 -0.191317 -0.485171
316 1.47787 0.0202276 -1.36351 -0.569681
317 0.770285 -0.126495 0.300578 -0.697847
318 2.21892 1.15448 -1.51808 -1.13411
319 1.90676 0.270338 0.760203 -1.72764
320 2.6458 1.82991 -0.796468 1.73705
321 2.22549 0.244319 -2.00126 -0.942377
322 3.75107 1.97012 2.95581 -1.20513
323 2.9137 -0.964193 -2.5352 -1.06429
324 2.10355 -2.00253 0.519723 -0.380359
325 3.05462 0.0139885 1.7657 -2.49255
326 2.62405 1.25695 -1.26473 -1.92515
327 4.619 -2.87502 -0.269831 3.60508
328 1.84054 -1.286 -1.28842 -0.271625
329 2.11053 -1.81768 0.877473 0.61678
330 2.04343 -1.88696 -0.784212 0.00414528
331 2.59886 1.21596 -0.00979106 -2.29683
332 1.0355 0.952244 -0.35901 0.191322
333 1.39407 -0.900689 0.433305 -0.971826
334 2.46629 0.200695 -2.20249 1.0915
335 1.77597 -1.09611 1.12118 0.834011
336 1.2769 1.0353 0.132525 0.735578
337 0.926094 -0.778741 0.426067 0.263966
338 4.69776 -0.817681 0.706707 -4.57175
339 1.83108 -1.08718 1.34395 -0.603896
340 3.09603 2.73194 -1.17996 -0.854164
341 1.69295 -0.447976 0.808387 1.41842
342 1.76684 -1.40098 -0.580198 -0.906848
343 2.20448 1.20802 1.12255 -1.46298
344 1.72494 0.105067 -1.24692 1.18726
345 2.14147 0.139146 -0.0387745 -2.1366
346 2.00376 -0.339023 1.94651 0.333485
347 1.45452 0.951685 0.605945 0.91801
348 3.15904 -1.60208 2.50119 1.07561
349 2.83864 -0.805637 2.69132 -0.406963
350 1.40255 0.366994 -1.25414 0.509524
351 1.86771 0.260546 -1.84824 0.0670786
352 1.29686 -0.0399458 0.445899 1.21714
353 2.03316 1.25957 -0.89083 -1.32425
354 1.69841 0.654659 1.47677 0.524538
355 2.48318 -0.770697 -1.12342 2.07609
356 1.01688 -0.206515 -0.109642 -0.989631
357 2.13393 -0.41427 0.459668 -2.04224
358 3.00809 2.11083 2.11523 -0.344676
359 0.854268 0.748569 -0.18083 -0.369756
360 2.26493 -0.324784 1.26645 -1.84947
361 1.3129 -0.185472 -0.165821 1.28911
362 2.73233 1.06819 0.242852 -2.50312
363 2.469 -1.18087 -0.468034 2.11718
364 2.81386 -1.23594 -1.74075 1.83305
365 1.44678 -0.983073 -0.363436 -0.997323
366 1.25319 -0.233368 0.497744 -1.12618
367 2.62213 -2.5117 -0.309994 0.686162
368 1.03658 -0.963103 0.09912 0.370275
369 4.99659 -1.63909 -0.530535 4.69018
370 0.530786 0.206136 -0.296527 -0.388991
371 1.3044 1.27528 -0.0135384 0.273717
372 2.04302 0.703029 0.242722 1.90283
373 2.25188 0.197947 -1.66911 1.49862
374 1.22006 -0.45921 0.948999 -0.614056
375 2.70415 -2.07143 0.913829 1.47868
376 3.08232 -0.400083 -1.19966 -2.81095
377 2.90742 0.651821 2.70853 -0.831924
378 3.29774 3.21915 0.226031 -0.67902
379 2.62953 0.883245 -1.88814 -1.60289
380 3.52068 3.47405 0.278795 0.498447
381 2.027 0.605633 1.78698 0.740695
382 1.96211 -0.812376 1.43655 1.06126
383 4.02036 1.14157 3.7704 0.802627
384 2.45168 0.427451 2.38535 -0.371647
385 2.38729 1.56957 1.41144 1.1151
386 3.71593 -1.50247 -3.0678 1.46262
387 1.20255 -0.999888 0.5493 -0.380294
388 1.85167 -0.302197 0.440302 1.77299
389 2.47282 -2.42338 -0.271595 0.410283
390 0.871799 0.0311204 0.187249 0.850883
391 3.04396 -0.200776 -0.274491 3.0249
392 2.15561 -0.474308 -0.024819 2.10263
393 2.68855 0.461826 -0.217069 -2.63968
394 3.36721 0.850905 0.364412 3.23748
395 1.67711 -1.54617 -0.237245 -0.604787
396 2.6216 -0.639172 -1.44981 2.08861
397 1.08222 -0.289094 1.01689 0.231429
398 3.43499 0.774591 -3.29614 -0.578516
399 3.23403 0.463076 3.18909 -0.272386
400 0.458074 0.243665 0.0108749 0.387737
401 0.521999 -0.260374 -0.44206 -0.0962856
402 1.68832 0.68346 1.03475 1.14569
403 5.0611 2.91775 4.12957 0.219433
404 1.98476 1.07183 1.56295 0.589611
405 0.342821 0.136403 -0.0849375 -0.30283
406 1.89578 -0.826493 0.238023 1.68945
407 4.00618 -1.75577 1.87765 3.07266
408 1.54483 0.532629 0.841244 -1.18115
409 1.87631 -0.111027 0.92885 -1.62649
410 2.62044 0.694715 -0.715059 2.42338
411 2.33103 1.7933 0.382919 -1.43915
412 1.17764 0.382745 0.644585 0.908211
413 1.70249 1.53511 -0.456581 -0.57745
414 2.11118 -0.881374 1.81919 -0.608942
415 3.04613 1.06866 -2.411 1.52445
416 2.04352 -0.539748 0.561756 1.8892
417 2.42463 -2.147 -0.780112 0.812789
418 1.09753 0.891931 -0.558129 0.312273
419 1.70775 -0.449398 -1.17892 -1.15091
420 0.543935 0.0756018 -0.0789544 0.532837
421 2.54432 -0.286957 2.04902 -1.4808
422 0.677639 -0.0571937 -0.128951 -0.662794
423 1.70337 -1.0688 1.32622 0.0169611
424 0.935443 0.644179 0.120756 0.667461
425 1.80942 1.29627 -0.424724 -1.18882
426 2.30224 -0.66495 1.34429 -1.74672
427 2.64086 1.26174 -2.28092 0.423702
428 1.5952 -0.417878 1.44643 0.527137
429 2.91608 -1.94865 2.11509 -0.482415
430 1.52239 1.12459 0.984052 -0.290857
431 1.01076 -0.113461 0.695007 -0.725072
432 2.4952 -0.197633 -2.31145 0.918775
433 4.0676 -3.9228 0.744447 -0.776393
434 1.79947 -0.130354 -1.11128 -1.40931
435 0.706584 0.302671 0.61747 -0.162425
436 2.3426 -0.538968 0.918463 2.08655
437 2.5216 2.02567 1.33929 0.679286
438 1.31028 -0.120374 -1.09364 -0.711555
439 4.36812 -1.64961 -3.68968 -1.65695
440 2.90321 -2.38491 -0.797014 1.45106
441 1.48809 1.41966 0.44279 0.0540132
442 3.47599 -0.917638 0.538539 -3.30915
443 2.28438 1.3597 0.077254 -1.83403
444 2.21813 -1.36544 1.65543 0.561453
445 3.85869 2.59678 0.132287 -2.85109
446 3.04237 -2.05321 1.54162 1.6321
447 3.01102 2.29718 1.47734 1.26754
448 3.92475 1.30961 3.50266 -1.19163
449 0.684679 0.211351 -0.613346 -0.218913
450 2.43254 2.41475 -0.0816721 -0.282047
451 0.79757 0.269353 -0.687962 -0.300458
452 4.65876 2.31354 0.674226 -3.98711
453 2.91181 -0.784986 -0.175134 -2.79852
454 0.806564 0.737134 0.186613 -0.268989
455 1.94971 0.17212 1.66021 -1.0077
456 1.34885 -1.25602 0.280667 -0.403756
457 1.91115 1.07577 0.586298 1.46679
458 2.39876 -2.02364 1.28761 0.031109
459 2.05939 -0.408187 0.0666247 -2.01743
460 1.48001 0.149832 1.46669 0.1296
461 1.5972 0.0979099 -1.5878 0.142676
462 2.04963 -1.86554 0.666767 0.525529
463 3.28514 -2.3652 2.26191 -0.285836
464 2.11456 1.08457 -1.15695 1.39877
465 4.33233 -0.800442 -3.54749 -2.35451
466 2.58289 0.994334 2.29507 0.644421
467 3.13138 -2.36409 1.34714 -1.5498
468 4.21875 2.11044 -0.955759 -3.52567
469 2.66471 2.38763 -0.144698 -1.1743
470 1.35206 1.14176 0.0441297 0.722837
471 1.38291 -1.27368 -0.50017 -0.200037
472 1.79508 -1.13169 0.760806 -1.16738
473 1.57374 -0.728047 1.24278 0.63413
474 2.66003 0.0808414 -0.85792 2.51658
475 3.72323 3.64833 -0.654853 0.351071
476 1.83461 -0.596211 1.73189 0.104435
477 3.66565 -2.59618 0.283787 2.57223
478 1.34094 0.165895 1.05714 0.808115
479 0.561431 0.00627333 -0.380889 -0.412419
480 3.61343 -1.42011 -0.320306 -3.30719
481 2.93377 2.00595 -0.40814 -2.10156
482 3.4171 -0.404465 -2.46287 -2.33392
483 0.583828 0.241527 -0.515036 -0.131368
484 1.67775 0.492563 0.56591 1.50066
485 2.4738 0.827554 -2.25541 -0.589882
486 0.806943 0.616077 0.476126 -0.21192
487 3.44929 -3.33209 -0.202425 0.868213
488 2.08458 1.18878 1.56557 0.693722
489 3.57396 -2.18604 -2.69683 0.849411
490 1.69643 -1.13195 0.758068 1.01089
491 1.24282 -0.946989 -0.484778 0.642504
492 1.65503 -0.562596 -1.35151 -0.772047
493 2.45444 -0.980241 -1.34879 1.80116
494 1.67006 -1.2056 1.06212 -0.455546
495 1.90242 -1.18806 -0.312718 1.45256
496 2.1865 -0.350008 -0.217056 2.14736
497 1.68534 0.623451 -1.32129 -0.840173
498 1.33096 -0.235216 -1.0197 0.822404
499 1.60711 -1.53944 0.34928 -0.301546
500 2.83251 -2.0902 -0.534918 -1.83522
501 4.59687 -1.64253 3.32242 2.71935
502 0.826692 0.518385 -0.518448 -0.38198
503 2.71116 -0.222485 -2.27901 -1.45155
504 4.76108 -2.19398 -3.26225 2.68554
505 2.73369 0.468075 2.66183 0.41065
506 0.839517 0.332033 0.717949 -0.281233
507 2.19568 1.69473 1.29325 -0.525743
508 2.30701 -2.14995 -0.738317 -0.393579
509 2.77432 -0.5713 -2.67764 0.447964
510 2.83481 -0.108135 -1.59841 2.33871
511 1.05998 0.678363 0.677308 -0.452358
512 1.30555 -0.221781 0.711921 1.07165
513 1.38703 -0.754185 -1.1446 -0.21203
514 3.32706 -3.04366 -0.234541 -1.32306
515 3.04811 -1.77406 -1.6478 1.85162
516 2.77313 -1.96953 0.240386 1.93738
517 4.70436 4.28623 1.0608 -1.62292
518 0.688011 0.572151 -0.333056 0.187287
519 4.57542 3.67756 1.90867 -1.94087
520 2.4794 0.791331 1.39881 1.888
521 3.22285 1.79652 1.39339 2.28424
522 1.68785 0.984803 1.37067 0.0168718
523 3.37832 0.44325 -0.428716 -3.32156
524 0.541435 0.531628 -0.0614815 0.0821203
525 4.00955 -2.33059 -0.481408 3.22693
526 1.3215 -0.305594 0.798708 1.00749
527 2.15665 0.733593 0.472693 -1.97219
528 4.07735 -3.91487 -0.237134 -1.11461
529 2.62208 -0.109791 2.40304 1.04336
530 1.57748 1.32945 -0.603105 -0.597721
531 2.02659 1.64495 0.661122 -0.981894
532 2.48753 0.0344436 -2.23925 -1.08277
533 1.32093 -0.558252 -1.19504 -0.0712583
534 0.828294 0.780257 0.164612 0.223995
535 1.36375 -0.722277 -1.13022 0.246443
536 0.643819 -0.406777 0.463621 -0.184637
537 1.45936 1.06762 0.898481 0.42737
538 2.83238 0.488825 0.537084 -2.7377
539 2.11888 1.63138 -0.630244 1.19626
540 2.55064 -2.52851 -0.223161 -0.250225
541 2.22325 1.0615 1.74357 0.880933
542 1.16508 -0.867488 -0.20538 0.750137
543 1.64919 -0.00626771 0.872829 1.39927
544 1.66338 -0.262084 -0.104042 1.63931
545 1.78744 1.60193 -0.196081 0.768315
546 2.75535 -1.12179 -1.26844 2.17361
547 0.697899 0.43412 0.367478 0.404429
548 1.08867 -0.837372 0.515821 -0.466829
549 3.04577 -0.623513 -0.714501 -2.89438
550 2.67384 -1.11108 0.556338 2.36758
551 4.16651 3.49162 1.85097 1.31995
552 1.35301 0.361203 0.360615 -1.25305
553 1.73342 1.53668 -0.479811 0.642759
554 5.18718 -4.85755 -0.198868 -1.80873
555 3.26243 2.22424 -0.319782 -2.36515
556 2.22599 -1.45027 -1.67884 0.182293
557 2.92742 1.02343 2.73769 -0.165679
558 2.40173 0.186318 2.35309 -0.443355
559 3.11366 -2.57523 1.27289 -1.20118
560 1.66571 0.43418 0.194897 1.59628
561 1.53738 0.568645 -1.42765 -0.0445942
562 1.32205 -0.395204 0.339762 -1.21499
563 1.87974 1.77364 -0.0394685 -0.621352
564 1.81078 -1.60111 0.519289 -0.667615
565 1.38177 1.00386 -0.854502 0.41397
566 2.81868 -1.24021 -2.43516 -0.690516
567 2.65514 -2.40212 0.912797 -0.668119
568 2.29828 -0.0398334 1.78525 -1.44686
569 1.89686 0.165104 1.7703 0.660977
570 3.30276 -0.428689 -0.891597 3.15111
571 2.89188 -2.04159 1.61497 -1.25966
572 0.913765 0.380085 0.0178865 -0.830772
573 1.96609 -1.6799 -0.115719 -1.01491
574 1.03919 -0.312033 -0.151759 -0.979555
575 0.375141 -0.348244 -0.0385316 -0.13406
576 2.2625 1.30665 -1.17729 1.42323
577 2.25917 -0.461317 1.0253 1.95954
578 1.90614 0.558643 1.61529 -0.843893
579 2.23858 0.937436 0.74613 -1.89096
580 2.86176 0.206606 2.21829 1.79616
581 3.65776 -3.4892 0.541253 -0.954861
582 3.10662 1.28392 -2.1045 1.89044
583 1.75453 -0.526059 1.27208 -1.08787
584 3.85383 -3.71771 -0.945954 0.36853
585 1.51681 0.683919 1.16159 0.695474
586 3.27923 1.76296 2.5054 -1.16974
587 3.47125 -0.856158 -0.722487 -3.28551
588 3.3708 0.510208 3.08091 1.26883
589 1.46016 1.33785 0.35153 -0.467601
590 1.94098 -0.18772 0.832692 -1.74322
591 3.04934 0.920874 -1.52559 -2.47447
592 3.07602 0.519592 2.0631 2.22161
593 3.2758 0.368847 1.20365 3.02424
594 0.418579 0.127799 -0.344895 0.199808
595 1.45075 -1.08522 0.283632 0.920074
596 2.72421 -1.85975 1.14205 1.63045
597 2.99631 1.02191 -2.42288 1.43638
598 3.48405 0.760535 0.327504 -3.38421
599 1.47362 -0.712739 0.776856 1.0296
600 2.27196 -1.15742 -0.096874 1.95264
601 3.15541 -3.1528 0.12725 -0.0175533
602 0.775926 -0.281613 -0.34744 0.634067
603 2.98052 0.657208 1.72422 2.34065
604 2.3159 -1.01892 -0.244629 2.06528
605 1.4049 -0.904868 0.233113 -1.0491
606 0.675695 0.67469 0.0310796 0.0197794
607 2.0864 1.45017 -1.02386 -1.09626
608 5.82933 0.313289 5.81195 0.322782
609 2.71257 -1.69243 -1.9779 -0.762638
610 2.19099 -0.442809 -1.3785 1.64441
611 0.826572 -0.433417 0.652834 -0.263016
612 4.72599 -4.07423 0.186951 -2.38761
613 2.75259 -1.36162 2.37774 -0.262804
614 3.15043 1.60927 -2.51296 -1.0102
615 3.15408 2.06831 2.26904 0.722345
616 2.27711 -0.00148431 -1.52852 -1.68786
617 1.0974 0.171015 1.08001 -0.0928808
618 2.66192 -0.0570371 2.32709 -1.29122
619 1.71661 -1.16137 0.835582 0.948561
620 2.66951 -0.833864 2.47043 0.572666
621 1.74577 0.266835 -1.04097 -1.37582
622 3.36452 1.85039 2.44782 -1.37993
623 3.38098 2.83424 0.514054 -1.77027
624 2.68734 -1.93858 -0.198704 1.85046
625 3.5877 -0.779591 -3.24091 1.32677
626 0.457761 -0.327138 0.291609 0.132249
627 2.9646 1.02553 -2.25634 -1.62667
628 1.43262 1.12175 0.827645 -0.330283
629 3.1911 -0.547729 2.72628 1.56542
630 2.93698 -2.05424 0.949583 1.87196
631 1.637 0.505928 -0.692861 1.39419
632 2.09429 -1.99327 0.145736 0.625869
633 1.19113 0.202892 -0.98184 -0.643137
634 1.44789 0.488368 1.3186 0.34522
635 2.60447 -1.88688 0.196066 -1.78452
636 5.29172 -0.249856 1.16214 -5.15649
637 3.06315 2.08797 2.01223 0.98701
638 2.2405 -0.388278 -1.77872 1.30584
639 3.27645 -1.54716 -1.83283 2.23208
640 2.22843 -1.4489 1.47658 0.828448
641 0.578397 0.365314 0.018015 0.448068
642 2.09603 1.11714 1.58398 -0.797703
643 5.12489 0.684334 -4.44052 2.46534
644 0.723903 -0.622939 0.0190578 0.368265
645 1.55838 -1.10431 -1.08882 -0.153431
646 2.0746 -1.28523 0.561536 1.52866
647 1.20663 -1.02468 -0.0217046 -0.636817
648 2.98326 -1.37869 2.2629 1.37055
649 2.08245 -1.03732 -0.178977 -1.79681
650 2.32674 1.59009 -0.698333 1.54845
651 1.93276 0.399056 1.71076 -0.805982
652 2.25522 -0.689463 1.93855 -0.923424
653 1.7779 0.795258 -1.24084 0.994375
654 2.79804 -1.10345 1.53964 2.05935
655 2.02301 -1.35127 0.0602382 -1.50433
656 1.58815 -1.12887 -1.0523 -0.374871
657 1.9031 1.82129 -0.492395 0.249516
658 1.86528 -1.25694 0.558789 1.25982
659 2.75585 -2.03368 -1.11363 1.48952
660 3.58089 0.740804 3.02239 1.77176
661 2.96067 -2.01423 -1.06732 1.88926
662 1.59166 0.984157 -0.841099 0.925947
663 3.6498 -1.44156 1.85301 -2.79451
664 0.551775 0.252844 -0.333075 -0.359981
665 1.80498 0.360637 -1.60586 0.741026
666 3.62195 3.29284 1.50057 0.15488
667 1.31315 0.0864117 1.22882 -0.454883
668 3.47692 -1.89297 -2.28477 -1.81258
669 2.60219 -1.0974 2.30716 0.494111
670 1.88939 -0.848229 -1.5676 0.626853
671 2.07422 0.647064 1.68758 1.01773
672 4.40054 3.9407 -1.67532 -1.01438
673 2.33214 1.41425 -0.749558 1.69615
674 1.7753 0.229747 0.102166 -1.7574
675 3.89489 -2.76642 0.551827 -2.68562
676 1.53661 -0.526967 1.44076 -0.0876774
677 1.98209 -0.419305 -1.67359 0.975696
678 1.92789 -1.38015 -0.248782 -1.3229
679 1.51033 1.31965 0.702832 0.21369
680 2.18075 -1.62048 1.3616 -0.525104
681 0.769855 0.0371486 -0.409 0.651165
682 1.68173 -0.375121 1.28386 -1.01942
683 2.20731 -0.72545 -0.49274 2.02562
684 1.84169 1.71887 -0.0213921 -0.660951
685 2.95418 1.97887 1.43362 -1.66012
686 4.61925 -1.05439 -2.96285 -3.38338
687 1.54944 -0.117192 1.27151 0.877661
688 1.34015 1.12864 -0.716679 -0.0924385
689 2.24293 -1.23346 1.85235 0.279488
690 1.60669 1.40912 0.0223606 0.771576
691 2.20504 0.947528 1.97568 -0.247202
692 3.01336 2.4078 -1.81181 0.0150587
693 1.60506 -0.147308 0.95745 1.27976
694 3.5509 -1.51549 -2.75577 -1.64861
695 2.19205 -1.17832 -1.33889 -1.27437
696 2.0828 0.710057 0.545099 1.88062
697 2.71691 2.01435 -0.17118 1.81513
698 3.5358 -2.68835 -0.951828 -2.09014
699 1.66876 -0.687015 1.51494 -0.13312
700 1.31317 1.30911 0.027527 -0.0994104
701 2.77743 -2.76001 0.166974 -0.26183
702 3.08777 1.42918 1.71402 -2.13399
703 1.00996 -0.0733515 -0.98186 0.224935
704 3.10381 1.68619 -2.58881 0.297441
705 1.10627 0.118042 -0.848685 0.699744
706 4.17165 -0.721061 4.10402 0.199386
707 2.81062 0.475501 2.6654 0.754402
708 3.38724 2.61467 -0.672063 2.04579
709 2.31213 -0.499159 -1.59073 -1.60199
710 2.39084 -0.535923 -0.971685 -2.11772
711 1.30769 0.668795 -0.938987 0.617319
712 2.92287 1.27679 -0.0183765 2.62919
713 2.3875 -2.30495 -0.0725382 0.618141
714 3.57102 1.30646 -3.2843 -0.508611
715 2.98213 1.91804 -1.70844 1.51507
716 2.50988 -2.28358 0.131153 1.03323
717 1.45143 -1.28977 0.391657 -0.538262
718 2.06896 -0.912047 -1.42007 1.19673
719 2.61915 0.800317 1.93875 -1.56866
720 0.496198 0.170929 -0.296745 0.35908
721 3.24596 -0.5137 1.44065 -2.86303
722 1.31888 -0.403749 0.800458 -0.967315
723 1.36327 0.550055 0.186726 1.23332
724 1.58544 -0.280529 -1.30934 -0.848859
725 1.39623 -0.470219 0.86317 0.991606
726 1.66065 0.912285 1.31993 -0.428144
727 2.07384 -0.751985 -0.927755 1.69547
728 2.87196 2.69273 0.833271 0.550451
729 2.63039 -0.352974 2.55642 0.509018
730 1.787 0.819222 0.813193 -1.36417
731 1.53455 -0.129649 -1.32803 -0.757871
732 3.34966 3.0208 -0.310799 1.41365
733 2.46309 0.764585 0.265517 2.32631
734 3.6932 2.97005 -1.67077 1.42376
735 1.57186 -0.0612396 1.48735 0.504774
736 1.75035 -1.52159 0.845818 -0.181911
737 3.28882 2.55134 0.878449 -1.88024
738 2.76744 -2.65298 0.495033 0.612672
739 4.19864 -0.490753 4.16866 0.0998698
740 2.56685 -1.75472 -1.23392 -1.40966
741 2.44431 -2.14023 -0.240424 1.15597
742 3.32784 -2.33244 2.32108 -0.496828
743 4.30548 -1.11404 4.14588 0.328321
744 1.0134 -0.176969 0.912796 -0.403064
745 1.41286 -0.49272 1.27598 0.35393
746 1.22885 -0.497113 -0.798244 0.79105
747 2.74944 -1.76465 1.29815 -1.6614
748 2.81336 -2.47621 -1.21545 0.553192
749 1.80978 0.985723 1.49763 0.246477
750 1.99447 -0.722523 -0.641142 -1.74494
751 4.41089 3.21517 -1.37648 -2.68774
752 0.709042 -0.456974 0.281115 -0.463563
753 1.47617 0.949938 1.03468 -0.454016
754 2.03903 0.550849 -0.0918338 1.96107
755 3.2916 1.89745 -2.64559 0.484898
756 2.44074 -2.32032 -0.522993 -0.547559
757 1.86616 1.1512 0.93851 -1.12981
758 0.950647 -0.605126 0.721254 -0.1317
759 2.07475 1.03117 -0.03229 -1.80006
760 3.1612 0.991109 -0.426501 2.97137
761 0.791081 -0.263258 0.550194 0.503776
762 1.97657 0.59722 1.13087 -1.50708
763 1.10053 0.00495143 1.07755 -0.223637
764 4.30968 -3.23643 -1.16895 2.59469
765 1.0401 -1.03404 0.0436587 0.103272
766 3.48977 -0.344965 -0.916798 3.34948
767 2.03762 -0.317566 -1.06325 1.70896
768 1.89175 -0.223632 -1.68639 0.827526
769 1.69888 0.451099 -0.14181 1.63174
770 0.905401 -0.781064 -0.112636 -0.44385
771 2.16351 -0.531797 0.738698 1.96272
772 3.13509 1.55933 -1.01142 -2.52474
773 2.01249 -0.289189 -1.90727 -0.57342
774 1.52476 -0.0607335 -1.52348 -0.0142693
775 1.5114 0.492551 -1.39107 -0.326573
776 1.32051 0.438917 -1.06323 -0.648556
777 2.45183 -0.784205 0.612578 -2.24081
778 2.80649 -1.65449 -1.07173 1.99761
779 2.7005 1.72855 -1.90695 0.817523
780 0.999334 -0.855024 -0.28519 -0.431589
781 1.90626 -0.912389 -0.794164 -1.47333
782 2.30801 -1.53693 -1.67071 0.416517
783 4.80559 -4.54938 -0.304045 -1.51803
784 1.65577 0.777613 -1.45364 0.154391
785 0.821743 0.245764 -0.482163 0.618369
786 2.12665 0.332544 0.993882 1.85048
787 2.25897 0.871077 1.59047 -1.34707
788 2.91086 -2.83822 -0.61743 -0.190731
789 3.60937 2.05038 1.94345 -2.24644
790 1.67481 0.667313 0.130994 1.53053
791 0.973851 -0.469899 0.423135 0.740634
792 3.18635 1.03201 -2.98341 -0.432494
793 0.377641 0.20509 0.300604 -0.100933
794 2.10379 1.30997 -1.38299 0.892893
795 3.63613 0.697305 -1.06062 3.40739
796 3.7496 2.26907 -0.661525 -2.91087
797 1.63824 -1.25706 -0.763431 -0.721683
798 4.17612 -3.81089 -1.66853 0.364819
799 3.32461 -1.79948 0.874391 -2.65525
800 1.34989 -0.508065 0.504481 1.14436
801 0.948561 -0.177773 0.42101 -0.831212
802 3.84418 -0.900166 -2.38483 -2.8775
803 2.66718 0.311273 1.33667 2.28698
804 2.88866 2.41381 -0.475358 1.51392
805 3.86245 2.06577 -3.18097 -0.729719
806 2.29498 -1.75391 0.967532 -1.12008
807 2.06804 0.861502 -1.00719 1.5875
808 1.55526 -1.49523 0.417703 0.0929833
809 2.19475 1.83245 -0.0989929 1.20384
810 2.47001 0.549431 -2.15617 1.07238
811 2.00685 1.16724 1.6045 -0.300917
812 0.820947 0.417506 0.700254 0.0963686
813 2.98158 2.20466 -0.774028 1.85207
814 2.97787 2.24047 -0.245855 -1.94616
815 0.532288 0.209019 0.376452 -0.31293
816 4.0583 1.58047 1.20224 -3.53929
817 2.15002 -2.04459 -0.270129 0.607686
818 3.3328 -2.63506 1.74836 -1.05226
819 2.40046 0.70569 0.670771 -2.19414
820 1.17204 0.375381 -0.916881 0.626185
821 1.34722 -0.911771 0.55 0.825333
822 2.32293 1.61551 0.169799 1.6605
823 3.45316 3.29415 -1.03513 -0.037507
824 3.28508 -1.27693 -0.398758 3.00036
825 3.08638 -0.483318 2.90277 0.930602
826 3.12511 0.15927 -0.0493551 -3.12066
827 1.65787 -1.39172 -0.773645 0.461645
828 3.94832 1.01427 3.32161 1.87815
829 2.40766 0.946325 1.10001 1.92127
830 0.320269 0.24314 0.203041 -0.0472158
831 1.25604 -0.0630067 0.240739 -1.23114
832 1.99392 1.59369 -1.19776 0.0351573
833 2.55846 -0.302232 0.352389 2.51598
834 2.19134 -0.871228 0.300056 -1.98819
835 0.485488 0.35399 -0.187812 0.274075
836 3.3315 1.27447 -2.75707 -1.36865
837 2.28616 -0.60519 -1.29823 1.78182
838 3.17157 2.57665 0.588224 -1.7532
839 3.92246 -2.61051 -0.357069 2.90576
840 0.643079 0.0497032 -0.614881 -0.181662
841 2.50582 -1.299 1.4383 1.58841
842 0.308955 0.0429625 0.270579 0.142811
843 1.46041 -0.307995 -0.082316 -1.42519
844 3.95487 3.1332 -1.70461 1.70833
845 2.39341 1.39147 -1.20014 1.53358
846 1.75938 -1.03576 -0.337267 -1.38161
847 1.97539 -0.134835 -1.61335 1.13185
848 1.86039 -0.397408 0.423458 1.76742
849 2.68873 -1.64278 -2.01806 -0.676757
850 1.57779 -0.1164 -1.34669 0.813804
851 1.52942 0.225782 1.14588 0.98748
852 3.59917 3.03493 0.86628 1.72998
853 1.06622 0.85053 -0.639849 -0.0634045
854 1.13719 0.676413 0.536017 0.740509
855 0.878916 0.657135 -0.583304 -0.0205733
856 1.3784 -1.04889 -0.0532425 -0.89273
857 4.93422 1.38884 -4.02592 -2.49192
858 2.61924 -2.53483 0.532679 -0.388962
859 0.952716 0.887857 -0.074064 0.337477
860 1.82019 -0.773303 1.58967 -0.43364
861 3.77693 1.55931 -2.3308 2.53004
862 1.9889 0.581324 1.87977 0.290226
863 0.949152 0.0718084 -0.548661 0.77117
864 2.65327 -2.16832 1.48876 0.349019
865 2.21085 -1.23935 1.77357 0.454212
866 2.30911 -0.329803 -0.437299 -2.24321
867 3.17122 2.06309 -0.759894 2.28536
868 1.06272 -0.81087 -0.0372002 0.685909
869 3.62703 1.09738 3.07384 -1.58196
870 2.14361 1.63037 0.757307 1.16767
871 2.47745 1.23581 1.08389 -1.85357
872 2.7383 -1.47764 -1.02975 -2.06264
873 0.952782 0.377822 0.859629 -0.161502
874 0.781651 0.585351 0.103592 -0.507554
875 2.68843 -1.14137 -1.06406 2.18923
876 2.24768 1.06297 -1.81635 -0.789317
877 1.30767 1.29802 -0.144389 0.0654997
878 1.43667 -0.184117 -1.42434 -0.0369572
879 3.05828 -2.06968 1.51718 1.66362
880 3.38994 -2.87384 1.56139 0.891548
881 1.60775 -0.620833 -1.48299 0.0123816
882 1.51141 0.0951027 -0.896346 -1.21321
883 4.20143 -0.447627 0.359083 4.16206
884 3.10597 -2.94999 0.780526 -0.579158
885 4.03252 -2.57365 -3.05959 0.525793
886 1.47024 -0.584286 1.24677 0.515523
887 3.77059 0.261039 -3.57796 1.16078
888 3.02285 2.60613 -0.344926 -1.49221
889 2.01357 1.83682 0.397373 0.722944
890 1.40972 1.36041 0.0027538 0.369583
891 2.38507 2.04622 -1.22425 0.0529324
892 1.1138 1.08583 -0.112475 -0.221089
893 3.03495 -1.16198 2.68419 0.809841
894 2.40334 2.01366 -1.3079 -0.103016
895 2.82494 1.72281 1.11942 -1.93885
896 2.28024 -0.868706 -1.13037 -1.77964
897 3.37092 -1.30914 1.23067 2.85214
898 1.65106 -1.35203 -0.823522 0.468854
899 1.64714 0.489692 0.637574 -1.43762
900 2.45833 0.822783 1.49446 1.77004
901 2.87054 -2.77018 -0.438747 -0.611233
902 1.20159 1.15619 0.312026 -0.0983364
903 0.519484 0.243091 0.211851 -0.407295
904 1.27978 -0.740247 -1.0214 -0.215878
905 2.30676 -0.698664 -0.236467 2.18566
906 1.42863 -0.651788 -0.596412 -1.1227
907 1.987 -1.06937 0.594067 1.56579
908 1.91146 1.04738 -0.123614 -1.59417
909 2.62225 -2.09795 1.42254 -0.671722
910 4.13324 1.19973 3.91694 0.549446
911 4.537 1.77873 -1.28289 3.97173
912 1.07867 -0.941922 0.240102 -0.467607
913 2.39872 0.039685 -1.13573 2.11244
914 1.86156 -0.858494 1.64528 0.146497
915 2.77876 -0.080261 -0.620384 -2.70743
916 1.51972 0.592359 0.835759 1.12257
917 5.68523 3.72453 -4.25358 -0.597345
918 0.954466 -0.169075 -0.918131 -0.198628
919 2.86001 -1.90672 -2.13167 -0.00790852
920 4.13127 2.96792 -2.83529 -0.469027
921 1.83078 -0.789969 -0.502363 -1.57332
922 2.16115 0.362844 2.05572 0.559397
923 2.22626 0.664248 -0.0166531 -2.12479
924 2.47238 1.23191 2.08245 0.508407
925 2.85808 1.33971 -0.723066 -2.41888
926 2.09503 0.376209 -1.8639 -0.879487
927 3.08317 -1.16328 2.8323 -0.361682
928 1.57872 -0.908368 1.04761 0.754809
929 3.16845 1.85657 -0.404312 -2.5355
930 3.69242 1.46113 -1.28335 3.1388
931 1.53864 1.52804 0.110599 -0.142383
932 1.94769 1.69478 -0.561854 0.778177
933 2.83494 -1.9424 -1.56226 1.35029
934 2.64814 -2.38271 -1.05876 0.462967
935 2.44159 0.257603 1.01308 2.2065
936 1.31534 -0.667464 1.07312 0.36471
937 1.92532 -1.06392 1.60428 0.0349127
938 2.41648 -1.52184 -1.57427 -1.02228
939 3.17624 1.04505 -1.08603 -2.79587
940 1.23315 -0.856589 0.861755 -0.21048
941 4.23313 -1.90572 -3.75829 0.403612
942 1.711 0.912967 -1.44603 -0.0550829
943 0.936096 0.72569 0.27287 -0.524587
944 1.70353 -1.67651 -0.301767 0.0169934
945 1.94174 1.89789 -0.401662 -0.0838466
946 2.60358 -2.45683 0.852625 0.12521
947 3.79127 2.38865 2.02979 -2.1326
948 2.35334 -1.43435 1.34867 -1.28915
949 3.06361 0.58532 2.69221 -1.33982
950 1.47544 -0.569679 1.11859 0.775332
951 0.743074 0.615276 0.287284 -0.301764
952 1.29749 1.21263 -0.26376 0.378763
953 0.762434 0.313282 -0.572346 0.394437
954 3.86738 -1.08235 -3.52177 1.1757
955 1.99366 1.9559 0.0613103 0.381254
956 3.71999 3.18843 -0.790524 -1.74566
957 1.92347 -0.245744 -0.389049 1.86762
958 1.79442 0.613373 1.48234 -0.803994
959 1.66203 -1.61835 -0.377496 0.0283293
960 1.42582 -1.27832 0.0713052 0.627496
961 1.87872 0.0857088 -0.136985 -1.87176
962 2.95201 -0.905219 -2.56971 -1.13646
963 1.57136 -0.745902 -0.429738 1.31459
964 2.88224 2.79706 0.580153 -0.383666
965 1.30612 0.631447 1.09187 -0.339159
966 0.335256 0.266124 0.141773 -0.146543
967 2.63594 0.575603 2.57089 0.0857749
968 1.98785 -0.173646 0.218418 1.96817
969 2.52121 1.31047 -1.30485 1.71363
970 1.50639 -0.0616511 -0.722658 -1.32029
971 2.76512 1.24173 0.611458 -2.39377
972 2.32975 0.179883 -0.113571 2.32002
973 1.78654 -0.261237 1.74584 0.274837
974 0.465874 0.00701582 0.343601 -0.314528
975 1.59382 1.4968 0.10228 0.537945
976 2.16369 0.614069 -0.942429 1.84832
977 4.17443 1.05841 -3.80799 -1.34343
978 3.36332 -0.483665 -3.25574 -0.691462
979 1.82591 -1.27931 -0.998726 0.836564
980 1.2481 1.19611 -0.21284 0.285962
981 2.21193 1.99553 0.953326 0.0406785
982 3.80195 1.50461 3.24554 1.28742
983 2.85335 -1.27194 -2.54921 -0.159047
984 2.27621 -1.0289 1.68676 -1.13019
985 1.89781 -1.23832 1.13969 -0.877122
986 3.756 3.16859 0.0293812 2.01661
987 3.79749 3.39816 0.667135 1.55833
988 2.06575 -1.43243 -0.328973 1.45163
989 2.25783 0.153195 1.80291 1.3505
990 1.98927 1.40652 0.190889 -1.39371
991 3.43349 -2.19037 -2.08858 -1.6214
992 1.40786 -0.878283 -0.0137846 1.10022
993 3.56331 -2.13905 -0.661942 -2.77192
994 3.48516 -2.41792 0.100782 -2.50796
995 2.63312 -1.33927 -2.1547 -0.704922
996 2.21512 -2.18306 -0.0793828 -0.367027
997 0.911487 0.103605 0.653428 0.626982
998 1.62416 0.718631 -1.42212 -0.314689
999 4.23312 2.42695 -2.77212 2.08437
1000 3.24175 -3.18439 0.537195 -0.282902
1001 2.83439 2.54326 -0.451297 -1.16703
1002 1.71544 0.936506 -1.43428 0.0922966
1003 1.24593 -0.889814 -0.840908 -0.231162
1004 2.45791 1.43689 1.71895 -1.01087
1005 0.726671 0.592385 0.412841 0.0818136
1006 1.70494 -0.935299 -1.18577 0.791193
1007 1.6107 0.661967 -0.773813 -1.24794
1008 2.72685 -1.27965 2.26952 0.804639
1009 1.08341 0.027805 -0.671409 -0.849837
1010 4.22151 3.15011 -2.26787 1.65973
1011 2.85611 -1.39895 -2.4555 0.413332
1012 0.410313 -0.22821 0.261539 -0.218802
1013 4.72154 1.33684 4.32976 -1.32627
1014 2.48996 -2.05918 1.23004 0.668327
1015 0.61322 0.204222 0.577925 -0.0183041
1016 4.08058 -4.05422 0.273809 -0.37341
1017 1.16717 -0.110472 -1.10058 0.372555
1018 0.998566 0.0540494 0.444041 -0.892771
1019 2.31143 1.4309 0.561037 1.72641
1020 2.41713 -2.00815 -1.32921 0.207417
1021 1.31048 0.208678 -1.09651 0.686634
1022 3.79522 -2.90918 0.884337 2.27119
1023 4.95576 -3.45397 3.55321 -0.0660687
1024 1.53952 -0.566622 -0.346303 1.38893
1025 3.28921 -1.80409 -2.4937 1.16001
1026 2.63018 0.0990417 2.57708 0.516436
1027 2.87025 2.61021 -1.00701 0.641115
1028 2.86199 2.42385 -1.23317 -0.891747
1029 2.9227 -2.37481 0.718761 -1.54461
1030 1.78452 0.620371 0.340398 -1.63822
1031 2.30394 -0.6271 0.355339 2.18829
1032 3.46061 -2.89755 0.694122 -1.76017
1033 2.1838 -1.85843 -1.03365 0.496787
1034 1.05602 -0.270041 1.02037 -0.0330498
1035 2.06706 0.182286 -0.533931 1.98858
1036 2.97205 -0.879095 -1.57782 2.36025
1037 2.04783 -1.93922 0.290198 0.590621
1038 2.0337 1.26612 1.57835 -0.204135
1039 1.55758 -0.474946 0.521907 1.38856
1040 0.887239 -0.199994 0.639616 -0.581452
1041 2.51571 -2.38155 0.75997 -0.281963
1042 2.82972 2.2959 0.184853 -1.64377
1043 2.66585 1.24678 -0.837364 2.20253
1044 3.56216 -0.850874 0.511092 3.42107
1045 2.59402 -0.0499372 -1.8589 -1.80857
1046 0.779431 0.404076 0.648184 0.155218
1047 3.06442 0.892148 -2.63053 1.29422
1048 2.73547 2.19543 1.62069 -0.190437
1049 3.83925 2.41285 1.99628 -2.22101
1050 0.752564 0.202607 -0.550181 -0.47181
1051 3.03565 -1.42914 0.189211 -2.6715
1052 3.39072 -2.10968 -1.89933 1.85439
1053 1.18532 -0.917412 0.216385 -0.718686
1054 2.45167 -0.651555 -1.89314 1.41499
1055 2.33601 0.0629933 -1.58701 -1.713
1056 1.2217 -0.674945 0.977102 0.286838
1057 0.997558 -0.455119 -0.0688295 0.885015
1058 2.1878 1.68171 -0.159808 -1.39024
1059 1.92614 -1.41576 0.793088 -1.03762
1060 2.75335 -2.48195 -1.18529 0.12625
1061 3.50873 -0.808143 0.756972 3.32942
1062 1.77624 0.179134 -1.65088 -0.630502
1063 2.3057 -0.867265 1.98965 0.778075
1064 1.04733 0.650109 -0.194385 -0.797798
1065 1.75269 1.13322 1.12946 -0.715561
1066 5.9482 4.90109 -3.24786 0.900996
1067 2.51359 1.10828 -1.60499 -1.58551
1068 2.24265 -2.07101 0.819722 0.261656
1069 1.45591 -1.07079 -0.93356 -0.318689
1070 1.30389 0.29996 -0.373714 1.21264
1071 1.65117 0.496044 1.16736 -1.05715
1072 0.713381 -0.67186 -0.00278381 0.239811
1073 2.56824 -0.907968 1.38996 1.95946
1074 3.68972 2.92368 -0.615223 -2.16511
1075 1.90906 -0.143609 0.257965 -1.88609
1076 1.29947 -0.160045 -1.24236 0.345773
1077 1.01567 -0.114496 -0.261663 -0.974689
1078 1.99027 -1.60742 0.484298 -1.06903
1079 2.59921 0.491954 1.24823 -2.22616
1080 3.46104 -2.44623 -1.9984 -1.41463
1081 1.09036 -0.308368 -0.10282 -1.04078
1082 2.4295 -1.80714 1.20557 -1.08781
1083 3.1728 -2.5929 1.80689 -0.280507
1084 3.5294 0.912775 2.04553 -2.72752
1085 2.2356 -1.08438 1.95446 0.0458899
1086 0.608707 0.488022 0.0837448 -0.354041
1087 1.81364 0.258794 -1.10443 1.41511
1088 2.0212 1.44229 1.41302 0.0918341
1089 0.929526 -0.398129 0.466563 0.698449
1090 1.68575 0.824335 -0.469015 -1.39365
1091 2.72655 -1.20964 -0.911132 -2.26731
1092 2.4206 -0.46291 1.03078 2.14067
1093 3.33372 -1.75302 1.5527 2.3727
1094 2.95706 -2.10712 1.5966 -1.32482
1095 4.53175 2.1337 2.94277 -2.70633
1096 1.66229 -1.01501 -0.564734 -1.18914
1097 3.30512 0.900939 2.57056 -1.87199
1098 3.19154 -1.35909 -1.28288 2.58709
1099 1.19186 0.463966 1.0869 -0.154659
1100 1.28564 0.191748 0.942008 -0.853659
1101 1.15841 -0.71125 -0.381834 0.830811
1102 3.41053 -1.60448 3.00216 -0.210767
1103 1.59381 1.14669 -1.00162 0.471273
1104 1.02249 -0.101892 0.31314 0.968012
1105 1.13844 0.95462 0.282234 -0.55236
1106 1.66646 0.292427 -0.381087 -1.59573
1107 2.49484 -1.93884 1.56978 0.0297217
1108 2.20702 0.490216 1.96397 -0.879446
1109 1.99506 -1.45333 0.906594 1.02284
1110 1.19218 0.632605 0.331835 0.954456
1111 4.36578 -2.4804 -1.557 -3.23781
1112 1.07542 0.0540989 0.967387 -0.466661
1113 2.10323 1.29134 1.65106 -0.173197
1114 1.5494 0.948039 -0.224394 1.20478
1115 2.59591 1.57828 0.820202 1.89078
1116 1.50965 -1.19726 -0.806644 -0.441514
1117 2.32025 -0.989736 1.96818 -0.728202
1118 2.27244 1.45116 1.74722 0.0730625
1119 3.43724 2.86028 -0.213175 1.8942
1120 0.674117 0.663548 0.116956 0.0214169
1121 2.50241 -0.965038 0.995894 2.08301
1122 1.77213 0.837714 -0.96621 -1.22683
1123 1.57078 1.48887 0.497936 0.051987
1124 0.970189 -0.710799 -0.566811 0.338756
1125 3.07046 -0.551147 3.00572 0.299375
1126 3.61703 2.62564 -0.179704 -2.48126
1127 3.0655 2.10842 -2.02473 -0.923213
1128 0.818054 0.670301 0.464071 -0.0674238
1129 3.08334 2.28414 -1.90382 -0.815591
1130 3.14919 -1.76297 2.47429 -0.828975
1131 1.69145 -1.04694 -1.32247 0.126546
1132 1.39702 0.724474 1.07496 0.520824
1133 1.39295 -0.536979 -0.278571 1.25474
1134 2.1211 0.0232871 2.05412 0.528295
1135 1.88123 -0.967586 -0.224494 -1.59763
1136 2.26875 1.70575 0.918104 -1.18099
1137 1.8036 1.14239 1.33966 -0.391457
1138 2.91333 -2.3303 -1.40921 1.03505
1139 3.60794 0.615494 -1.367 -3.28172
1140 2.53041 -1.48706 2.02598 -0.295021
1141 2.56937 1.38363 0.80071 -2.01149
1142 1.48222 0.619615 -0.993098 -0.909296
1143 0.796958 0.603871 -0.172992 -0.490465
1144 0.640689 0.253319 0.329753 -0.487417
1145 1.45704 -0.460679 -1.353 0.283037
1146 2.1541 -1.02244 -1.84485 0.43735
1147 2.90905 1.28969 2.11935 -1.5191
1148 1.39935 -0.853573 0.0385884 1.1082
1149 1.06042 0.621403 -0.0760661 0.855898
1150 2.80198 -1.655 -1.93004 1.17773
1151 4.58181 3.86282 2.44245 -0.325587
1152 1.71504 0.142099 1.19582 1.22115
1153 2.35563 -0.751132 -1.05419 -1.96811
1154 0.8109 -0.00803979 0.764112 0.271344
1155 2.36155 -1.51644 1.57393 0.894475
1156 1.91165 -1.81258 -0.597672 -0.108432
1157 2.65939 1.39595 -1.30894 -1.84672
1158 3.47508 -1.59679 -0.448353 -3.05376
1159 1.86805 -0.57219 0.358306 -1.74179
1160 1.42582 -0.78591 1.08788 -0.481479
1161 3.32368 1.11595 -1.19181 -2.89501
1162 3.64067 -1.24312 -2.24401 -2.58332
1163 3.28458 1.36919 -0.387174 -2.96038
1164 2.69229 0.722317 2.59245 0.0768812
1165 0.606005 -0.187485 -0.394667 -0.419916
1166 2.67296 2.29779 -0.835874 -1.07991
1167 0.378661 0.169478 0.338549 -0.00676394
1168 2.02112 -0.21051 1.45866 1.38309
1169 2.06555 -1.92731 -0.602972 -0.434022
1170 2.88753 -0.449349 0.284302 -2.83815
1171 2.09318 -0.423142 1.37632 -1.51924
1172 1.34903 -1.29057 -0.279888 0.275672
1173 2.35342 -0.925038 0.798505 -2.01129
1174 1.2322 0.828154 -0.64105 -0.649252
1175 2.10814 -0.108088 -1.11634 1.78504
1176 2.30978 1.67735 -0.557934 -1.4867
1177 4.68159 -1.19221 1.04482 -4.40502
1178 1.64335 -0.675165 1.02754 1.09037
1179 1.15065 0.205781 0.0691599 1.12999
1180 3.6586 0.731285 -3.04465 -1.89228
1181 1.18818 1.15313 -0.210806 -0.193924
1182 0.496966 -0.0992481 -0.475418 0.105371
1183 2.61401 -0.83864 -0.664339 -2.38503
1184 3.39774 -0.861854 -3.2864 0.0374242
1185 0.942327 -0.876082 -0.258703 0.231372
1186 1.63758 -1.11427 -1.12353 0.421611
1187 2.25021 1.23025 1.85987 0.301375
1188 2.7108 0.540589 -2.58232 0.622746
1189 0.564069 0.28651 0.239374 0.422831
1190 2.3782 -2.12737 -0.946025 0.484941
1191 2.19504 -1.09303 1.86597 -0.376323
1192 1.20648 0.693499 -0.926413 -0.341201
1193 2.68632 -1.10982 1.92298 1.51221
1194 2.57819 -2.33771 0.149486 -1.07694
1195 1.98958 -1.77815 0.615488 -0.646341
1196 1.65725 1.15969 -0.699165 0.955391
1197 2.16946 -1.16207 -0.720828 -1.68421
1198 1.74592 0.385551 0.932658 1.42469
1199 1.55494 -0.827898 -0.639674 1.15032
1200 1.77029 1.72182 -0.205211 0.356558
1201 3.43622 0.235882 -3.09543 -1.47319
1202 2.82347 -1.11613 1.81884 -1.8488
1203 0.757715 -0.478855 -0.585662 -0.0427939
1204 3.18699 -2.95031 1.2052 0.00986023
1205 3.35573 1.24345 -1.11244 -2.91157
1206 1.13752 1.10881 0.0855127 -0.239145
1207 1.66176 1.4638 -0.717015 0.323441
1208 0.753268 -0.0245637 0.612575 -0.437677
1209 2.7809 2.09522 0.235946 1.81323
1210 2.6063 -2.42813 -0.933113 -0.162158
1211 1.30606 1.10045 0.326903 -0.622846
1212 2.32262 -1.12237 1.66873 1.16199
1213 1.9457 1.52731 -0.0683898 -1.20351
1214 1.68692 -1.14175 1.2417 0.0173397
1215 2.85636 -0.333497 -0.0864839 -2.8355
1216 2.97298 0.579087 -2.76879 -0.914919
1217 2.22422 -0.688278 -2.11199 -0.113778
1218 4.20741 3.83045 0.869839 -1.50776
1219 2.03297 -1.02038 1.3575 -1.11758
1220 5.17096 1.29845 -4.60454 1.96241
1221 2.77359 -0.227238 2.17478 1.70632
1222 1.59499 -1.29294 0.287098 -0.888754
1223 0.904394 0.0861092 -0.120819 0.892142
1224 2.42603 1.07572 0.416604 -2.13422
1225 3.07434 -0.288869 2.70287 -1.43618
1226 2.15144 1.38851 -0.278091 -1.61969
1227 1.96401 0.0058842 -0.928075 -1.73089
1228 2.12663 -0.0196791 -1.71686 -1.25482
1229 1.35288 -0.119863 -0.895877 1.00664
1230 2.47534 0.950815 0.904887 -2.09867
1231 1.12935 -0.245515 0.911258 0.620295
1232 2.46428 2.32386 0.814204 -0.0971851
1233 1.34673 0.942172 -0.0480995 0.961077
1234 2.93652 2.15104 0.299152 -1.97653
1235 1.89447 0.823827 -1.16947 1.24205
1236 2.38501 -1.07081 1.97277 -0.806119
1237 2.52981 -1.93379 -1.05522 -1.24375
1238 4.10734 3.77373 0.396105 -1.57236
1239 2.43376 1.59327 0.205827 1.8282
1240 2.43165 2.25256 -0.855651 0.326763
1241 1.44085 1.12837 0.131658 -0.886284
1242 2.82322 1.10105 2.02929 -1.62489
1243 0.799802 0.17401 -0.447736 -0.639481
1244 2.11009 -0.659999 0.121746 -2.00051
1245 2.33566 -2.01227 -1.16723 0.20889
1246 0.679085 0.118854 0.120171 0.657715
1247 1.94923 0.511099 -1.81019 0.51137
1248 2.91993 -0.903767 2.689 0.69171
1249 1.84489 -0.956025 1.54294 -0.330101
1250 0.43419 -0.259103 -0.301915 0.173879
1251 2.17115 0.323615 2.14568 0.0722051
1252 2.51778 2.21958 0.135098 -1.18087
1253 2.85063 0.613366 -0.795193 -2.66788
1254 1.81804 -1.02697 0.983256 1.13306
1255 2.84885 2.64587 0.919917 0.518718
1256 0.946351 0.636883 0.612927 0.338052
1257 3.49427 1.44495 1.07458 2.99454
1258 2.27333 2.14535 0.345512 0.66794
1259 2.42035 -1.08213 0.302769 2.14369
1260 1.29215 0.616639 0.653655 -0.928518
1261 2.43108 0.845488 1.95932 -1.16463
1262 2.11013 0.644332 1.81541 0.861276
1263 1.77777 1.52424 0.663868 -0.629642
1264 1.84707 0.519294 1.7481 0.293505
1265 2.74456 -0.208812 -1.40523 -2.34827
1266 1.98706 0.889054 0.819766 -1.5767
1267 4.33982 2.17475 -2.70782 -2.60234
1268 2.71448 1.88074 1.95695 -0.0392298
1269 1.28743 1.09257 0.476095 -0.486945
1270 2.82529 -2.50766 0.968928 -0.868963
1271 4.24839 -2.79455 -2.1348 2.38369
1272 2.6114 2.03148 1.6406 -0.0299974
1273 0.927949 0.48613 0.268166 -0.743541
1274 1.45071 0.533396 1.34535 0.100431
1275 0.855774 -0.855616 0.00251123 0.0162768
1276 1.59647 -0.916751 -0.386144 1.24867
1277 1.33012 -0.739249 1.07195 0.271383
1278 3.61302 -2.0831 1.29834 -2.65122
1279 1.37851 0.691697 -0.981714 0.676826
1280 3.03842 2.74089 -0.677756 1.12258
1281 0.47367 0.440674 -0.172057 -0.0237768
1282 2.05816 0.517452 1.53206 1.2732
1283 1.70573 1.06028 0.107211 1.33185
1284 1.25798 0.221538 -0.912019 0.837642
1285 3.0587 0.406733 0.465936 2.99552
1286 2.1922 -2.09128 0.48645 0.442317
1287 1.76403 -1.44831 -0.162674 0.99385
1288 1.52579 0.835797 0.441249 1.19782
1289 2.35324 -0.601547 0.271061 -2.25885
1290 1.41272 -0.0960482 1.24248 0.665426
1291 3.04679 -0.252954 2.61794 -1.53798
1292 2.86046 -1.43073 -0.0827671 2.47556
1293 1.06069 -0.670855 -0.634523 0.521915
1294 2.22699 -0.438287 1.77358 -1.27351
1295 2.99727 1.58866 -0.455466 2.50047
1296 2.30847 -1.31373 -0.202572 1.88735
1297 3.39454 2.72735 -1.04165 1.73189
1298 0.729118 0.500364 0.470301 0.245082
1299 2.12487 -0.448947 -2.05793 0.280045
1300 2.68341 -0.514016 2.61613 0.303918
1301 3.62786 -2.53811 2.37842 1.03075
1302 1.51411 -0.779634 -0.942555 -0.892358
1303 3.01024 -0.59752 -1.34842 2.62417
1304 1.74981 -0.203612 -1.52666 -0.830471
1305 4.41297 -3.18969 2.1485 2.16428
1306 1.22458 0.10766 0.974472 -0.733771
1307 7.0977 0.406124 0.0323188 7.08599
1308 4.80921 2.1411 2.22317 -3.68804
1309 1.81171 0.158242 0.536838 1.7231
1310 0.875352 0.518897 -0.393619 0.584851
1311 1.63554 0.925972 0.684319 1.16158
1312 1.3599 -0.353147 0.0568502 1.31202
1313 2.00037 -1.82995 0.436472 -0.679875
1314 2.14763 -1.36324 -1.60304 -0.429163
1315 3.15535 -1.81002 -0.0767311 -2.58344
1316 3.4536 2.5334 1.65526 1.66414
1317 4.19095 2.99004 0.941837 -2.78149
1318 3.90919 -3.57124 -1.18647 1.05844
1319 3.3609 -1.07354 -3.14336 0.512283
1320 2.80419 1.66017 -2.23287 0.348748
1321 1.96416 0.939093 -0.922471 1.45776
1322 1.24483 0.309876 0.491685 1.10083
1323 2.80076 -2.52841 0.497705 1.09714
1324 2.43526 -1.02249 -1.86586 1.18473
1325 0.562676 0.103284 0.250815 -0.492979
1326 0.990748 0.0209309 -0.759572 0.635763
1327 0.422478 0.091567 -0.353202 0.21296
1328 1.63707 1.46627 -0.0502274 0.726323
1329 1.58094 -1.56322 -0.0742145 0.224087
1330 3.74508 2.52113 -2.46837 1.25564
1331 3.59206 -3.28533 0.0523631 1.45146
1332 3.37346 1.28022 -3.11869 0.122517
1333 4.73061 -2.95857 -2.12865 -3.01569
1334 3.73882 3.52309 1.21998 -0.2797
1335 3.62771 0.907135 -1.24501 3.2844
1336 1.01267 -0.340481 0.90725 0.294073
1337 2.16896 -0.853882 1.90579 -0.585857
1338 1.56223 -0.111717 1.04639 1.15463
1339 2.43662 1.37882 0.0352227 2.00867
1340 2.06242 -1.2766 -0.0532854 1.61896
1341 2.71451 0.694356 -0.691106 2.53156
1342 1.52174 -0.764656 1.00879 0.844584
1343 1.51374 -0.433285 -0.110779 -1.44616
1344 1.91582 -1.37482 -1.3012 0.295116
1345 2.89675 1.0103 -1.95508 -1.88365
1346 2.21685 0.434772 2.11776 -0.490405
1347 2.37824 -1.47332 -1.75255 -0.64334
1348 1.20713 1.09054 0.336095 -0.393619
1349 3.02983 1.4874 2.33654 -1.22804
1350 2.29729 -1.26607 -0.766746 1.7569
1351 1.23707 0.97256 0.66979 0.368576
1352 2.18127 -0.310919 -0.95798 1.93482
1353 2.09778 -2.08311 -0.128924 0.211458
1354 4.06515 1.85066 3.51616 0.858537
1355 2.19578 -1.90075 -0.311552 1.05429
1356 1.41007 1.01247 0.908046 -0.372391
1357 0.858787 0.0173085 -0.474156 0.715815
1358 3.42327 0.0190222 1.16691 -3.21819
1359 5.04076 1.71901 -0.68267 -4.68916
1360 1.74084 0.547506 -0.0335479 1.65216
1361 1.56858 -0.836178 0.520496 -1.22079
1362 0.673412 0.144678 -0.397965 -0.523617
1363 5.4918 -2.97092 -4.45933 -1.20331
1364 1.49042 0.116778 1.02073 1.07972
1365 2.69842 2.21292 1.42803 -0.587539
1366 4.16345 3.00661 -1.06784 -2.67476
1367 2.33972 1.36421 0.0140865 1.9008
1368 0.640087 0.000295549 -0.569649 0.291908
1369 2.02368 -1.80828 -0.905788 0.0703003
1370 1.62688 0.373348 1.27546 0.938373
1371 2.53881 -1.05614 2.04524 -1.07104
1372 4.24298 2.48506 -0.345384 -3.4217
1373 3.65369 -0.90009 -3.34785 -1.15374
1374 2.83903 1.5524 -1.13784 2.08697
1375 2.51264 1.25533 -0.460207 -2.12738
1376 3.64438 -1.80895 -2.2155 -2.25849
1377 2.33242 -0.0173903 -2.3156 0.27904
1378 3.81659 0.342338 0.316776 -3.78799
1379 2.69791 -1.44098 2.25698 0.329097
1380 2.40743 1.5864 0.910554 1.56523
1381 2.55685 -1.50251 -0.553228 1.99346
1382 2.21531 1.19086 -0.537775 1.78892
1383 3.29332 -2.52594 -2.09877 0.246443
1384 2.53932 2.50918 -0.18024 -0.345981
1385 1.22665 -0.439573 0.42263 -1.06434
1386 2.90888 -0.446648 1.7595 -2.27293
1387 1.88151 0.0335668 0.668406 1.75846
1388 4.20926 3.90823 1.23789 -0.954556
1389 2.21199 -1.98531 0.582135 0.78267
1390 5.12637 -3.95025 2.4165 2.19901
1391 2.89579 1.06659 -2.41137 -1.19719
1392 1.28537 1.05788 0.638232 -0.35458
1393 1.50679 0.00561868 1.35948 0.649763
1394 0.321425 -0.247053 0.139709 0.150864
1395 2.84866 -0.57692 -2.58332 1.05285
1396 2.04573 -1.61226 -1.00727 0.75566
1397 1.58259 -0.266927 0.102278 -1.55656
1398 3.19947 1.83544 1.13971 2.35984
1399 2.20896 1.48956 1.59716 -0.331373
1400 2.36458 -1.35425 -0.567212 1.85351
1401 3.72004 -3.21723 -1.86538 0.0922943
1402 1.15457 0.985533 -0.415404 0.434971
1403 1.72412 0.74757 -1.23433 -0.943482
1404 3.0644 -0.413733 2.6405 1.49903
1405 1.60183 1.15796 -0.667913 0.882532
1406 1.60098 -1.25364 0.88057 -0.464868
1407 2.49992 -0.377626 2.45166 -0.310412
1408 1.32797 0.414331 1.1881 0.424554
1409 0.802954 0.377889 -0.702823 0.0893014
1410 1.39486 -0.871072 0.65984 -0.866881
1411 1.2725 -0.948332 0.705807 0.470918
1412 1.56448 1.21712 -0.677476 0.712204
1413 4.03456 1.53137 -0.248719 3.72434
1414 2.62695 0.122486 -0.966377 2.43967
1415 1.7152 -0.258171 -0.727895 1.53148
1416 2.94457 -0.254046 -2.67505 1.20418
1417 1.34308 -0.877912 -1.00186 -0.171527
1418 1.80516 0.404379 1.47481 0.959181
1419 1.35105 0.0464716 1.32474 0.261199
1420 2.58914 1.42769 2.08708 -0.55629
1421 1.28395 0.892171 0.733492 -0.560838
1422 2.82605 2.7685 0.133154 -0.551596
1423 1.77164 -0.56637 0.0876482 1.67638
1424 1.89163 0.961466 1.35871 -0.898753
1425 0.898647 0.863725 -0.119948 0.217157
1426 1.27473 0.350272 0.332877 1.17959
1427 2.82746 -2.04814 -0.771904 1.78992
1428 2.55395 0.515405 -2.48758 -0.262659
1429 2.34251 2.29543 0.165919 0.436874
1430 1.01605 0.607782 0.81007 -0.0821766
1431 1.8619 -0.752341 -1.1998 1.20878
1432 4.03065 0.847011 2.86107 -2.70979
1433 2.56488 -1.73942 -0.637748 -1.77379
1434 2.37485 -1.29492 -1.87822 0.659821
1435 2.85579 -2.5068 -1.24688 -0.562849
1436 2.96065 1.14226 -2.57028 0.924313
1437 2.18026 -1.04985 -1.10892 -1.55616
1438 1.30866 -1.20243 0.22228 0.466223
1439 1.62257 1.5659 -0.215716 -0.366262
1440 2.58172 -2.38416 -0.363503 0.921367
1441 1.2342 1.02055 0.693641 0.0239363
1442 2.18805 2.15851 -0.318358 0.164429
1443 2.80522 2.21775 -1.42551 0.958534
1444 2.77878 -1.92164 1.23642 1.58119
1445 3.45614 -2.86824 -1.8216 0.632305
1446 0.900868 -0.00962217 0.605242 0.667197
1447 1.52678 -0.332582 1.22983 0.841407
1448 0.670612 0.311036 -0.311577 -0.505863
1449 1.83937 1.45838 -0.316051 -1.07541
1450 3.56197 2.23594 1.76981 2.13447
1451 1.90112 1.35066 -1.32172 0.207499
1452 2.44927 1.91963 -1.34804 0.70479
1453 1.69546 1.62848 0.385628 -0.271889
1454 1.67357 -0.666505 -0.284881 -1.50846
1455 1.85792 -1.53109 -1.00404 0.315489
1456 2.50496 0.248387 1.07268 2.25
1457 3.88323 -2.8929 -2.5845 0.175913
1458 0.575851 0.218624 -0.448616 0.287317
1459 3.89697 0.874395 -2.29761 3.0237
1460 3.19618 -2.62838 -1.64226 0.781137
1461 0.711949 -0.12244 -0.0396258 -0.700221
1462 1.67854 1.65979 -0.220862 0.117553
1463 2.34959 -0.491641 -0.205343 -2.28838
1464 1.74931 -1.53237 0.816545 0.212517
1465 1.99942 0.878772 1.20326 1.33326
1466 3.11004 -1.87169 2.46933 0.267496
1467 1.20843 -1.13171 -0.419043 -0.0627799
1468 1.29753 0.523888 -1.18658 -0.0338515
1469 2.00877 -0.273711 1.75045 0.946656
1470 4.06068 1.58651 -2.09554 -3.09529
1471 1.63529 -1.6076 -0.0761338 -0.289831
1472 1.0603 0.109773 0.919236 -0.516914
1473 1.17427 0.24269 -0.83444 -0.789757
1474 1.38472 0.143093 0.948439 -0.998723
1475 3.96015 2.2004 1.60435 -2.87526
1476 3.16641 2.97838 1.06768 0.124302
1477 1.86157 -0.0260933 1.7382 0.665911
1478 1.46311 1.34053 0.4602 -0.363147
1479 1.87896 1.44777 -0.952206 -0.72646
1480 2.12864 1.31222 1.55819 0.617437
1481 3.6783 -0.40909 -2.0232 3.04454
1482 4.55583 -4.42123 1.07651 0.222455
1483 2.07767 1.94416 0.400671 0.613532
1484 3.22439 -1.39662 -0.706868 -2.81895
1485 3.29499 1.36882 1.95687 2.27023
1486 1.10874 0.514142 -0.214893 0.958529
1487 3.8105 0.791031 -3.07006 -2.11399
1488 1.67463 1.20866 -0.695005 -0.92763
1489 1.78326 0.490636 0.352327 1.67785
1490 3.19809 -2.01978 2.09619 -1.32448
1491 1.48928 1.31639 -0.546415 0.431856
1492 3.78474 -3.34608 0.743426 1.60478
1493 1.09279 -0.455688 0.964969 0.235294
1494 1.32113 1.13727 0.183048 -0.646915
1495 3.94248 -0.801928 0.666576 -3.80207
1496 3.06493 -2.24993 -1.79099 -1.06017
1497 3.20412 -0.367897 -3.16274 -0.357959
1498 0.763238 -0.5938 0.254155 0.406619
1499 3.3565 -1.73554 -1.6093 -2.37995
1500 3.6555 1.86643 2.41745 2.00876
1501 2.47238 0.271826 0.93337 2.27323
1502 3.91509 -0.332208 0.833589 3.81087
1503 0.558084 0.557871 -0.00722109 0.0136224
1504 0.437166 0.0200279 -0.134719 0.415408
1505 1.62766 -1.09429 0.795963 0.904569
1506 2.45684 0.523701 -0.341672 2.37594
1507 3.67124 0.649721 1.06314 3.45335
1508 3.58928 2.56978 1.35153 2.1101
1509 1.01916 0.974357 -0.265194 0.137823
1510 2.72652 2.5811 0.585845 -0.654695
1511 2.30499 0.586495 2.1998 0.360419
1512 2.52011 -0.456425 1.21344 2.16106
1513 5.30145 -0.520901 -5.16049 1.09698
1514 2.26667 0.393514 -0.00945019 2.23223
1515 3.73568 3.11421 0.602594 1.97328
1516 2.65045 0.671997 -0.548579 -2.50447
1517 1.11472 -0.450297 1.01954 -0.0191086
1518 1.56451 -0.341911 0.430894 1.46462
1519 0.992451 0.373094 0.861438 0.321999
1520 1.20348 -0.637065 -0.794881 0.640835
1521 2.99006 -1.60594 -0.307372 -2.50338
1522 3.29637 1.78034 0.230768 -2.76463
1523 2.13063 1.0605 0.191591 -1.83799
1524 2.26227 -1.35639 0.311274 -1.78359
1525 1.23925 -0.881073 0.169382 -0.854851
1526 3.77694 0.452802 1.61722 3.38302
1527 3.10105 -1.86653 -1.79168 -1.70951
1528 0.761314 0.570982 0.102609 -0.493001
1529 4.70147 0.229998 4.69564 0.0433592
1530 2.74613 -0.891367 1.99247 1.66636
1531 1.90919 -0.638765 1.76289 -0.359407
1532 1.80573 0.872682 0.0173142 1.58075
1533 4.96945 1.91912 -3.10056 -3.37624
1534 3.495 2.0298 0.0110445 2.84514
1535 1.16816 -0.0351393 0.593356 -1.00563
1536 1.89622 -0.758631 1.53864 0.807917
1537 4.49812 3.27253 -2.90012 1.05498
1538 2.00073 0.988296 -1.73954 -0.0150204
1539 2.44142 -1.75898 -1.0529 -1.32587
1540 4.7543 2.00599 4.05691 1.45633
1541 3.06593 1.31781 -1.2843 2.45232
1542 1.43745 -1.1771 -0.822208 0.0684293
1543 2.43188 -1.55871 -1.34502 1.29437
1544 3.74219 2.90688 1.07824 2.09556
1545 2.16492 0.451462 1.08768 -1.81659
1546 2.43899 0.314936 2.19943 -1.00597
1547 2.90221 1.24208 0.0039267 2.62298
1548 2.01347 -1.67368 -0.282365 1.08311
1549 1.81016 0.666117 -1.03206 -1.3296
1550 2.1945 1.67202 0.819968 1.16097
1551 2.56679 2.4971 0.586586 0.0938884
1552 2.96234 1.65888 -2.01588 -1.39993
1553 2.60721 -1.89301 -1.32421 1.20852
1554 2.42991 1.90418 -0.710722 -1.33171
1555 2.99632 -2.33552 -1.57356 1.02332
1556 3.31475 -3.04095 0.0613257 1.31774
1557 2.97303 -2.5539 -1.36325 -0.676799
1558 1.5686 0.817084 1.32769 -0.173568
1559 2.54615 1.00961 -0.577928 2.26485
1560 1.8519 1.72239 0.0498268 -0.678536
1561 2.93751 2.1775 -1.83937 -0.710076
1562 2.5874 -1.34361 -1.69971 1.41434
1563 2.28678 1.80607 1.32832 -0.450616
1564 1.82254 1.15137 -0.343016 -1.37053
1565 2.15453 1.2649 1.47123 0.936767
1566 2.49883 -0.193097 -0.431154 -2.45376
1567 3.08456 0.0089261 2.71585 -1.46238
1568 1.19141 0.669225 -0.685494 -0.708304
1569 2.11714 1.63872 -0.592555 -1.20239
1570 1.82972 -0.167244 0.938203 1.56195
1571 3.03672 2.29408 -0.373612 1.9543
1572 0.56303 -0.0453983 0.245971 0.50442
1573 1.61553 0.513924 1.5316 -0.00304221
1574 2.66986 0.0598279 -1.37688 2.28666
1575 1.56834 1.09052 0.889318 -0.692511
1576 1.93845 -1.10874 -0.691973 -1.43159
1577 4.30065 1.68898 -0.0131606 -3.95509
1578 5.12221 1.3769 4.93099 -0.162825
1579 4.96926 -0.345574 -1.53174 -4.71464
1580 2.15878 -0.267338 -0.946183 -1.92188
1581 0.625412 -0.367379 0.437358 0.254736
1582 2.03258 1.87684 -0.668104 0.403093
1583 1.82999 -0.431321 -0.716133 -1.62788
1584 1.74769 0.896661 1.47907 -0.250549
1585 1.37665 -1.24268 -0.258265 -0.533118
1586 1.09434 -0.955545 -0.441461 0.299395
1587 0.933155 -0.0798621 0.652654 0.662151
1588 1.81891 0.400287 1.70342 0.496564
1589 1.47419 1.2235 0.800534 0.188235
1590 1.8883 -0.530285 1.56994 0.905413
1591 0.431994 0.138648 -0.283245 -0.295242
1592 2.26422 -1.00018 1.92922 0.635983
1593 2.81024 -0.805926 -1.7425 2.05222
1594 2.15716 1.8487 0.407474 1.03422
1595 3.5773 -3.35398 0.333033 -1.19876
1596 3.59519 2.30257 -1.38678 -2.38755
1597 2.53039 -0.230613 1.23084 2.1988
1598 4.12892 2.30152 3.22989 1.14839
1599 3.68224 -3.07118 1.95062 -0.567296
1600 1.30332 0.919948 0.783093 -0.488971
1601 0.746515 -0.699854 -0.240368 0.0985462
1602 2.25426 -0.93325 -0.714734 -1.92351
1603 0.215635 -0.212265 -0.0378514 -0.00306194
1604 2.01537 -1.06799 -1.04769 1.35035
1605 0.593401 0.38369 -0.443541 0.0904279
1606 1.69248 1.45797 0.80185 0.309587
1607 1.78587 0.351686 1.73158 0.259404
1608 1.86694 -0.489122 1.52692 -0.956431
1609 0.749314 -0.581774 0.207 0.424455
1610 1.71015 -0.679582 0.610419 1.44575
1611 2.39033 -0.706863 -1.66241 -1.56538
1612 1.54967 1.28636 -0.693837 -0.515114
1613 3.31802 -2.28751 1.97046 1.37616
1614 1.81701 -0.568934 0.184883 -1.71571
1615 2.02552 -0.897959 1.56863 -0.914231
1616 3.26278 2.49954 -1.6101 1.34375
1617 1.78911 -1.02706 0.902003 1.15433
1618 2.78243 2.126 -0.938433 1.53017
1619 2.64144 2.20558 -0.424582 -1.39009
1620 2.02246 -1.82939 0.509215 0.695953
1621 2.10858 -1.15967 1.41325 1.05072
1622 0.809462 -0.384728 0.186961 -0.68721
1623 1.78658 0.454283 -0.554402 -1.6365
1624 1.45079 1.31083 -0.610022 -0.120009
1625 1.69422 0.845137 -0.29961 -1.43748
1626 2.82085 0.45286 2.78253 0.0981848
1627 1.87397 -1.19352 -1.40153 -0.350719
1628 4.35516 3.65054 1.94423 -1.36417
1629 0.387204 0.345966 0.0270299 0.171766
1630 1.70056 1.06598 -1.28695 -0.315179
1631 0.989465 0.113533 0.78866 -0.586657
1632 1.25826 1.17149 0.375854 0.263714
1633 2.93204 -2.72895 -0.917122 0.555504
1634 2.55569 -1.07116 -0.794378 -2.18016
1635 2.25798 0.128147 -1.92423 1.17447
1636 1.41187 0.503701 -0.0689786 1.31716
1637 1.19834 -1.06439 0.0797995 -0.544723
1638 2.52784 1.61113 1.90529 0.405125
1639 2.24714 -0.770342 0.436393 2.06537
1640 2.56759 -0.608269 2.21251 -1.1521
1641 0.529132 0.468663 -0.236333 0.0669475
1642 1.61146 -0.563181 1.13228 0.998784
1643 0.791517 -0.112677 -0.120876 0.774075
1644 2.88465 -1.79239 1.64253 -1.55262
1645 2.04892 -1.91017 -0.391685 -0.62922
1646 4.09117 -2.26817 -0.998801 3.25507
1647 1.23784 -1.23137 0.00460659 -0.126236
1648 1.37141 0.019493 1.30142 -0.432084
1649 2.15227 -0.00509997 -1.69744 -1.32323
1650 4.30994 0.917922 3.09397 -2.85663
1651 3.25274 0.639164 -1.91762 2.54843
1652 1.17015 0.650826 0.931736 -0.278453
1653 4.15128 2.27542 3.23191 -1.26901
1654 5.03685 1.42116 3.6497 3.16699
1655 1.72421 0.8689 -1.07829 -1.02723
1656 1.67774 0.337763 -1.59539 0.394306
1657 3.01337 -0.46107 2.57352 1.49826
1658 1.98508 -0.512083 -0.535882 -1.84151
1659 0.704475 0.511309 -0.0788128 0.478159
1660 0.86765 -0.601343 -0.225753 0.5833
1661 1.4322 1.07533 -0.512977 -0.794806
1662 2.57966 2.43532 0.850696 0.0138867
1663 3.26043 3.16915 -0.250712 0.723891
1664 1.85117 -0.834457 0.984777 1.32693
1665 0.966088 -0.120259 0.0771397 -0.955465
1666 2.63726 -2.56302 -0.537806 -0.311135
1667 1.80612 -1.25765 -0.368899 1.2427
1668 1.80012 -0.60986 1.34089 1.03465
1669 4.54199 4.34692 0.497934 1.21903
1670 1.89254 -0.505869 1.0941 1.45902
1671 2.44684 -0.406246 2.2628 0.837691
1672 2.94606 -1.88216 1.7615 1.42614
1673 1.62177 1.34195 -0.758604 0.503831
1674 1.84745 0.445491 0.623111 -1.68118
1675 2.15666 1.79438 1.18372 0.173787
1676 1.55914 0.380502 1.44929 0.430934
1677 1.44012 -0.904769 0.337939 1.06824
1678 3.00598 0.591289 -2.22834 1.92893
1679 0.764439 -0.321949 0.221006 -0.65717
1680 1.60769 0.843594 -1.36138 -0.140205
1681 1.64079 -0.697735 -1.3602 0.595997
1682 2.17183 0.334898 -0.364008 -2.11475
1683 2.1363 -0.261167 -0.88615 -1.92621
1684 2.50827 -2.28534 -0.97096 -0.3548
1685 1.64455 -0.247591 1.46917 0.696279
1686 2.68279 -2.49914 0.305944 0.926332
1687 3.5295 -0.148238 1.48018 -3.20069
1688 1.56027 -0.648217 0.634277 1.26962
1689 1.45382 -0.613414 -0.962245 -0.900782
1690 2.47283 1.16415 -1.42927 1.64828
1691 1.2978 -0.872406 0.636332 0.719917
1692 2.06238 -1.91363 0.031706 0.768405
1693 3.62358 3.43336 0.473486 1.05744
1694 2.54027 0.126441 -0.200664 -2.52917
1695 3.23335 -0.252422 1.81796 -2.66193
1696 4.16558 0.347518 3.78817 -1.69736
1697 3.11218 2.91275 -1.03717 -0.354746
1698 1.62078 1.61209 -0.131646 -0.103848
1699 3.08316 1.77512 1.6776 -1.88162
1700 1.83282 -0.249392 1.28032 -1.28757
1701 2.00408 -1.34513 -1.45995 -0.274755
1702 1.18291 -0.87294 0.694312 -0.393937
1703 1.0762 -0.735004 0.473428 -0.627572
1704 1.01766 0.656217 -0.594571 0.501499
1705 2.86039 -1.11375 -2.36367 -1.16382
1706 5.36847 -4.16371 -2.87791 -1.78931
1707 2.05211 0.30007 -0.344492 -2.00061
1708 2.59655 0.00037852 2.19646 -1.38479
1709 3.15729 -1.41464 -2.803 0.332365
1710 4.01418 -1.8266 0.941945 -3.44818
1711 4.23278 1.22039 -3.38917 2.22275
1712 1.06656 1.04407 -0.0339668 0.21524
1713 2.27408 -0.268484 -2.19649 0.524191
1714 2.6492 1.81535 -1.16669 1.53675
1715 1.64459 0.0471317 -1.29806 -1.00871
1716 0.788326 0.0402096 0.781909 -0.0919736
1717 4.80604 4.06177 -2.52671 0.464521
1718 4.41797 1.62606 -2.41559 -3.32254
1719 2.29526 -0.426887 -1.86024 -1.27494
1720 2.69637 0.263816 -2.64449 -0.455491
1721 0.681026 0.529944 0.152631 -0.399574
1722 1.66991 1.48417 0.652551 0.400044
1723 2.73735 0.855908 0.8188 -2.46781
1724 2.07901 -1.36908 -1.17885 1.0287
1725 2.61239 0.297567 1.28869 -2.25284
1726 3.77724 -1.42976 -2.41584 -2.52727
1727 1.71364 -1.33695 -0.923241 0.544755
1728 2.08148 -0.632517 0.924843 -1.75418
1729 2.2598 0.179136 1.23438 1.88439
1730 0.441728 -0.0203965 -0.277963 0.342701
1731 1.23636 0.933939 -0.365878 0.72283
1732 2.88103 -0.340518 -2.45283 1.47242
1733 1.90047 -1.10256 0.191656 -1.53604
1734 3.08051 -0.740403 2.9797 0.25049
1735 1.78104 1.16276 -0.501873 1.25228
1736 2.34236 -1.38168 -1.89146 -0.00204803
1737 2.7903 2.38415 1.17116 0.854389
1738 2.70741 -1.94816 -0.66182 -1.75976
1739 1.08771 0.755526 -0.261625 0.737456
1740 2.29459 0.658716 2.19777 0.0319843
1741 1.3339 1.15412 0.300048 0.597711
1742 2.35094 0.586696 -2.06407 -0.960369
1743 2.37834 0.210757 0.577922 -2.29741
1744 2.1899 1.07899 1.87115 0.360893
1745 1.96301 1.79902 0.732384 0.283757
1746 1.81019 -1.25936 -0.33075 1.25755
1747 1.16554 -1.14458 -0.0832001 0.203724
1748 1.57108 0.263238 -0.833905 1.30522
1749 2.91224 -0.299175 1.46051 2.50171
1750 3.81937 2.16452 -1.9589 2.46275
1751 3.63776 0.907931 -2.57217 -2.40684
1752 2.26478 1.30066 0.83604 1.65485
1753 1.33577 -1.06113 -0.0113436 -0.811265
1754 1.03954 0.275629 -0.26964 -0.965381
1755 1.32045 -0.346649 -0.244319 -1.25049
1756 1.59023 0.925011 -0.915886 -0.913425
1757 1.55656 0.0342763 1.4656 0.523176
1758 1.83131 -0.302013 1.45867 -1.06526
1759 2.5341 -1.94344 0.280208 1.60194
1760 2.84833 0.826935 1.57079 2.2275
1761 1.58203 0.105407 1.55482 -0.272502
1762 3.58103 0.4347 -3.17298 1.60219
1763 1.98957 -1.59492 1.15218 -0.295106
1764 1.13412 0.717145 0.810057 -0.340198
1765 2.03747 1.2566 -1.03044 1.229
1766 2.04347 0.26695 0.584989 1.93967
1767 2.21536 0.768489 -1.90727 0.824362
1768 3.13721 2.0948 -1.64485 -1.65782
1769 1.29905 0.24659 0.69475 1.0696
1770 1.7357 1.39821 0.234069 -1.00143
1771 2.31799 2.28402 -0.0655031 -0.389898
1772 1.29538 0.0866207 -1.2329 -0.387897
1773 1.57136 0.329195 -1.29513 0.826712
1774 2.4841 -0.98004 1.09035 2.00535
1775 1.43454 0.00750401 -1.16201 0.841178
1776 1.904 1.48185 -1.17887 -0.199012
1777 1.33579 1.01767 0.199944 -0.841851
1778 2.77031 1.51435 2.19715 -0.744225
1779 4.84334 -2.86453 -3.07186 2.41167
1780 2.07579 1.27227 -0.23139 1.62379
1781 1.10146 0.0410241 -1.03549 -0.3732
1782 3.24587 2.07276 -2.42683 -0.591467
1783 2.56088 -1.01422 -1.09351 -2.08175
1784 2.66578 -1.91156 -1.04003 -1.53969
1785 4.65131 3.5323 -1.69253 2.50857
1786 2.55685 -1.37653 2.08451 0.545382
1787 1.70294 1.16122 -0.331931 1.20059
1788 1.9034 1.5379 -0.968839 -0.564919
1789 2.6667 -0.140546 1.37461 -2.28079
1790 3.78178 -0.525151 -1.75944 3.30612
1791 3.44716 1.99797 2.32975 1.56948
1792 1.81676 -1.13846 0.345228 1.37307
1793 1.13376 0.108492 0.474138 1.02413
1794 2.69541 0.356551 -2.62976 0.471657
1795 3.19464 -2.08509 -2.37597 -0.461336
1796 1.91182 -0.220041 -1.31687 -1.3684
1797 4.17526 -1.51539 -3.51463 -1.66846
1798 3.09834 0.2711 3.06715 -0.344748
1799 2.48061 1.41547 1.56632 -1.30251
1800 0.748633 -0.257403 0.391009 0.584215
1801 1.56723 0.64399 1.42146 0.144642
1802 2.81622 -2.33351 1.42521 0.674245
1803 0.847564 0.710037 -0.0797488 -0.455909
1804 3.03905 -2.51419 -1.6886 0.251616
1805 2.80481 1.42252 -2.41719 -0.0239039
1806 2.25162 -1.08525 -0.799661 -1.80349
1807 3.24694 -1.34644 -2.08427 -2.09417
1808 3.62403 -2.13601 -2.89664 0.424871
1809 3.65676 3.00198 0.256375 -2.07227
1810 2.6606 -0.6841 -0.00970279 2.57112
1811 1.62462 -0.893819 0.105032 1.35257
1812 1.18434 0.923958 0.272776 -0.68888
1813 2.50998 -1.09371 -0.593582 2.17978
1814 3.75691 -2.60244 1.99441 -1.83413
1815 1.61707 0.309648 1.4463 0.653635
1816 2.1284 2.02731 0.647677 0.0243717
1817 4.92798 0.961012 -3.7322 -3.07117
1818 3.67891 3.15559 -0.851525 1.68865
1819 3.51192 2.6674 0.104216 -2.28205
1820 5.3037 3.14424 0.769267 4.20133
1821 2.25809 -1.77395 -0.859449 -1.10156
1822 3.86203 -2.99297 2.2571 -0.928942
1823 1.78404 1.52611 -0.480289 0.789372
1824 5.22423 2.16031 -3.94798 -2.65313
1825 0.798022 -0.702976 0.305275 -0.222423
1826 1.79816 0.174392 0.00146001 1.78969
1827 1.16502 0.08716 0.426629 1.08058
1828 1.90094 1.3428 -1.16868 -0.666813
1829 1.94508 -1.77945 -0.407476 0.671477
1830 1.6132 -1.21418 -1.04929 0.164827
1831 1.32065 0.135349 -0.690023 -1.11788
1832 4.66069 2.01233 -0.706145 -4.14414
1833 2.44987 -0.658939 -0.991234 -2.14129
1834 1.2349 -0.951781 0.450773 0.644895
1835 3.26718 -1.4037 -1.63062 -2.45869
1836 3.01983 -2.83499 -0.465415 -0.930358
1837 2.57042 0.594211 2.48425 -0.287116
1838 1.32538 -0.0847213 -0.683915 1.13212
1839 2.10985 -2.02292 -0.323308 0.504712
1840 3.01703 2.96502 0.394053 -0.394745
1841 2.29653 0.96855 0.861775 1.89561
1842 4.3612 -0.182068 2.69043 3.42761
1843 3.36576 0.201552 2.86131 -1.76086
1844 2.14128 0.688865 -0.168837 -2.02041
1845 1.71697 1.38518 0.476488 0.895664
1846 1.14742 0.857393 0.665724 -0.371837
1847 2.39257 -0.147264 0.977596 2.17877
1848 3.22253 -1.04527 2.57376 1.63337
1849 3.66309 3.29629 0.631876 -1.46744
1850 2.21073 -0.574397 2.05563 -0.575971
1851 1.19643 -0.591598 -0.859122 -0.585983
1852 2.89131 2.79699 -0.173126 0.711713
1853 1.62708 -0.96199 -1.19645 0.538955
1854 1.16726 0.928571 0.25748 -0.658752
1855 1.0989 -0.341529 -0.602896 -0.852912
1856 2.02331 0.713914 -0.693114 1.76174
1857 1.55533 0.0354418 -1.49419 -0.430366
1858 3.3988 -3.15789 -0.5429 -1.1335
1859 1.6852 -0.506017 1.56893 0.349741
1860 1.31121 -0.557086 1.16557 0.224441
1861 3.2655 0.347095 3.20785 0.502722
1862 3.04426 1.01541 2.72891 0.888525
1863 3.49239 2.17338 1.23703 -2.43781
1864 3.70121 1.47419 -3.30527 0.77518
1865 1.8897 0.63276 -1.55429 -0.868767
1866 1.3559 0.652121 -0.068859 1.18679
1867 0.412151 -0.377666 0.164379 -0.0147162
1868 0.898025 -0.80598 0.357056 -0.171339
1869 3.50721 0.501641 2.55697 2.3475
1870 1.80452 -0.059553 -1.7611 -0.388913
1871 0.894773 -0.426392 -0.161373 0.769914
1872 2.65158 -2.48407 -0.61503 -0.694271
1873 2.09806 -0.780053 -0.240132 -1.9328
1874 3.50608 -2.00623 2.64511 -1.12739
1875 2.45146 -2.36813 -0.596855 0.213057
1876 3.31111 0.49429 2.34194 2.28789
1877 1.09864 0.456955 -0.129063 0.990727
1878 0.759964 0.126766 0.749112 0.0175173
1879 1.4155 0.90819 -0.130475 -1.07787
1880 4.13388 3.99823 0.663149 0.814448
1881 3.48135 -3.04287 1.13009 1.25843
1882 3.2888 1.23053 2.85764 -1.06578
1883 1.46005 -0.849792 -0.429752 1.10676
1884 2.14198 -0.615582 0.657043 -1.94356
1885 2.49452 -2.21287 1.08489 -0.385829
1886 2.54867 -0.342105 2.44142 -0.646654
1887 3.90766 -0.358018 2.08097 3.28803
1888 2.36837 -1.90878 -1.27869 0.575028
1889 1.26236 0.624045 -1.03829 -0.355068
1890 2.90637 -0.984882 -0.616706 -2.66396
1891 4.22354 -2.41583 0.379003 3.4436
1892 2.21784 0.362351 0.901093 -1.99387
1893 1.54105 -0.82843 -1.29298 0.129416
1894 4.58353 0.154379 -3.67216 2.73864
1895 1.40134 1.3372 -0.385269 -0.165001
1896 3.05426 -0.312345 0.990801 2.87215
1897 3.78275 -2.91028 2.34782 -0.572006
1898 3.67085 -2.33469 1.16977 -2.57992
1899 1.13982 0.824796 -0.583585 -0.527573
1900 1.11163 0.536746 0.293491 -0.928163
1901 1.27922 1.15653 0.545848 0.0298398
1902 1.58586 -1.06916 0.366836 -1.11233
1903 2.33509 -1.94356 -1.28431 -0.160559
1904 2.31962 1.70967 -1.03054 -1.18138
1905 3.43857 -2.44308 -0.790907 -2.28682
1906 3.16332 1.37976 2.48073 1.396
1907 0.85371 0.0780907 0.345612 0.776708
1908 1.45686 0.887442 -0.374491 -1.093
1909 3.29033 2.44927 0.181155 2.18963
1910 4.13099 -3.42811 -0.0272682 2.30486
1911 2.55434 1.53475 1.58911 1.28215
1912 2.13961 -1.47262 1.29423 -0.856902
1913 2.11555 1.89203 0.252948 -0.91203
1914 3.43036 1.40527 2.60172 1.73887
1915 2.12376 0.465803 -0.771307 1.92314
1916 2.45862 0.384721 2.14491 -1.13849
1917 6.29541 -5.08415 0.279707 -3.70209
1918 1.34905 -0.837477 -0.970745 -0.419786
1919 1.91813 1.41144 1.27203 0.262678
1920 3.21158 2.7693 -1.60388 -0.269857
1921 2.64972 -2.37572 0.0298557 -1.17306
1922 2.17535 1.97424 -0.728688 -0.550943
1923 5.9835 0.671133 2.63421 -5.33036
1924 2.04958 0.399179 -1.75473 0.981005
1925 4.33972 2.88046 2.09559 -2.47884
1926 2.81861 0.173486 -2.73894 0.642377
1927 3.11067 1.04257 -1.66749 2.41015
1928 1.99596 -1.22976 0.0824543 1.56995
1929 3.31529 0.26706 -1.83505 -2.74817
1930 3.77922 -1.24942 2.33056 2.7
1931 1.83702 1.72774 0.398925 -0.480011
1932 3.85703 2.46026 2.688 -1.26429
1933 1.76331 -0.489212 -0.299232 1.66745
1934 2.78571 -0.949828 -1.43713 -2.18921
1935 0.905133 -0.0363776 0.0132686 0.904305
1936 4.49613 -2.8477 -0.33847 -3.46283
1937 2.24771 -2.22077 0.294961 -0.182676
1938 1.11255 0.595283 -0.259738 0.903295
1939 2.9941 -0.541282 -1.12896 2.71977
1940 3.98768 1.96068 3.36025 -0.875258
1941 2.77102 -2.20398 -1.13622 1.23694
1942 1.46202 -0.319626 0.744767 -1.21683
1943 1.43543 0.021405 0.814161 1.18201
1944 1.81414 0.620284 1.70027 0.124182
1945 3.97152 1.24689 -0.355361 3.75392
1946 1.82171 1.18571 -0.0648308 1.38149
1947 2.95597 -0.615849 -0.251771 -2.88012
1948 1.29183 -0.191356 0.998159 -0.797429
1949 0.595969 0.26648 -0.0865674 -0.525998
1950 2.30151 2.18779 0.511302 0.499094
1951 2.29155 -0.0426122 1.81414 -1.39939
1952 2.02108 -1.9756 -0.10862 -0.412251
1953 4.88177 0.984041 0.549891 -4.74984
1954 2.6234 0.104951 -1.44446 -2.18741
1955 3.55598 -0.86101 0.538784 3.40784
1956 2.34185 1.08431 -1.84549 0.950086
1957 1.87015 -1.51942 0.929001 -0.570798
1958 0.708159 -0.191511 -0.647966 0.212022
1959 1.50963 1.02164 0.187662 -1.09546
1960 2.1769 1.47941 1.50738 0.527267
1961 2.14189 -0.153342 -0.676946 2.02631
1962 1.81877 0.780436 1.38289 -0.88682
1963 2.79773 -1.97626 0.706407 -1.85005
1964 1.7133 -0.554107 -1.50671 0.598497
1965 2.19372 0.378351 -1.2424 -1.76797
1966 2.61166 -2.02124 -1.63978 0.215591
1967 2.28617 0.462668 -2.20141 -0.407851
1968 0.93976 -0.221383 0.900149 -0.154502
1969 1.37242 0.575112 -1.18197 0.394611
1970 3.01288 1.18073 2.00625 1.91267
1971 1.68867 -1.24274 -0.885697 -0.723014
1972 4.49437 -1.39761 0.387046 4.25397
1973 1.72944 -0.294098 0.437896 1.64703
1974 1.3998 -0.667208 -1.22575 0.108701
1975 2.29309 -1.2588 -1.30782 -1.40117
1976 1.90386 -1.03301 0.407427 -1.54647
1977 1.45972 0.464156 -0.599639 -1.24731
1978 1.82417 -1.02039 -1.44186 0.455448
1979 3.65924 0.914039 -0.408437 3.51962
1980 1.40497 -0.985927 0.637493 -0.771678
1981 3.57296 -0.77144 -0.138802 3.48592
1982 1.86162 -1.31021 -0.914546 0.955295
1983 2.69013 -2.47009 0.752847 0.754125
1984 3.21435 -1.93118 -1.85655 -1.77647
1985 1.98416 0.250994 -0.773916 1.80968
1986 2.71176 0.0337157 -2.58719 -0.811739
1987 4.66989 1.96264 -2.49373 -3.42597
1988 2.61626 -0.592414 2.07726 1.47608
1989 2.6695 -0.0386581 2.45227 1.05409
1990 1.89888 -0.414099 -1.40206 -1.21182
1991 2.45617 1.6576 1.0861 1.45104
1992 2.82068 1.37297 -2.46046 -0.131453
1993 2.55505 -2.44706 -0.220446 0.701103
1994 2.38031 -0.343091 -1.02955 2.11854
1995 2.47827 2.01006 0.208303 1.4346
1996 4.97672 -1.91463 2.8597 3.59502
1997 2.0151 0.330075 -1.97201 -0.250755
1998 1.22979 0.988584 0.461621 -0.567449
1999 4.05189 -4.0412 0.201547 0.214198
