n=2000
0 2.28202 0.435836 0.495057 -2.18462
1 2.81619 -1.67178 -1.59747 1.60753
2 1.18665 -0.594922 0.624993 -0.814608
3 1.52887 0.790787 0.845432 0.998671
4 2.84349 -2.33173 1.49524 0.642424
5 2.59548 -2.0207 1.5961 -0.325239
6 2.3671 1.05669 1.47217 -1.52291
7 0.933914 0.864136 -0.347817 -0.0669912
8 0.562581 -0.0271502 0.518368 -0.216922
9 1.20417 0.363868 -1.12786 -0.213437
10 0.967485 -0.866469 -0.329233 0.277243
11 2.95181 -0.372112 -1.13572 2.69905
12 1.71211 1.04868 -1.35336 -0.0014145
13 1.72233 0.0119285 0.69884 1.57413
14 2.70973 1.4738 -0.600832 2.19307
15 0.593982 0.235461 0.446025 -0.313743
16 3.98426 -2.94907 0.972659 2.49624
17 2.94402 -0.275404 2.43693 -1.62874
18 0.442434 0.0547158 0.428888 -0.0938587
19 1.57189 1.12412 -0.429202 -1.01142
20 1.89388 1.68527 0.728683 0.464385
21 1.41133 0.453011 -1.33596 -0.0428576
22 1.43699 0.62761 1.05771 -0.743168
23 1.72089 0.857374 0.598926 -1.36663
24 3.86751 -1.75142 -3.16477 -1.36905
25 1.77468 -0.436088 -0.306672 1.69271
26 1.76737 1.01101 -1.30237 -0.636611
27 1.8601 0.0547714 1.85636 -0.104481
28 3.33521 -0.170498 1.7268 -2.84829
29 1.22984 -0.665402 -1.01139 -0.216402
30 2.22967 -0.328668 -0.167495 -2.19895
31 0.892204 -0.0329263 0.885516 -0.103949
32 4.22327 2.58704 -0.508916 -3.29913
33 1.22873 -1.16161 -0.104888 0.386592
34 1.86321 0.00259569 -1.76486 -0.597358
35 2.68773 -0.872115 -2.3708 -0.91793
36 1.39802 -0.579342 -0.287304 1.23947
37 1.0655 0.190848 -0.0729576 -1.04573
38 3.13666 -1.93833 -1.18043 -2.16521
39 2.5824 1.20699 -1.93846 1.20596
40 2.75922 -2.2658 0.734038 -1.39307
41 4.3588 4.21323 0.773778 -0.805623
42 1.78202 -1.41824 0.7787 -0.746874
43 1.94137 0.291816 1.67944 0.929108
44 4.65776 -0.909373 -3.29743 -3.16144
45 1.6336 1.03991 1.16073 -0.489845
46 2.76061 -2.03557 -0.186218 1.85546
47 1.14258 0.500525 0.0951799 -1.0227
48 1.02084 -0.968352 -0.0231762 0.322297
49 2.01768 -1.50311 -1.16764 -0.669546
50 1.72469 -1.05631 0.615944 -1.2163
51 1.87388 -0.576875 -0.566684 -1.69041
52 2.34609 2.32423 0.15346 0.280221
53 3.4812 -1.40765 -3.05811 0.886133
54 2.0704 1.4446 0.859929 -1.2084
55 1.68485 0.966209 0.783145 1.1366
56 1.28161 -1.27848 0.0895203 -0.00301859
57 1.27826 -0.0844723 -1.2467 0.269344
58 1.53159 -1.37423 0.223202 0.63832
59 1.60041 1.39271 0.692011 0.377855
60 3.07507 0.056745 -2.63721 -1.58051
61 3.08191 2.2026 2.12915 -0.336872
62 2.28374 1.83403 -1.23223 0.577438
63 0.987006 0.4844 -0.700658 -0.498613
64 1.49502 -0.422832 -1.40425 0.290485
65 2.17023 0.272746 2.00903 0.774152
66 1.14115 -0.275289 0.689694 -0.866471
67 5.60489 -1.09546 4.93367 -2.42355
68 2.03222 -1.80519 -0.881887 0.30579
69 3.68798 -3.33432 -0.641348 -1.43949
70 5.5236 -3.26727 -4.31863 -1.08835
71 1.4867 0.149593 1.16164 0.915693
72 3.42837 -1.47008 2.45499 1.88827
73 3.13722 -0.236639 -2.87108 1.24218
74 2.43409 -2.14686 1.05443 -0.451624
75 1.00344 -0.157894 -0.88162 -0.452449
76 2.7615 -0.655724 -0.842531 2.54677
77 2.62591 -2.28475 0.893972 -0.936031
78 1.8774 -0.865574 -0.858202 -1.4279
79 1.85441 -0.666596 -1.5738 -0.719466
80 1.72053 -0.120359 -1.5095 -0.816774
81 1.06572 -0.406792 -0.791711 -0.58606
82 0.852042 -0.72331 -0.448877 -0.0361552
83 1.17129 0.507126 0.476495 -0.942171
84 2.11277 -0.354072 2.06389 -0.280733
85 1.24825 -0.49583 -0.561265 -0.998632
86 1.9246 -1.81523 0.629134 0.114934
87 1.6209 0.266857 1.07981 1.17903
88 3.21443 -1.43573 -0.497208 2.83267
89 2.91807 2.28915 -1.64003 0.764988
90 1.03298 -0.247918 0.505288 0.866181
91 1.59627 1.34911 0.501533 -0.690249
92 1.76726 0.764941 -1.51295 0.499082
93 2.40991 1.04305 2.06188 -0.684368
94 0.972381 0.355313 0.389734 0.816937
95 2.87129 -1.33099 -1.23914 -2.222
96 2.33556 0.318423 1.8819 1.34607
97 2.29663 0.282985 0.956197 2.06884
98 1.51703 1.46673 0.296343 -0.249519
99 2.19411 1.68319 -0.103184 1.4037
100 3.07884 2.87172 0.437516 -1.02031
101 3.74395 -3.20683 -1.75022 0.818594
102 4.27903 -0.0405431 3.47346 -2.49871
103 4.13265 0.267764 -1.17797 -3.95215
104 1.99812 0.798998 1.35378 -1.23344
105 3.48856 -1.22174 -3.24228 -0.406222
106 2.91854 1.09528 2.61339 -0.698857
107 0.639146 -0.475449 -0.269885 0.331086
108 3.26665 -2.08628 -2.36009 -0.865089
109 1.73512 0.919494 1.23702 -0.796828
110 2.88017 2.8721 -0.0630256 -0.205963
111 1.51268 -1.27193 -0.807977 0.132487
112 3.47948 -2.6681 -1.58816 1.57027
113 2.97256 -0.681842 1.15509 2.65273
114 2.82807 1.05109 2.48265 -0.854177
115 3.37434 2.99842 1.45146 -0.537514
116 3.05097 -1.09476 -0.803687 -2.73204
117 3.56548 1.38424 -0.0778513 3.28489
118 1.228 -0.766758 -0.842443 -0.458642
119 3.01851 1.85303 -1.84795 -1.50425
120 2.17565 -1.1078 -1.67568 0.83564
121 3.09529 0.590883 2.56145 1.63421
122 0.870596 -0.702624 0.158198 -0.489112
123 0.794019 -0.680649 -0.188992 0.362582
124 1.62181 0.705792 0.86648 -1.17531
125 2.73043 -1.0415 -0.310195 -2.50485
126 1.93118 -1.25371 -0.40407 -1.41223
127 0.390809 0.23749 -0.0386666 0.307953
128 2.23632 0.0995207 -0.889092 -2.04957
129 4.41386 1.79257 0.622929 3.98508
130 2.46148 -1.85479 -0.510672 -1.53553
131 3.15725 1.08603 -2.78877 1.00574
132 2.53506 -1.37993 -0.520169 -2.06198
133 2.72993 -2.30414 -1.40796 0.401373
134 2.12144 1.22542 1.72463 -0.156585
135 0.793831 -0.205375 -0.545259 0.539149
136 2.05912 0.452766 -0.209327 1.99779
137 1.9632 1.34875 -0.182836 -1.41478
138 4.75534 2.40262 1.54496 -3.80181
139 3.26134 -1.5284 2.06922 -2.00467
140 2.87152 0.178884 -2.8016 -0.603852
141 3.32628 2.63172 1.31422 -1.55274
142 1.77449 0.562499 0.572346 1.58266
143 2.78357 1.49644 -0.642638 -2.25742
144 0.270806 0.213637 0.0241883 0.164652
145 2.26464 1.90698 -0.207508 -1.20374
146 2.78017 2.30367 0.029114 1.55616
147 4.00005 -2.64729 2.67354 -1.3581
148 1.46581 -0.00223801 -1.45873 -0.143852
149 0.511719 0.50873 -0.0342062 -0.0433559
150 1.95399 1.94026 0.213272 -0.0894113
151 3.93302 1.12259 -0.875141 3.66641
152 2.0873 0.966348 0.237227 -1.83486
153 3.10446 -2.5714 -0.479688 -1.67196
154 2.07813 1.05115 -0.69246 -1.65354
155 1.91033 1.48938 -1.02611 -0.614991
156 1.84545 1.40371 1.11484 0.438651
157 4.27133 3.05471 -1.09516 -2.77734
158 1.83716 -1.77163 0.408735 -0.26349
159 0.917914 -0.0820984 -0.727275 0.553982
160 3.8062 -0.944124 -3.51373 1.11781
161 3.96305 3.32734 -1.28545 -1.72691
162 2.84985 -0.873671 -1.45655 -2.28841
163 0.29342 0.0772075 0.00526749 0.283031
164 2.43919 -1.85406 -1.33337 0.856874
165 2.723 -0.189662 -1.21412 -2.42995
166 1.90878 1.79008 0.567452 0.342131
167 1.54658 -0.314403 1.33915 0.706922
168 1.03602 0.201942 -0.937632 0.391661
169 0.658216 0.410066 -0.485994 0.170009
170 0.811615 0.355964 0.494812 0.535881
171 2.17746 -0.704174 0.537399 -1.98914
172 2.71208 1.6924 2.00746 -0.679189
173 0.946242 0.79112 -0.462215 -0.236347
174 2.10756 0.0678666 -2.09618 0.207951
175 3.2541 -2.57347 1.87494 -0.671586
176 1.54989 1.38834 0.189838 0.662277
177 2.22693 -2.0559 -0.558328 0.648664
178 1.01219 -0.40032 0.219879 -0.903288
179 2.23171 1.72374 -0.916567 1.08128
180 4.73981 1.25925 -3.30082 3.15985
181 0.977625 0.640984 -0.452027 -0.583578
182 1.97707 1.19102 1.53797 0.353408
183 0.954955 0.408624 -0.701648 0.502648
184 1.74966 -0.506651 0.339758 -1.63987
185 3.52365 -0.906588 -2.22536 2.57721
186 2.06007 1.47401 -0.64517 -1.28646
187 0.960739 0.944939 -0.155685 0.0766283
188 2.08039 0.80298 -0.446396 1.86654
189 2.23395 1.76091 0.660543 1.20557
190 2.36974 0.394701 -0.556012 2.26952
191 2.38843 1.16836 -1.67634 -1.2367
192 3.3269 2.15369 1.53976 -2.0147
193 1.28415 -0.301043 -0.836404 -0.926738
194 2.38566 -1.57545 0.00444884 -1.79146
195 1.10185 0.457008 -1.00247 -0.0162091
196 2.75706 1.69564 0.873914 -1.99059
197 3.01311 1.452 -2.02376 -1.69557
198 3.63299 2.79477 0.754375 2.19518
199 0.810916 -0.301837 0.263821 -0.704896
200 1.39991 -0.0129902 -1.05233 -0.92314
201 1.27732 -0.767159 -0.942521 -0.39327
202 3.62503 0.332995 -0.236756 3.60194
203 1.07246 -0.689021 -0.768643 0.290879
204 2.00137 -0.258524 1.26946 1.52549
205 1.55335 -0.579884 -0.015778 -1.44096
206 0.835368 -0.250594 0.0203143 0.796636
207 3.08051 2.60514 0.185346 -1.63355
208 3.53074 -2.1513 1.78234 2.159
209 3.70458 -2.09709 -2.90872 0.930333
210 1.37458 0.339009 -0.529939 1.22217
211 1.05486 -0.880454 0.340259 -0.470901
212 2.50112 -1.02381 -0.0143239 -2.28193
213 2.15497 0.455973 -1.95584 -0.781468
214 1.38054 0.331908 0.678624 -1.15551
215 1.1441 0.528342 0.532229 -0.864034
216 1.88957 -0.625391 -1.56739 -0.850084
217 2.29199 1.29844 -1.70919 -0.803711
218 2.90024 1.23913 1.35436 -2.24537
219 2.22462 -1.18817 0.430824 -1.83073
220 1.26495 -0.480472 0.10233 -1.16567
221 1.94957 0.300557 -1.86922 -0.465316
222 0.686452 -0.238136 -0.2345 0.599598
223 0.646431 -0.467104 0.367425 -0.254333
224 1.14397 0.410689 -1.04834 -0.202452
225 2.27763 2.19304 -0.575633 0.216465
226 1.22449 0.473834 0.725115 0.865479
227 1.00841 0.342614 -0.144364 0.937371
228 3.56128 2.18961 0.52293 2.7595
229 2.03815 1.0789 -1.38252 1.03859
230 0.949533 -0.0146449 0.420612 -0.851166
231 1.82385 -0.261283 1.63918 -0.755807
232 2.22627 -1.37334 1.37312 -1.08846
233 1.2536 1.01735 0.0130613 0.732353
234 0.726686 0.0699936 0.564104 0.452726
235 3.19127 -2.75038 -1.42978 -0.758531
236 1.89403 -0.360829 1.11082 1.49105
237 1.40928 -1.2918 -0.115623 0.551318
238 1.35188 -1.14711 0.156259 0.698075
239 1.48128 -0.552585 -1.37406 -0.0283902
240 1.56335 0.517593 -0.923097 -1.15068
241 1.88544 -0.57257 -1.38696 1.14166
242 1.79394 -1.53109 -0.595898 -0.720332
243 1.28525 -1.03541 0.350356 0.676048
244 0.582992 0.398282 0.118814 0.408821
245 2.41809 -0.953302 2.14509 0.580463
246 1.72579 -0.508757 -0.523446 -1.56382
247 2.00476 -1.04503 -1.67327 0.356574
248 3.98301 2.77667 -2.75266 0.759808
249 1.78955 1.65967 0.604257 0.287879
250 2.47112 -0.98849 -1.78016 1.40013
251 1.63535 -0.272704 0.166182 -1.60387
252 3.4552 2.23207 0.118501 -2.63481
253 1.8023 -1.6279 -0.715186 0.294483
254 1.28037 -0.779755 -0.317705 0.964575
255 1.11545 0.454264 0.971499 0.306686
256 1.25885 -0.841376 -0.439633 0.826744
257 1.98243 0.105375 0.877349 -1.7746
258 2.4137 -1.30474 1.99293 0.389616
259 2.35551 1.32074 -1.72215 0.915581
260 1.27718 0.315914 0.347602 -1.18767
261 2.53773 2.15973 0.0272181 -1.33225
262 0.542788 0.191581 -0.443748 -0.246988
263 1.6192 0.627657 -1.383 0.56142
264 1.66253 1.29592 -0.418569 0.953628
265 1.1397 -0.359693 -0.487804 0.965188
266 3.43747 2.90653 1.35684 1.23581
267 2.44322 -1.22849 0.551645 2.03859
268 1.2865 0.032914 1.28522 -0.0470433
269 4.26826 -2.72767 -2.23218 2.40732
270 3.19257 2.30494 -1.56953 -1.55445
271 2.88963 0.669513 0.981587 -2.63404
272 2.71392 0.617694 0.158057 -2.63796
273 3.4264 2.95557 1.73263 0.0530572
274 2.83876 0.769847 1.04223 -2.5258
275 1.4763 -0.530297 -0.826237 -1.10254
276 4.57433 -2.67847 0.150462 3.70508
277 1.7293 1.70148 0.242244 0.19174
278 1.43513 -0.932164 0.365117 1.02828
279 1.08471 0.589757 -0.632327 -0.654945
280 1.82304 1.56989 0.633718 -0.676253
281 2.83558 0.470727 2.3193 -1.56198
282 3.44917 1.32461 -3.18465 -0.01406
283 1.62531 -0.740071 -1.17698 -0.841803
284 1.18828 0.99625 0.0773615 -0.643054
285 2.31738 1.52995 -1.70705 0.339806
286 1.15042 0.319715 1.09307 -0.162661
287 1.94893 1.74698 -0.485105 0.714871
288 2.06296 0.884284 -0.720401 1.71898
289 1.0574 -0.380256 -0.952163 -0.258624
290 2.84966 1.50944 2.32041 -0.676655
291 1.62499 -0.411291 0.925084 1.27108
292 0.709851 0.677619 -0.0575632 0.203488
293 3.18981 -1.027 -2.8871 0.885908
294 1.34262 -0.0695835 -0.944486 -0.951704
295 1.53874 1.29572 0.824947 0.0909426
296 1.58478 -1.06991 0.60156 -1.00246
297 2.88172 -1.00608 -0.216089 2.69174
298 2.09434 1.77575 -0.60497 0.931107
299 3.18397 -1.01704 -0.0393126 3.01691
300 3.39053 1.50797 -1.20104 -2.78912
301 1.04368 0.589053 -0.242811 0.826637
302 3.15148 -1.4636 0.529838 2.74025
303 1.93834 0.700161 0.803395 -1.6191
304 2.08462 -1.35153 1.58401 0.0996047
305 1.66955 -1.34285 0.920773 -0.369234
306 0.952396 0.0132039 -0.880798 -0.362048
307 0.481864 0.00115725 0.452307 0.166163
308 1.36209 -0.677836 -1.0703 0.500295
309 3.89623 2.61017 1.78701 2.27469
310 3.03096 -1.09471 2.61061 1.08307
311 1.80354 0.605676 1.44169 -0.898578
312 2.83417 2.73594 -0.260221 0.692436
313 0.895329 -0.363068 0.552784 0.603511
314 3.07341 -1.71672 -2.17583 -1.32833
315 2.10232 1.88283 -0.657906 -0.664718
316 4.08329 -1.04388 1.81221 -3.50706
317 2.29744 0.953687 -0.263736 -2.07344
318 2.33816 0.307768 0.220699 2.30728
319 1.64995 -0.950747 1.13637 0.725995
320 3.47942 -3.07276 -0.191419 1.62108
321 2.65168 -1.22591 -2.32588 -0.344726
322 2.75944 -0.69154 -0.775015 2.55648
323 1.54992 -0.836713 -0.946771 0.897663
324 2.17121 -1.83936 0.448913 -1.06273
325 2.36422 2.0469 1.17529 0.135867
326 1.93486 -0.720202 -1.72312 -0.505827
327 0.919362 0.884287 -0.217146 0.126925
328 2.39603 0.236001 -1.47475 -1.8736
329 2.61272 -2.45017 0.219351 -0.880269
330 0.935716 0.280564 0.859303 -0.241757
331 1.91771 1.02341 1.62153 -0.029792
332 1.24844 -1.18414 -0.0313085 0.394252
333 1.69589 -0.341967 -1.47349 0.766754
334 2.84922 -1.06187 2.33738 -1.23577
335 0.999385 0.00760965 -0.976516 0.212437
336 1.20239 0.534112 0.648266 -0.860357
337 1.16443 0.856174 0.258899 0.745547
338 2.14636 1.02988 -1.81421 -0.504838
339 1.47402 0.65376 1.31828 0.0863486
340 2.87126 2.60526 -0.880098 -0.825943
341 1.21753 0.443364 0.499912 -1.01779
342 2.68533 -0.977615 2.25286 1.08624
343 3.00542 -1.07716 -2.68719 -0.806999
344 1.18023 0.443625 0.497145 -0.974156
345 1.36482 -1.26326 -0.326907 0.400073
346 1.51385 0.932033 -0.181493 1.17903
347 2.49751 -1.91817 1.59891 0.0404607
348 1.6284 -0.000777479 1.2885 0.995713
349 1.95381 0.839902 -1.23412 1.2605
350 3.53059 0.938401 1.48473 -3.06269
351 2.91864 1.13427 -1.19564 2.4088
352 0.295502 -0.0969805 -0.0296978 0.27755
353 2.13475 1.19112 -1.60026 0.759988
354 3.50682 -2.92641 1.76462 -0.787417
355 3.00611 -1.77474 -2.17773 -1.06979
356 2.04954 -0.0301797 -1.0657 1.75043
357 2.55421 -0.760306 2.43554 0.118591
358 1.08766 0.636316 -0.869712 0.147356
359 3.36985 -0.784359 -1.46653 2.93087
360 0.434094 -0.174158 0.278453 0.283849
361 0.729288 0.499718 -0.510292 0.14746
362 2.90693 1.2359 -1.69088 -2.01586
363 1.47137 -0.725167 1.18334 0.488644
364 2.26329 -1.85049 -1.27616 0.263803
365 3.95214 2.26562 3.06717 1.03867
366 1.56974 0.758016 -1.23776 -0.597847
367 3.64555 0.342428 -3.50023 -0.959759
368 3.40248 0.258402 -1.75804 -2.90162
369 1.36573 0.60596 -1.00224 0.70254
370 4.68915 2.1229 -2.58886 -3.28317
371 1.75424 -0.225674 -0.00476985 1.73965
372 3.8651 0.22345 -0.306618 -3.84643
373 1.44141 1.40621 -0.11141 -0.296349
374 1.40386 1.05299 -0.864959 -0.337443
375 2.20571 -0.370719 0.137096 2.17001
376 3.36053 -0.637754 1.8777 -2.71306
377 1.30035 0.670746 -0.806507 0.768478
378 2.55752 -0.0309846 -2.49359 0.567419
379 2.80885 0.816587 2.67143 -0.293702
380 1.5801 -0.241369 -0.880604 1.28957
381 1.61309 1.10551 0.939547 -0.705085
382 2.61707 -1.70734 0.13064 -1.97914
383 1.88112 0.213927 1.83049 -0.377034
384 1.18956 -0.731105 0.0575217 -0.936606
385 0.512224 -0.028274 -0.507452 0.0637698
386 0.968363 0.606936 0.725217 0.208364
387 2.62631 -1.62807 1.94148 -0.691037
388 0.343278 0.0771066 -0.318596 0.101936
389 2.87904 -1.56565 1.18189 2.1073
390 1.83397 0.00905083 0.856067 1.62188
391 2.06987 -0.088194 1.47985 1.44452
392 1.42574 -1.19511 -0.608795 -0.483546
393 0.730406 0.0359719 -0.674781 -0.277255
394 0.791309 0.649049 0.0527085 0.449585
395 3.22849 -2.64817 -0.715709 -1.70238
396 3.7296 -2.41634 2.83054 -0.243341
397 0.836164 0.0661639 -0.824407 0.123065
398 2.11653 1.21185 -0.62487 1.61884
399 2.91128 -1.17346 -2.66206 0.109344
400 3.01036 -0.816741 1.16539 -2.65274
401 2.77001 -1.81003 1.48735 1.47802
402 4.17712 3.49346 -1.60355 1.63485
403 1.82262 -1.09114 0.288848 -1.43106
404 0.824271 0.32642 0.186349 -0.733585
405 2.29247 -0.133242 -2.18765 -0.672176
406 2.19557 1.09008 1.0386 1.59798
407 1.0006 -0.241413 -0.961361 -0.136802
408 3.25194 -2.68636 1.27295 -1.3184
409 3.23058 1.20639 2.93165 0.621871
410 2.56093 -1.30412 -1.24134 1.82118
411 3.13439 -2.18434 -1.73948 -1.42383
412 2.22893 -1.89965 0.873345 -0.77246
413 2.35987 1.8086 -0.480696 1.43768
414 2.62121 -2.35662 -0.760756 0.859273
415 2.37787 1.21262 -1.79178 0.986584
416 0.553667 -0.0739754 0.431711 0.338675
417 1.90721 0.155628 0.459163 1.84456
418 2.5215 -1.10386 -0.0687421 2.26599
419 1.15211 0.943643 0.0436942 -0.659543
420 1.89284 -0.0199269 -0.774972 1.72681
421 1.85221 -1.72452 0.155705 -0.657625
422 1.31557 -0.145144 1.27841 -0.27444
423 1.1856 -0.710352 -0.889394 -0.331719
424 1.87541 -0.625428 0.221736 -1.7541
425 2.10115 1.37615 1.53604 -0.401988
426 2.34206 0.21668 -0.94402 2.1324
427 2.99164 -1.71429 2.03599 -1.36596
428 1.40703 -0.672931 -0.258542 -1.20833
429 2.3095 -2.18082 -0.216798 -0.728557
430 0.788275 0.719936 0.213528 0.239741
431 0.757837 -0.273687 0.312266 -0.633957
432 3.24943 0.523342 1.80664 2.64971
433 2.50669 1.26388 1.90384 1.03028
434 4.61447 -0.0942825 0.968978 -4.5106
435 1.80248 -0.912486 -1.532 0.263221
436 2.16933 -1.39812 0.825371 1.43875
437 3.05263 1.6726 0.632563 2.47402
438 0.742854 0.168902 0.0458297 -0.721944
439 2.20992 0.559749 -1.22791 1.75004
440 1.68816 -0.00787968 -0.935026 1.40554
441 2.94057 0.112078 1.80014 -2.32247
442 0.942177 -0.0148057 -0.0266535 0.941684
443 1.79824 -0.744941 -1.6349 -0.0764755
444 4.15714 2.58855 0.39031 3.22937
445 1.604 0.132425 -1.32912 0.888106
446 2.94781 2.51196 -0.811601 1.31184
447 2.03127 -0.442669 -0.848423 -1.79173
448 2.17113 2.04673 0.724275 0.0118802
449 2.06648 -0.265375 0.36258 -2.01704
450 1.84146 -0.230915 -0.885061 -1.59823
451 1.72123 -0.0777545 1.03121 -1.37594
452 2.08201 -1.23402 1.33548 -1.01414
453 1.83897 0.896764 1.16731 -1.10229
454 2.60879 2.42158 -0.0281789 -0.970009
455 3.87378 -1.9578 1.79836 2.81764
456 1.87817 0.416303 1.17596 1.40404
457 1.86159 -0.303804 1.0846 -1.48217
458 2.82705 1.43243 1.10526 2.17227
459 1.45865 -0.763489 -0.468718 -1.1511
460 3.24121 1.47167 -2.41769 -1.57936
461 1.73732 -0.998146 -1.27681 0.625897
462 0.705917 -0.591293 -0.0318984 -0.384284
463 2.89534 -0.411374 -2.33759 -1.65815
464 2.39285 1.32425 1.38399 -1.43411
465 3.0298 -0.226396 -2.95127 0.646873
466 1.93155 -0.268927 -0.932254 -1.67018
467 3.64261 3.50275 0.75051 0.660382
468 1.54064 0.80613 0.247765 -1.28932
469 1.52728 0.236054 1.4973 0.186998
470 0.983056 -0.800281 -0.563044 -0.0945009
471 1.70153 1.64225 0.421195 -0.144308
472 1.81309 -1.37415 -0.0338061 1.18231
473 2.86061 2.33841 -1.64727 0.0383525
474 2.69006 0.197029 -2.60929 0.62388
475 1.12742 -0.453197 -0.836745 -0.604611
476 0.537261 0.322454 0.317112 -0.290021
477 1.53373 0.948278 -1.20471 0.0421388
478 1.93206 -1.19662 0.300919 1.48674
479 0.627309 -0.555104 0.253047 -0.14609
480 2.69275 0.77494 -2.3413 -1.08105
481 2.06607 1.51717 0.739503 -1.19163
482 1.59469 0.537947 1.32545 0.704872
483 0.786188 0.602209 0.217656 0.456137
484 0.987643 -0.50371 0.61215 -0.589056
485 2.96743 -2.10054 2.09083 0.147687
486 2.71712 -1.80678 -0.122714 -2.02564
487 2.98212 -0.660822 2.71093 -1.05224
488 1.94071 -0.491832 1.67789 -0.842101
489 0.695754 0.040692 0.216466 -0.659969
490 1.40971 0.344122 -0.821463 1.09273
491 1.5789 -1.24741 0.967213 -0.0374159
492 2.27581 -1.58952 1.58288 0.383724
493 1.22902 0.75286 -0.303502 0.922812
494 2.69527 -0.259817 0.0383487 -2.68244
495 0.742271 0.275137 0.0386028 0.688313
496 3.64078 -3.30696 1.51756 -0.127829
497 1.67418 1.21714 0.0333633 -1.14906
498 2.18699 -1.13852 1.60067 0.961521
499 4.96618 -4.32688 1.93551 1.4815
500 1.73143 1.65993 -0.378643 -0.314862
501 3.11418 -0.841122 2.77317 1.14024
502 1.45655 -0.222854 -1.08412 -0.946864
503 4.64592 3.50342 -2.55631 -1.6661
504 3.12143 -2.76679 -0.263528 1.42084
505 2.13947 -1.8392 1.06596 0.241676
506 2.1548 -2.13333 -0.0581433 -0.297824
507 2.50776 1.36739 -1.76524 -1.14149
508 2.31295 -1.66069 -0.671735 -1.46309
509 1.2744 0.229747 -0.22047 1.23398
510 2.60928 2.57025 0.297606 -0.337041
511 0.987925 -0.756245 0.44537 0.453578
512 2.36782 -1.35122 1.92107 0.300389
513 2.40636 2.32157 -0.29521 -0.560099
514 3.43826 0.543824 0.598214 -3.34186
515 1.45836 1.31737 0.434973 0.449628
516 3.44215 -2.20828 -1.05969 2.41846
517 1.94091 -1.54552 0.300422 1.13501
518 0.892416 -0.535273 -0.1624 -0.695353
519 1.44218 0.860989 1.13849 0.205971
520 1.79048 -1.30774 -1.10861 0.51636
521 3.40849 -0.464224 2.49128 -2.27943
522 1.46879 -0.462717 0.451923 -1.31871
523 1.52593 0.903774 -1.2106 -0.214722
524 2.82807 -2.54044 -0.543131 1.11765
525 1.8317 -1.70335 -0.591494 -0.322253
526 0.641332 -0.302142 -0.490648 -0.281571
527 2.06922 -1.60304 0.873499 0.974129
528 1.07724 -0.3357 -1.01567 0.127199
529 3.34443 0.282602 -3.31827 -0.307289
530 0.932094 0.688293 0.58913 -0.219036
531 3.64384 -2.60956 2.39165 0.864737
532 1.03825 -0.818475 -0.589354 -0.246417
533 3.92535 -0.226419 0.799705 3.83635
534 1.6472 -1.2908 -0.522075 0.880079
535 2.68052 -0.610464 2.52076 0.676997
536 2.24075 -0.0679126 -2.23107 0.196664
537 1.76005 -0.219152 -1.54356 -0.816806
538 2.28476 -1.94628 1.02493 0.617772
539 1.76445 -1.5911 -0.664391 -0.374512
540 3.40993 -0.649105 1.60008 -2.94041
541 3.47638 -0.425304 -3.13523 1.44037
542 0.502538 0.103476 -0.423429 -0.25009
543 1.01783 -0.339956 0.573956 -0.768755
544 1.23636 1.01915 -0.691585 0.107874
545 0.486415 -0.0135916 -0.157156 0.460127
546 3.07131 1.01436 -2.89895 -0.0105642
547 1.79961 0.417919 -0.317893 -1.72131
548 4.48324 2.68649 3.39259 1.17156
549 2.796 -0.586065 2.51147 -1.08012
550 1.39856 0.732407 -0.300535 1.15292
551 2.27328 -2.02921 1.01223 0.159788
552 3.85523 0.39485 -2.0939 -3.21286
553 2.45482 1.89728 0.494486 1.47715
554 3.03803 -1.36421 1.99728 1.83831
555 1.02362 0.156542 0.903351 0.455256
556 1.82185 -0.255154 1.79024 -0.221486
557 1.41887 -1.16669 -0.582142 0.559589
558 2.65675 2.52224 -0.0189323 0.834405
559 2.4964 -0.255722 -2.32495 0.872488
560 2.2707 1.05051 1.83694 0.823491
561 2.56152 2.21037 -1.28851 0.124029
562 1.99498 1.26189 1.53506 0.176457
563 3.12349 2.61283 -1.1098 1.30294
564 2.83512 -1.44919 2.26207 0.905968
565 0.617144 -0.126302 -0.50765 0.327422
566 0.627291 -0.564736 -0.0168444 -0.27255
567 2.32485 -1.03011 -1.52752 -1.41792
568 1.97384 1.77396 0.800272 -0.329694
569 3.87701 -1.55536 -0.456306 3.52191
570 1.94881 -0.628894 -1.0072 -1.54529
571 3.33921 -0.486268 -2.92482 1.53598
572 2.64148 2.26472 -0.611281 1.21442
573 1.33797 -1.30437 0.109504 0.277111
574 3.0599 2.73517 1.36805 0.101478
575 1.43616 -0.715125 1.24227 -0.0889396
576 2.85251 0.362353 0.717582 -2.73689
577 1.5694 0.487523 -1.09903 -1.00869
578 2.37347 -0.750966 0.982641 -2.02579
579 1.03029 0.43777 0.910868 0.20043
580 2.40048 -2.19397 -0.601374 0.766244
581 2.63672 0.201405 -2.57324 -0.538672
582 1.72323 -1.44311 0.684657 0.646679
583 1.82437 1.28946 0.318236 -1.25074
584 0.755902 0.636544 0.180217 -0.365679
585 1.58109 0.110155 0.936341 -1.26924
586 2.415 -0.837209 -2.10225 -0.843717
587 4.25311 -0.583545 4.13501 -0.806333
588 3.18504 0.902664 -1.27764 -2.7744
589 1.96299 -1.27094 0.305557 -1.46446
590 0.745585 0.174517 -0.644234 0.33227
591 4.87239 -0.157964 4.02451 -2.742
592 2.84232 -1.6827 1.2023 1.94982
593 1.78489 0.587316 1.54326 0.677697
594 2.70905 -1.88021 0.688663 -1.82469
595 1.46634 0.15593 1.12919 -0.922366
596 2.15748 0.0130672 1.10494 1.85302
597 1.88515 -1.48996 -1.15265 0.0721495
598 3.75054 0.523635 2.40281 2.83176
599 2.46708 -0.0935738 1.48892 1.96491
600 1.56546 -1.40435 0.236212 -0.650126
601 1.55154 0.0582699 -0.173067 1.54075
602 2.56947 -2.47547 -0.205326 -0.657323
603 1.39647 -1.2497 -0.529839 -0.328116
604 0.559499 0.0631355 -0.482863 -0.275493
605 2.0654 1.76609 0.69057 -0.818477
606 2.86443 0.449859 2.3571 1.56419
607 2.41476 1.71526 0.205975 -1.68716
608 2.40275 -1.51508 -1.77264 -0.579199
609 3.2192 2.71669 -1.6537 0.498088
610 0.654698 -0.100075 -0.0908462 0.640595
611 1.6683 -0.695704 -1.02044 -1.12157
612 2.1455 0.41819 0.986174 1.85897
613 2.19035 -1.57169 -1.49445 -0.30668
614 1.13078 0.285518 -1.09402 -0.0163313
615 3.4241 0.824936 -3.32181 -0.0975008
616 2.69708 -0.0916213 2.67034 -0.367557
617 1.48887 -0.961248 0.0511882 -1.13584
618 1.31945 -0.328293 1.25441 0.244184
619 1.57677 0.379324 -1.5283 -0.0812632
620 4.26322 -2.97855 0.855291 2.92776
621 3.1198 -1.36185 2.70466 -0.750534
622 2.80301 1.23289 -0.0674577 -2.5164
623 2.27924 0.594464 -0.275789 2.183
624 1.6648 -0.654189 0.143173 -1.52417
625 2.52781 -1.43765 0.012119 2.07914
626 2.19869 0.26893 1.73817 -1.31936
627 2.3266 -1.66833 0.676031 1.47402
628 2.92316 -1.15267 2.23647 -1.48808
629 3.16945 -3.11214 0.0302943 -0.599253
630 2.80552 -0.505961 1.82414 -2.07061
631 2.02978 0.252348 -1.97564 0.391373
632 2.938 2.69103 -1.17791 0.052078
633 1.97492 -0.117929 1.73467 -0.936667
634 1.25929 -1.15264 -0.500223 -0.0836653
635 1.71775 -0.182415 0.465734 -1.64332
636 0.729739 -0.0250419 0.196688 0.702286
637 1.75615 1.73817 0.249598 0.0225764
638 1.77357 0.426651 1.71886 -0.0950871
639 1.39532 -0.316137 -0.627371 -1.20557
640 1.31026 0.844736 0.14239 0.991426
641 1.64597 1.17559 0.987372 0.593549
642 2.53952 -1.56146 -1.65431 -1.12883
643 2.01197 -1.85722 -0.36363 -0.683019
644 3.91351 -0.662743 -3.83006 -0.454936
645 3.54185 -1.26515 2.5566 2.0995
646 1.30992 0.299869 1.07057 0.69271
647 1.21879 -0.0374734 -0.643282 1.03453
648 3.76316 -2.80668 -2.27149 1.0603
649 2.37155 -0.165199 -1.36425 -1.93282
650 1.27146 1.20186 0.317889 0.266619
651 2.52588 -0.928009 -0.304427 -2.32942
652 0.990437 -0.506291 -0.642017 0.558972
653 1.25621 -0.0654306 -0.486664 1.15626
654 0.996354 0.505327 0.236586 0.825466
655 4.4106 -3.39538 2.81506 -0.0143566
656 2.45542 -0.879736 -1.08036 2.02187
657 3.61719 -0.82321 3.44258 0.744982
658 3.13771 1.49229 -2.31167 -1.50813
659 2.88332 1.48094 2.34579 -0.785873
660 1.34554 0.211611 -1.28032 0.355628
661 4.51304 -2.77949 0.566624 3.51011
662 1.32076 -0.0743259 -0.362157 1.26796
663 0.941254 0.781238 -0.397819 0.342589
664 1.40597 0.633757 0.908532 0.865837
665 0.984818 0.513712 0.289628 -0.788722
666 2.16195 0.879404 1.41664 1.37616
667 0.962846 0.721885 -0.365521 -0.52187
668 2.54707 -2.16941 0.623201 1.18018
669 1.93809 0.694359 1.55464 -0.925827
670 0.962075 0.169003 0.242116 -0.915645
671 1.4571 1.39969 0.254344 -0.315107
672 2.78413 -1.06647 -1.10012 2.3246
673 2.73916 -0.869876 -2.4428 0.882632
674 1.27207 -0.904108 -0.862574 -0.238144
675 2.45705 -1.59162 -0.530906 1.79499
676 1.87456 -0.315368 -0.438649 -1.79502
677 5.19329 0.0931868 -4.64697 2.31673
678 2.16121 -0.820247 1.86152 0.729923
679 2.47246 -0.430153 -0.435904 2.39542
680 1.01386 0.740703 -0.555062 0.413748
681 1.44412 0.776138 -0.773476 0.940646
682 2.5559 1.10738 1.89384 1.31137
683 3.22222 -2.51584 1.99072 -0.300543
684 1.80157 1.79038 0.164207 -0.114999
685 2.12803 -0.71206 0.917523 -1.78315
686 2.58356 -0.103139 -1.93148 -1.71276
687 4.03024 2.18714 3.2417 -0.975007
688 1.56396 1.3426 -0.576526 0.557671
689 1.16411 0.946379 -0.672449 -0.0856099
690 2.04613 -1.84682 -0.794395 0.38055
691 2.38764 1.03577 1.03805 -1.88426
692 1.07254 -0.305549 -0.13863 -1.01871
693 1.68381 0.935069 1.39916 -0.0569427
694 2.09354 -0.321571 -1.18212 -1.69767
695 2.34697 -1.63909 1.46597 -0.820121
696 3.07015 0.740869 2.25066 1.95229
697 2.97028 0.678364 -1.60404 -2.40612
698 1.87836 1.73995 -0.671232 0.224191
699 1.85655 -1.62279 0.0935207 -0.896993
700 3.1784 0.629601 -2.75944 1.44613
701 1.68866 1.09107 -0.988884 -0.826577
702 0.533031 0.181766 0.284862 0.412233
703 2.36574 -0.724143 -0.10273 2.24984
704 3.0226 -1.22169 2.73585 -0.398397
705 4.6389 0.829229 4.04779 -2.10883
706 3.61961 1.46043 3.24162 0.678696
707 0.952088 0.265057 -0.129002 0.905303
708 2.05062 1.9029 -0.452169 -0.616066
709 2.28839 -1.08721 -1.21908 -1.60267
710 1.58324 0.408592 1.31172 0.786828
711 0.400668 0.292337 -0.0778573 -0.262701
712 2.45881 -0.651436 0.722215 2.25828
713 1.6506 -1.124 -1.18375 0.24461
714 1.68616 -0.24273 -1.53295 0.658997
715 1.97598 1.385 0.744018 -1.19696
716 1.6452 0.921325 1.2518 -0.539303
717 1.74334 -0.845032 -1.51539 -0.169541
718 2.00295 0.533388 1.49126 1.22615
719 1.84707 0.543873 1.60385 0.737245
720 2.77299 1.35285 -0.200753 2.41225
721 1.81868 -0.968633 0.617117 1.41014
722 3.10118 1.83206 -0.173882 -2.49613
723 2.45624 -1.7364 -1.73579 0.0709558
724 1.32262 0.822536 -0.713577 0.750711
725 1.80209 -0.435135 -1.57638 0.757124
726 1.90445 0.0566003 -1.5803 1.0613
727 1.149 0.0477741 -1.09747 -0.336855
728 1.42488 0.218806 -0.624901 1.2617
729 2.54449 -1.05072e-06 -2.48348 -0.553879
730 1.39774 0.585517 -1.1277 -0.582358
731 1.6309 0.178462 -0.407817 -1.56898
732 0.584704 -0.340921 0.428338 -0.205372
733 1.05873 -0.602675 -0.829173 -0.264883
734 1.50971 -1.05587 -0.69868 0.822328
735 1.89183 -1.08472 0.92751 1.24182
736 6.82607 1.96935 3.71468 5.37756
737 1.21482 -0.313573 -0.305571 1.13318
738 1.20669 0.402742 -1.1156 -0.222116
739 2.40602 -0.748507 -2.0812 -0.947261
740 1.5414 0.301297 -0.111479 -1.50755
741 2.13763 0.567651 0.297551 2.03928
742 1.79122 -0.198892 -1.36061 -1.1479
743 1.67812 -1.55754 -0.496307 -0.379231
744 3.72062 -1.11408 1.32129 3.29485
745 2.54387 1.51796 -2.0413 0.0133909
746 0.497819 -0.448402 -0.171057 0.132287
747 0.430499 0.325827 0.2197 0.175778
748 2.30366 -1.69583 1.15083 1.05196
749 0.30712 -0.00204096 -0.205181 0.228515
750 1.94228 -0.0767996 1.22467 1.50556
751 3.04297 2.31788 -1.76945 -0.869559
752 1.47589 1.42054 0.395547 -0.06224
753 2.33728 1.41692 -0.879256 -1.63772
754 2.48527 0.770971 0.110906 -2.36006
755 1.91455 -0.4378 -1.47227 -1.14292
756 1.88066 0.282784 0.910709 1.62096
757 1.5401 1.21446 -0.946878 0.0202467
758 1.16794 0.590543 -0.995839 -0.153774
759 1.99345 -0.873975 -1.35011 -1.17779
760 2.40709 -1.47974 1.06394 1.57242
761 2.04096 0.417431 1.88037 0.674894
762 0.982908 -0.0109247 0.778134 -0.600414
763 1.91899 0.302226 -1.24183 1.43144
764 1.4391 1.15347 -0.754184 -0.414387
765 2.84722 -2.70182 0.757015 -0.483522
766 1.3488 1.22502 0.269231 -0.496087
767 1.12729 -0.48032 0.0249043 -1.01954
768 1.67293 1.22623 -0.0492097 1.13694
769 1.53673 1.1924 0.71341 -0.656336
770 0.966081 -0.332908 -0.377112 0.824785
771 2.01294 0.126536 -0.209437 -1.99801
772 0.8645 0.84284 -0.177101 -0.0749468
773 2.2712 -1.69452 0.23388 1.49408
774 2.1916 1.88145 -1.11245 -0.160303
775 0.225816 0.0496404 0.0155918 -0.21974
776 0.891306 -0.275447 -0.769924 0.354644
777 2.6781 0.290446 -0.0912606 2.66073
778 1.05915 -0.895594 -0.397927 0.401707
779 3.34213 2.92292 0.809372 1.40403
780 1.5601 0.0677698 -1.49277 -0.448261
781 1.88396 1.69091 -0.212528 -0.803105
782 1.36384 -0.157961 -1.14294 -0.727182
783 2.16973 -0.797655 -0.870727 1.82025
784 1.90914 -1.47298 1.21317 -0.0580508
785 2.86691 -1.92127 -1.36017 1.63641
786 2.65748 2.07645 -1.37543 -0.926688
787 2.30979 -0.319429 -2.17935 -0.695366
788 2.05352 1.23858 1.23421 1.07684
789 2.50591 -0.303387 0.75039 -2.37159
790 2.05111 0.280504 -1.72918 -1.06691
791 2.14093 -1.72348 1.14931 0.540627
792 2.89573 -2.0629 1.97645 -0.472574
793 0.822607 -0.102438 -0.50476 0.64141
794 2.86519 0.941037 1.54094 -2.22469
795 2.14076 1.99431 -0.739981 -0.240826
796 2.31529 -0.474612 -2.15064 -0.714173
797 1.63598 -1.1958 0.737902 -0.837841
798 2.32946 1.23424 1.74331 -0.929463
799 4.19287 2.42466 0.642333 -3.35985
800 2.12768 -0.218927 1.98507 0.733886
801 2.01387 -0.389153 -1.4758 -1.31387
802 1.24394 -0.786376 0.448658 -0.853052
803 2.15494 0.95328 -1.17229 -1.53647
804 1.76438 0.310931 -0.539676 1.65079
805 1.88943 -1.6013 -0.89301 0.456441
806 2.23077 1.03599 -1.28197 1.50319
807 2.00029 -1.63002 -0.931483 -0.690322
808 3.04033 -1.81909 -2.08621 -1.25787
809 1.65456 0.828748 1.20374 -0.775725
810 1.49327 0.15742 -1.21504 0.853667
811 1.49558 -0.650689 0.915203 0.987806
812 2.34078 -1.12744 -0.347922 2.02166
813 2.96414 0.628536 -2.42134 -1.59004
814 1.47535 1.03094 -0.107797 1.04986
815 3.16394 -2.28224 -1.19056 1.83969
816 1.26845 0.92836 -0.861774 -0.0667759
817 0.606316 -0.241313 -0.0384545 0.554895
818 1.41205 -0.610043 -1.23416 0.313975
819 1.54319 0.919885 0.753432 0.983654
820 2.97591 1.39808 -0.575841 -2.56316
821 2.48146 1.83088 -0.839284 -1.44953
822 0.999481 -0.707156 -0.705614 0.031651
823 1.17574 0.924598 0.46186 -0.560515
824 2.35712 -1.20061 -1.75757 -1.01266
825 2.86064 -1.46464 1.01773 -2.23658
826 1.18594 0.966756 0.422973 0.541221
827 1.40175 0.576458 -0.391034 -1.21643
828 2.5214 -1.54768 1.7846 0.881675
829 2.2994 -0.433243 -0.944321 -2.0513
830 2.06524 -0.687111 1.63352 -1.06052
831 2.36721 1.22043 0.154203 2.02248
832 2.82383 1.66742 -1.84532 1.33736
833 3.01703 -0.686516 -2.11195 -2.04226
834 2.50659 -0.34379 2.28772 -0.96496
835 2.15896 1.09767 -1.80882 0.429401
836 1.44835 -1.23657 -0.250893 0.711104
837 0.987565 -0.926111 -0.214153 -0.267844
838 1.25961 0.593016 0.839703 -0.7279
839 3.12524 0.454221 2.68297 1.53704
840 1.79288 0.93702 -0.71157 -1.35281
841 2.686 -2.37564 0.464536 -1.1641
842 1.81427 0.740693 -0.850812 1.42095
843 0.82758 0.317054 -0.705729 0.293789
844 4.04128 -2.39893 -1.08299 3.06664
845 2.49322 -1.42624 -2.04367 -0.0735576
846 2.11887 -1.13135 1.60414 0.797749
847 1.92599 1.07507 1.56524 0.321976
848 1.02008 0.493124 0.180307 0.874578
849 1.36044 -0.00302517 -0.277385 -1.33186
850 0.851936 0.321942 -0.315512 -0.722911
851 1.50664 0.798872 1.16772 -0.517875
852 1.43098 0.100203 -0.76514 1.20508
853 2.61428 1.90987 -1.70935 -0.514766
854 3.04225 2.22113 1.99834 0.573135
855 2.11538 1.5051 -0.11273 -1.48216
856 1.23671 0.281751 0.0320095 -1.20376
857 2.78198 -2.49643 0.620024 -1.05963
858 1.36463 -0.7424 1.0949 -0.335042
859 2.03388 0.391135 1.98874 -0.169112
860 1.03594 0.541469 -0.883107 0.0102268
861 0.972023 -0.128008 -0.65615 -0.705628
862 1.12521 -0.18381 1.02202 0.433359
863 1.9009 0.598981 1.38981 1.15024
864 1.88818 -0.159112 1.794 0.567001
865 3.1825 0.57442 2.23217 2.19449
866 0.970215 -0.88261 -0.158763 -0.370284
867 1.32551 -1.06365 -0.574599 -0.543563
868 2.46281 1.83512 -0.84676 1.4074
869 1.73437 1.26301 1.00859 -0.628967
870 1.33866 -0.711008 0.583364 -0.97271
871 1.35784 -1.07074 -0.596127 0.584705
872 1.39188 -0.836994 1.11101 0.0493401
873 1.38203 -0.671513 0.781918 0.920702
874 0.704992 0.499075 0.284707 0.40851
875 2.78071 1.78237 0.883219 -1.94305
876 0.424197 0.189322 -0.287866 0.247453
877 2.38948 2.33474 0.445537 -0.245222
878 1.18377 -1.17846 0.0892004 -0.0678699
879 1.09142 -0.836566 0.461216 0.52785
880 5.25196 -5.12077 -0.723646 0.914999
881 1.981 -0.220337 -1.36428 -1.41935
882 3.57604 2.73979 -1.77343 -1.46169
883 2.22775 0.076407 1.48384 -1.65989
884 2.54228 1.14999 2.06879 -0.927788
885 1.78073 -1.36299 -1.13662 0.146066
886 3.49309 -2.54745 2.3787 0.232209
887 2.63702 0.801006 2.16041 -1.28255
888 3.05838 -0.409561 1.58886 -2.58098
889 1.03503 -0.0112712 0.106541 1.02947
890 3.08728 -1.15194 2.18887 -1.84749
891 2.76615 -2.07294 -1.1388 1.43446
892 1.44816 -1.40316 0.271724 -0.233385
893 1.42782 1.42736 -0.0122674 -0.0342904
894 2.12576 -0.283711 -2.00621 -0.643019
895 2.04364 -0.0727753 -2.0388 0.120347
896 2.73986 0.156583 1.77178 2.08402
897 2.2992 -0.279594 0.866905 -2.11108
898 2.2029 0.323519 -1.89352 -1.07829
899 2.95091 -2.90055 -0.457688 -0.291828
900 2.3257 -1.17127 0.334691 -1.98116
901 2.3731 -1.91095 1.05922 -0.92624
902 1.37082 -0.387809 1.05171 -0.789078
903 2.34913 1.1855 -1.69061 1.12021
904 1.61598 0.315564 0.682021 1.43061
905 3.44784 -2.53379 2.30287 -0.405247
906 2.23605 0.491678 1.61521 -1.46604
907 1.97848 -1.50098 -1.09949 -0.672729
908 3.73848 -2.16318 -1.02982 -2.8699
909 1.07256 -0.61751 -0.488359 -0.728401
910 0.952778 0.606069 0.618034 0.398121
911 3.19666 -0.694018 2.73774 -1.49725
912 2.79744 -1.56916 1.64359 1.63157
913 2.20964 1.89967 -0.881503 0.704791
914 1.90449 -0.91459 -1.59838 0.485583
915 2.62181 2.3256 -0.244182 1.18568
916 1.28466 1.04722 -0.669376 0.325008
917 1.24168 0.144754 -0.438477 -1.15263
918 1.8063 1.23555 0.759802 -1.07649
919 0.844123 -0.743261 -0.294573 0.2708
920 3.70321 0.856597 -1.97675 3.01205
921 3.36195 -1.70349 2.55953 -1.36001
922 2.14651 -0.879537 1.95712 -0.060015
923 2.28944 -0.135937 -0.316403 2.26339
924 1.40671 0.991549 -0.93108 -0.358817
925 4.67883 3.1669 0.0454549 3.44385
926 3.34257 1.16671 2.13509 -2.29193
927 1.57309 1.40047 -0.576992 0.424723
928 1.79916 -1.11509 -1.01789 -0.978486
929 1.58317 0.63159 0.996287 1.0559
930 3.06398 0.155967 -2.92897 0.885891
931 1.59977 -0.452824 -1.38099 0.668638
932 2.02643 0.495989 0.626386 1.86228
933 2.11428 0.993215 1.85481 -0.208275
934 2.06373 0.320158 -0.231545 -2.02556
935 0.353658 0.285533 -0.0465518 0.203416
936 2.76568 -0.471018 -2.44106 1.21175
937 3.01998 -0.59881 -1.01228 2.78155
938 1.32168 -0.66036 -0.074668 -1.14245
939 1.53058 -0.00468558 0.721959 1.3496
940 2.23337 0.738587 0.696158 -1.98942
941 1.68916 -0.861116 -0.681926 1.28324
942 4.48055 -1.25826 4.15489 -1.10862
943 3.18658 3.16471 -0.0414216 -0.370406
944 2.14148 -1.86076 0.9897 -0.379503
945 2.76041 0.0943739 -2.19333 -1.6734
946 2.14076 -0.783512 0.469488 1.93611
947 0.66185 0.237047 -0.417412 -0.455654
948 0.798961 -0.149726 -0.565028 0.544669
949 1.14772 0.537964 0.330304 0.958523
950 1.60518 0.865195 0.756438 1.12064
951 2.29937 -0.895057 1.83616 1.05568
952 2.40441 -1.1596 0.807441 1.94539
953 2.01973 0.0164418 0.873638 1.82093
954 3.44582 -3.08746 -1.44279 0.509563
955 2.48262 1.50849 1.53398 1.23886
956 3.67029 -0.526024 -0.725316 3.55925
957 1.56398 1.54335 0.229279 0.107437
958 1.55727 -0.305718 1.2188 -0.919874
959 2.01348 -1.29359 -0.720574 1.36436
960 1.12155 -0.366132 -0.748641 -0.750576
961 4.02412 1.44278 -3.67791 -0.764786
962 3.3625 -2.32791 -0.0961426 -2.42446
963 1.78606 -0.513823 -0.199403 -1.69889
964 2.92617 1.04946 -1.87766 -1.98381
965 3.46489 3.03886 0.855211 1.42808
966 1.22461 -0.130722 1.14297 0.419767
967 1.21845 0.987693 -0.300329 -0.647216
968 4.39801 3.70967 2.1663 -0.942326
969 1.05531 1.02129 -0.00685539 0.265705
970 1.18232 0.714572 0.854329 0.39671
971 1.28124 0.178284 -0.282783 1.23686
972 1.27867 0.431112 0.905 0.793803
973 2.5161 1.82308 1.69299 0.375389
974 1.93418 0.536058 0.460528 -1.80044
975 2.81792 1.92115 -2.0431 0.274957
976 0.771837 0.49957 0.55729 -0.188655
977 2.30583 1.57849 -1.06346 1.30164
978 0.786935 0.721298 -0.241912 0.201184
979 2.88086 2.43005 0.939068 -1.22978
980 1.39482 0.11063 -1.13404 0.804519
981 2.32456 0.104805 0.169299 -2.31602
982 2.57078 -0.18576 1.62828 1.98069
983 1.51258 0.824127 -0.92459 0.868239
984 1.77496 1.0675 0.883703 -1.10905
985 2.53508 -2.0815 -1.44705 0.00341494
986 1.49538 1.45268 0.158867 0.317257
987 1.88608 -1.87389 -0.189583 0.0994872
988 3.43506 -1.57915 -0.410901 3.02276
989 1.81267 -1.56552 0.392776 0.825017
990 1.69004 -0.765024 0.886073 -1.21896
991 1.37576 -0.415696 -1.08114 -0.742322
992 1.53951 -1.30231 -0.693138 -0.440046
993 3.92107 -0.221411 -3.00916 2.50414
994 1.79787 1.12544 -0.795286 -1.15466
995 3.24076 1.95486 -1.44801 2.1411
996 2.50634 -0.654919 0.071159 2.41821
997 1.97451 -1.46185 1.30142 -0.260721
998 2.82021 -1.77878 -1.19855 1.83113
999 3.4653 2.84275 -1.55546 -1.22786
1000 3.46228 -0.240024 3.16741 1.37741
1001 1.46878 1.19451 -0.850486 0.0844618
1002 2.8248 -2.57571 0.143833 -1.15089
1003 4.51356 3.48246 -2.5833 1.25349
1004 2.20792 -1.89559 -0.175927 1.11835
1005 3.25875 2.31043 2.29811 -0.00806383
1006 1.74091 -1.12101 0.0120257 1.3319
1007 1.0607 -0.222929 1.03473 0.0687081
1008 2.87647 -1.40529 2.46719 -0.460729
1009 2.32599 2.30913 -0.154107 -0.23329
1010 2.00843 1.72071 -0.870431 -0.561544
1011 0.359269 0.298786 0.143879 -0.138202
1012 1.30348 0.233883 -1.10088 0.657584
1013 3.26708 1.10462 -1.18674 2.83641
1014 2.51675 2.1981 -0.27619 -1.1942
1015 0.836209 -0.532582 -0.437925 0.4731
1016 3.7706 0.021284 -2.81635 2.50702
1017 4.01886 3.68692 0.996054 1.2513
1018 3.52747 -1.92904 -2.9056 0.528509
1019 2.2806 -1.71768 -0.584116 1.38185
1020 2.61328 -0.808539 0.97682 2.28502
1021 1.42674 0.942236 -0.911758 -0.56255
1022 1.52706 0.752428 -0.905674 -0.972371
1023 1.30675 -1.08913 -0.459815 -0.556728
1024 1.99423 0.597975 1.0004 -1.61821
1025 2.32414 -1.6639 0.887736 1.35831
1026 3.02435 -2.66534 -0.785745 -1.19383
1027 0.8051 -0.0995829 0.462052 -0.65175
1028 3.3846 1.42638 -1.20541 -2.82276
1029 3.00789 2.10378 2.13545 0.247739
1030 2.8287 -2.77016 0.244165 -0.517785
1031 2.37452 -1.87022 -1.46243 -0.0441698
1032 0.824568 -0.00934208 0.821821 0.0666038
1033 2.60469 -1.61413 -1.93041 -0.672687
1034 1.47413 0.628018 -0.805638 -1.06283
1035 2.18225 -1.981 0.000528709 -0.915363
1036 0.766528 0.569441 -0.303922 -0.41344
1037 3.61396 -1.1398 -3.16298 1.32556
1038 2.15457 1.86203 0.596081 -0.905379
1039 1.81306 -0.973014 -0.594853 1.40946
1040 1.8764 1.20363 1.33526 -0.53779
1041 3.69528 0.401215 -2.20502 -2.93802
1042 1.92931 -0.092741 1.31762 -1.40624
1043 0.801914 0.228399 -0.712616 0.288232
1044 1.23656 0.627935 0.672709 -0.825984
1045 1.35563 -0.334949 1.21029 0.510639
1046 3.83444 -0.664893 -3.15713 2.07205
1047 1.10149 -0.653528 0.88473 -0.0585288
1048 1.93005 -1.59016 0.956769 0.530153
1049 1.16909 0.502739 0.960481 -0.437609
1050 2.21083 1.66165 -1.1037 0.953153
1051 3.18839 2.62224 0.625516 -1.70249
1052 1.03546 -0.522337 -0.888194 -0.102227
1053 2.54499 1.99202 -1.40171 -0.737588
1054 2.14722 -0.769169 -1.58979 -1.22127
1055 0.594096 0.529309 0.213477 -0.164953
1056 0.978938 -0.158466 0.911932 -0.318728
1057 3.74039 -1.50796 2.01232 -2.76895
1058 0.603768 0.0904825 -0.441283 0.402018
1059 1.62255 0.0493775 -1.02974 1.25295
1060 1.22442 1.17943 -0.296246 -0.142805
1061 2.88596 -0.919833 2.41525 1.28422
1062 1.4536 0.151799 -0.51536 -1.35067
1063 5.87541 5.01251 -1.55209 -2.64316
1064 1.62976 -0.563901 1.51714 0.19085
1065 2.11921 1.80288 -0.017037 -1.11373
1066 1.52249 1.05335 -0.311185 1.05432
1067 2.50113 0.848587 -0.785285 2.21785
1068 2.15066 0.245599 1.85397 1.06198
1069 1.97184 1.59839 -0.93231 -0.68125
1070 2.26914 0.40789 0.0372147 2.23186
1071 1.39328 -0.972646 0.92731 -0.367794
1072 1.89435 0.184241 -0.394832 -1.84356
1073 1.54408 0.158728 -0.748355 -1.34125
1074 2.27178 -1.87402 -0.693109 -1.08102
1075 1.09192 0.882874 -0.638979 0.0672465
1076 1.85003 0.755075 0.484631 -1.6179
1077 0.445278 -0.306391 -0.318805 -0.052537
1078 2.96391 -2.36692 1.60615 -0.776337
1079 1.82257 -0.653399 0.622071 1.58362
1080 2.13384 1.45028 -0.241486 1.5465
1081 2.78108 -1.84666 0.537051 2.00894
1082 1.3149 0.83326 0.935564 -0.399196
1083 2.80276 0.00409271 -2.14417 1.80499
1084 2.96435 2.68547 0.522225 -1.14145
1085 0.571272 0.0458971 0.50182 0.269113
1086 1.57644 -0.897038 -1.23891 -0.381541
1087 1.8375 -0.217578 1.37309 1.20153
1088 3.75393 2.35121 2.8269 0.75658
1089 1.33598 1.15897 0.474889 0.464901
1090 1.79426 1.75063 0.112967 -0.376713
1091 2.91829 0.96016 -2.09369 1.79191
1092 2.02144 -1.16132 -0.863674 -1.41125
1093 2.09935 -0.255408 -1.40201 -1.54156
1094 3.56934 2.22378 -2.24967 1.65347
1095 2.44154 -1.47012 -1.40851 -1.34758
1096 1.15024 0.677504 0.602097 0.708181
1097 1.45798 -0.492157 -0.611185 1.22879
1098 2.77658 -0.891045 1.78313 1.93284
1099 1.29035 -0.88144 -0.245546 -0.909822
1100 1.58454 -0.434388 1.08209 1.07292
1101 2.21094 1.70884 0.992369 0.99162
1102 1.85618 0.531426 -0.995128 1.47401
1103 1.22296 0.153115 -1.08596 0.54118
1104 3.15927 -1.49151 -1.72335 -2.18779
1105 2.60694 1.18526 -1.57562 -1.7055
1106 1.80217 0.136792 -1.05122 1.45741
1107 2.03609 -1.31166 1.55728 -0.010361
1108 3.063 2.20108 -1.89334 -0.975958
1109 3.34305 -3.15009 0.280014 -1.08374
1110 2.01851 -0.727402 1.87675 0.151912
1111 1.76452 1.64795 -0.557781 -0.294417
1112 2.06194 0.221854 -0.000716928 2.04997
1113 2.28161 0.995596 -2.05283 0.0205756
1114 3.06784 -0.469903 -0.55164 -2.98103
1115 1.66081 0.00630798 0.861038 -1.42017
1116 3.34019 2.80822 -0.428257 -1.75709
1117 2.29116 -0.0430984 1.05538 2.03316
1118 2.86346 0.816473 -2.51812 -1.09171
1119 1.16489 1.14705 -0.184537 -0.0847555
1120 2.28059 1.67205 -1.32619 0.804087
1121 3.62514 2.12366 -2.8933 -0.510381
1122 2.53601 0.0855958 -1.9923 -1.56676
1123 2.07644 -1.09637 -1.65697 0.60335
1124 1.73147 0.891754 0.553196 -1.37723
1125 2.62883 2.25664 1.28024 0.423446
1126 1.34104 0.27102 1.08366 -0.742035
1127 2.5448 1.57931 0.088028 -1.9935
1128 3.5222 0.461124 3.40458 -0.77593
1129 1.35637 1.01443 0.784018 0.442702
1130 0.258979 0.116913 0.10918 0.20367
1131 1.77731 0.790191 -0.501955 -1.51078
1132 1.74446 1.20038 1.12589 -0.578447
1133 0.979943 -0.536632 -0.0883653 -0.815173
1134 0.357579 -0.136602 0.0996783 0.315067
1135 1.28188 0.495602 -0.44658 1.09461
1136 1.46677 -0.512911 0.00292799 -1.37416
1137 1.56486 -0.43547 0.921372 -1.18753
1138 3.61241 2.4229 0.566012 -2.61892
1139 1.83809 -1.54972 -0.649618 -0.744938
1140 1.24895 0.139896 -0.973964 -0.76922
1141 1.80099 0.256947 -1.78021 0.0916215
1142 2.0632 0.58908 -1.9018 0.541224
1143 1.50119 -0.299567 -1.05851 1.02147
1144 2.02521 -1.91648 -0.0400303 -0.65344
1145 1.95474 0.807844 1.57688 -0.825736
1146 2.17114 1.09395 1.61235 0.957839
1147 2.77379 -2.54177 0.74877 0.820135
1148 1.36044 -0.263208 -0.695881 1.13897
1149 1.77483 1.22523 0.824512 -0.984388
1150 1.76264 -1.60099 -0.591863 0.439805
1151 2.91282 -1.51069 -2.48577 0.152664
1152 2.60396 -0.690916 0.926442 2.33344
1153 1.70298 -0.455803 1.06755 -1.24608
1154 2.0532 -1.69124 -0.985175 -0.620306
1155 2.58779 -1.92256 -0.729164 1.57121
1156 1.84198 1.37884 0.814418 0.910172
1157 1.73811 1.42801 -0.466991 -0.873911
1158 2.03976 -1.25094 1.60752 -0.108034
1159 2.10465 -0.884383 -1.8994 -0.199282
1160 3.55792 -1.8047 -0.310762 3.05046
1161 0.872881 -0.766876 -0.155103 -0.386995
1162 1.56963 -0.363435 0.692142 1.3611
1163 2.76596 -0.463681 -1.40556 -2.33665
1164 2.76496 2.51382 0.690064 0.921684
1165 3.85104 -3.06528 0.666717 2.23384
1166 1.49163 1.4272 -0.297864 0.315168
1167 2.41535 -0.389853 -2.37761 -0.169975
1168 3.39542 2.32153 2.07155 -1.35944
1169 2.11865 1.21296 0.248989 1.71913
1170 0.983605 -0.574175 0.739666 0.301159
1171 2.79449 1.09441 -2.31995 -1.10871
1172 1.65176 -0.73052 -0.444366 -1.41321
1173 2.22241 0.374943 -1.82611 1.2099
1174 1.41235 0.800778 -1.05315 0.494317
1175 3.52615 2.2181 -0.902661 -2.58823
1176 1.03143 -0.195378 -0.939029 0.379337
1177 2.7028 -2.34587 -1.21887 -0.562467
1178 1.6463 -0.0406032 0.0237994 -1.64563
1179 1.86823 -1.8451 -0.124573 0.265242
1180 1.79109 1.39424 0.971329 -0.566226
1181 0.98488 -0.767198 -0.463547 0.408069
1182 2.35286 -1.94023 1.0258 0.848061
1183 2.9208 0.510642 -2.55142 -1.32687
1184 2.2488 2.08122 0.799854 0.293065
1185 1.70536 0.131241 1.69399 -0.14641
1186 0.971723 -0.523347 0.769766 -0.27895
1187 1.58528 -1.52611 -0.407539 0.134237
1188 3.61979 -3.58082 0.0199095 0.529343
1189 2.37982 0.838364 2.22375 -0.125012
1190 0.840969 -0.577679 0.566773 0.228657
1191 3.13405 1.66954 2.02202 1.7165
1192 2.40766 -2.2186 0.832885 0.425389
1193 1.37397 0.359498 1.30189 0.252254
1194 5.39647 0.557334 -5.24779 1.12779
1195 3.55856 -0.847517 1.30754 3.19928
1196 2.86424 0.632528 0.0681721 2.79269
1197 1.70688 -0.916034 1.07197 -0.961868
1198 2.00351 -0.275524 -0.760942 1.83278
1199 2.14143 0.265461 0.967234 1.89201
1200 1.11984 0.813748 0.746458 0.186177
1201 2.44833 -0.610342 2.02787 1.22862
1202 1.39801 0.627202 0.537251 1.12801
1203 1.79116 -0.609038 1.55533 0.646747
1204 1.44314 0.502849 1.19415 -0.635453
1205 1.37886 0.354196 1.33209 0.0362682
1206 1.40392 -0.740782 0.429793 -1.11243
1207 2.47174 -0.9891 1.06997 1.99658
1208 2.42499 -0.670486 -0.721225 -2.21605
1209 2.04426 0.418608 1.83837 -0.790024
1210 3.42823 -2.2225 -1.37281 -2.22006
1211 1.14795 0.0156193 -0.236537 1.1232
1212 0.838959 0.0938228 -0.435895 0.710665
1213 0.525382 0.13036 0.468837 0.198049
1214 1.60293 1.20787 0.485273 0.93538
1215 0.497195 0.0467403 0.362373 -0.3372
1216 3.12021 -0.125948 3.11181 0.191083
1217 2.12123 -0.215322 -1.56248 1.41842
1218 1.22843 -0.0620361 0.421391 1.15223
1219 1.32257 -0.446642 1.2353 0.154044
1220 2.16265 0.770289 -1.18686 1.63557
1221 0.934028 0.749887 -0.518315 0.203534
1222 1.35073 0.514657 -0.0458522 -1.248
1223 1.52225 1.48656 0.0641206 -0.321381
1224 1.64796 -1.28513 0.70001 0.757763
1225 1.07997 0.413256 -0.740013 -0.669277
1226 3.58711 -3.04755 -1.30301 -1.37182
1227 2.87505 2.68783 0.00509033 -1.02052
1228 2.31425 1.00949 2.04829 -0.375767
1229 1.82984 -1.41772 -0.738706 -0.890341
1230 1.82211 -1.65733 -0.35769 -0.667381
1231 0.700615 -0.439305 0.461845 0.290812
1232 2.94979 1.64006 -2.29925 0.851414
1233 2.94794 -1.89901 1.77498 1.39053
1234 3.54462 -0.463246 3.43452 -0.744179
1235 0.122739 0.0485199 -0.0935559 -0.0629116
1236 2.19241 1.10085 -1.20191 1.46636
1237 2.36726 -0.713799 0.790532 -2.11412
1238 1.70005 0.955458 -1.35063 0.391226
1239 2.35515 0.52544 -1.3667 1.84465
1240 2.62308 -1.19641 -2.27252 0.533686
1241 0.576867 0.511943 -0.14921 -0.220061
1242 2.23502 1.06321 1.94056 -0.314797
1243 1.44102 -0.43908 0.346319 -1.32808
1244 1.89935 0.64767 -1.09343 1.41155
1245 1.50707 0.344934 0.732729 1.27098
1246 3.4291 1.67712 0.62922 2.92405
1247 0.354747 -0.0955039 -0.326051 -0.102057
1248 1.92616 0.519021 1.82017 0.35731
1249 1.89006 1.49913 -0.55776 -1.0069
1250 2.91989 1.5878 2.4504 0.0142736
1251 1.62544 0.677134 -0.675022 1.31449
1252 1.33252 -0.965468 0.56367 0.725099
1253 2.23029 0.0217735 2.07135 0.826586
1254 2.18268 0.627003 1.54746 -1.40582
1255 2.15551 -0.658799 -1.28108 1.60345
1256 3.70628 -3.37607 -1.30091 0.803908
1257 3.38656 -0.264227 0.166812 -3.37211
1258 2.10174 0.863717 1.89148 -0.30597
1259 0.56959 -0.295166 -0.436901 0.215473
1260 2.5154 2.2102 0.130641 1.19381
1261 3.09804 1.09061 0.660926 2.82341
1262 3.38116 0.301885 -2.18417 2.5633
1263 2.81383 1.34213 1.16267 -2.18277
1264 1.95326 -1.43389 0.20048 -1.31111
1265 0.917005 0.809267 -0.242421 -0.356677
1266 1.13311 -1.02651 0.477687 -0.0449885
1267 1.50796 0.584645 0.569508 -1.26799
1268 2.25807 -0.0267332 0.137513 2.25373
1269 2.0137 -1.45544 0.66376 -1.22315
1270 1.3766 -0.138947 -1.36451 -0.117601
1271 3.10493 -0.69053 -0.177371 3.02197
1272 2.46833 -0.611603 -2.14431 1.05855
1273 1.39395 0.96543 -0.396412 -0.92406
1274 1.87329 -0.550745 1.62332 -0.75546
1275 2.44242 -0.56061 -1.8077 1.54381
1276 3.05326 2.62518 1.07309 1.13108
1277 3.16046 -2.90011 -1.25588 0.0254261
1278 2.26733 -0.44437 -0.248168 -2.20947
1279 0.435766 0.313643 0.138726 0.268842
1280 1.80143 0.997523 0.225101 -1.48305
1281 1.41281 0.581073 0.427155 1.21487
1282 2.42256 0.0340318 -1.21542 -2.09533
1283 2.83197 -0.554133 -2.77033 0.19552
1284 0.597199 -0.151616 0.514281 0.263009
1285 2.48678 1.6966 -1.3609 -1.20565
1286 2.42794 1.0433 0.97905 -1.9616
1287 1.66023 -0.723828 -0.261602 1.47106
1288 2.60361 0.217148 1.51883 -2.10352
1289 0.908236 -0.27968 -0.498577 -0.705757
1290 1.95852 -0.813114 0.539166 -1.69822
1291 1.18865 -0.606128 -1.01422 0.129794
1292 2.74793 -0.714675 1.91062 1.84116
1293 1.47268 -1.46274 -0.158066 -0.0647316
1294 2.27768 1.34381 -1.3298 1.27028
1295 1.87652 -0.574975 1.72562 -0.46149
1296 2.79322 -2.55864 -0.131847 -1.11268
1297 2.44592 -1.05418 -0.909194 2.01111
1298 2.53461 1.34477 -2.10014 -0.45304
1299 1.79226 0.34147 0.190376 1.7491
1300 1.23159 0.729366 -0.278376 0.952543
1301 1.61721 0.448952 1.47711 -0.48164
1302 3.00971 -1.52314 2.48624 -0.746317
1303 2.74627 -2.65117 0.570411 -0.433518
1304 2.07706 0.580323 -0.59426 -1.90375
1305 2.48639 1.67671 -0.119403 1.83208
1306 3.62917 0.751896 3.54991 0.0606671
1307 1.83292 0.276444 1.52511 -0.978378
1308 1.77925 -1.37526 -0.0222429 1.12866
1309 2.47794 0.301961 -0.284725 -2.44294
1310 2.06005 -0.608566 -0.862155 -1.76922
1311 1.03722 -0.0657393 0.863865 0.570297
1312 1.83442 1.24182 1.04426 -0.855859
1313 2.11124 2.01819 -0.3161 0.533203
1314 0.426612 0.163832 0.393668 -0.0135026
1315 2.4391 2.30465 -0.716869 -0.351975
1316 1.5747 -0.599746 0.696268 -1.27874
1317 1.39372 0.687038 -0.946763 0.757679
1318 2.52944 -1.8532 -0.981423 1.4144
1319 0.767174 0.184285 0.235826 -0.706386
1320 1.64025 -1.20932 -1.10736 0.0414661
1321 1.78527 0.780387 -1.16014 1.11008
1322 3.41069 -1.91294 -1.74779 -2.21782
1323 3.3444 2.99757 0.526069 1.38667
1324 2.29938 0.345916 -1.6363 -1.57797
1325 2.01893 0.168384 0.88703 -1.8058
1326 3.46915 -2.23017 0.494347 2.61093
1327 1.72174 -1.23562 -0.482789 1.09752
1328 2.95972 -1.70855 0.00272157 -2.41678
1329 3.96683 1.91184 1.53307 -3.11934
1330 0.607961 -0.598241 -0.0205081 0.106318
1331 2.24938 0.334253 -1.32864 1.78402
1332 1.5269 -1.3151 0.763336 0.138703
1333 2.73175 -1.89404 -1.76895 0.863621
1334 2.9969 1.78372 -1.54616 -1.84638
1335 0.860986 -0.348352 0.00584934 0.787346
1336 1.72286 -0.804718 0.847125 -1.26612
1337 1.22012 -0.798121 -0.780198 -0.492931
1338 2.77715 1.21927 2.35905 -0.812894
1339 0.702906 -0.669392 -0.212935 0.0255069
1340 2.08737 -2.01254 -0.466727 0.298284
1341 1.66648 -0.848774 0.950356 -1.07404
1342 2.47437 -0.169788 2.41217 -0.524527
1343 1.86354 0.732581 0.886091 1.46662
1344 2.99 -2.35335 1.33063 1.27722
1345 1.78253 -0.752412 -1.25324 -1.02014
1346 1.36099 1.04366 0.748793 -0.449845
1347 3.19996 -0.764398 -0.826626 2.99535
1348 1.67825 0.682167 -1.44402 0.515742
1349 0.394221 -0.0636606 -0.381695 -0.075277
1350 2.50348 -0.593524 1.74085 1.69841
1351 2.20024 0.87267 -0.268942 2.00179
1352 1.0388 0.663131 -0.577951 0.552567
1353 1.39266 -1.09541 -0.334636 0.792221
1354 1.70635 -0.285574 -1.46573 0.825669
1355 1.52073 -1.42467 -0.530336 -0.0407942
1356 3.22934 1.13239 1.87596 2.37214
1357 2.89197 -0.0439285 2.63552 1.18978
1358 1.68142 -0.498091 -1.41819 -0.753526
1359 2.11075 1.1761 1.59254 -0.732019
1360 3.86276 -0.125834 3.71392 1.05447
1361 1.46407 0.583848 1.10666 0.760223
1362 2.03412 -1.43814 0.737261 -1.23525
1363 1.83643 -0.550277 0.199361 -1.74067
1364 1.84757 1.20041 -1.12193 -0.844876
1365 1.74811 -0.101136 0.658884 1.61602
1366 3.17823 1.66114 0.238843 2.69901
1367 0.336743 -0.145923 -0.168352 -0.252507
1368 0.172419 0.145517 0.0908684 -0.0172055
1369 1.10659 -0.805108 -0.519151 -0.55392
1370 0.805865 0.160876 0.72571 0.31126
1371 3.97005 3.80894 -0.231676 -1.09529
1372 0.755706 0.260179 -0.358176 -0.612462
1373 4.28181 -3.45382 -1.29231 -2.17599
1374 4.40366 3.3439 -2.77357 0.719678
1375 1.05809 -0.93698 0.36973 -0.323904
1376 5.76667 2.48592 -1.86529 4.85751
1377 0.688155 0.441157 0.420551 0.319491
1378 2.74422 2.36192 0.514882 -1.29884
1379 0.62233 0.603547 -0.106716 0.107877
1380 2.35043 0.150153 1.74277 -1.56995
1381 1.83759 0.0895246 1.21155 1.37871
1382 2.3036 1.4455 1.34374 1.18804
1383 2.04287 1.39243 1.42933 0.437556
1384 1.03288 -0.447564 0.651817 -0.664575
1385 1.56098 -0.575189 1.41407 0.325941
1386 2.10205 0.829285 -0.00182407 1.93155
1387 2.30316 -1.5218 -1.72635 0.0913964
1388 1.75919 0.0464863 1.68648 -0.498345
1389 1.24199 -0.618062 -1.06764 0.143794
1390 1.89774 0.853248 -1.21779 -1.17915
1391 2.18525 2.01792 0.229317 0.806678
1392 5.37626 -3.70362 3.57004 1.56276
1393 1.26232 0.163737 -0.316089 1.21108
1394 2.24816 1.13468 0.969635 1.68123
1395 1.86249 -1.55217 0.526116 -0.884777
1396 3.7793 0.746658 0.790923 -3.6194
1397 1.51608 0.793819 -0.13008 -1.28508
1398 2.43653 2.02018 -1.35341 0.154314
1399 1.7758 0.561991 0.913748 1.41517
1400 3.00218 -2.41344 0.63199 -1.67003
1401 1.62846 -0.0147474 0.304985 -1.59957
1402 1.15581 -0.90723 0.702838 -0.137319
1403 3.148 -0.643809 -0.185512 -3.07587
1404 1.82086 1.21302 1.21844 -0.5996
1405 2.11772 1.84025 0.63197 0.835956
1406 1.41101 -1.40499 -0.124623 0.0376275
1407 2.35592 0.812587 -2.18308 0.352464
1408 1.27843 0.333542 0.149698 -1.22504
1409 1.78077 0.850198 1.559 -0.133493
1410 1.92039 -1.37994 1.33081 -0.112243
1411 0.862076 0.845994 -0.165236 -0.0129226
1412 1.80723 -0.964981 -0.606143 1.40267
1413 1.57091 -1.27113 0.557003 -0.736034
1414 2.07718 -1.08094 1.01794 1.4526
1415 1.50458 1.05566 1.0715 -0.0349868
1416 2.69512 2.12072 -1.17131 1.18079
1417 1.91075 1.33581 1.35035 0.207701
1418 2.80906 1.78452 1.86238 -1.11258
1419 4.53821 1.87751 3.54051 2.12958
1420 2.09775 -1.30396 0.572938 1.54013
1421 0.695451 0.676833 0.0379289 0.155276
1422 2.05878 -0.80837 0.724427 -1.74938
1423 2.67029 -1.29588 -2.12648 0.963957
1424 0.776628 -0.567082 0.0524331 0.528034
1425 2.44997 1.45946 -1.44011 1.34105
1426 2.18031 -0.06483 0.780812 2.03467
1427 2.23842 2.07364 0.0386287 0.842038
1428 3.64805 0.952058 -3.45484 0.682569
1429 1.48847 -0.0582753 0.548028 -1.38268
1430 2.15055 1.17291 1.71567 0.552805
1431 3.20877 -2.42967 1.14115 1.75803
1432 2.14892 -1.58215 0.580074 -1.33348
1433 2.73583 2.37373 0.660216 -1.18922
1434 0.298904 0.208663 0.0518931 -0.207631
1435 2.41982 1.54866 -1.52504 -1.0637
1436 1.50017 -1.22328 0.82155 -0.28132
1437 1.34067 -0.531119 -1.20983 -0.227211
1438 2.19835 -1.10905 1.46025 1.21259
1439 2.04277 0.861376 1.81635 0.363036
1440 2.81665 0.2481 2.58421 -1.09262
1441 2.29667 -2.10424 0.62116 -0.679001
1442 0.713143 -0.145078 0.0916094 -0.692195
1443 2.29979 -1.36083 1.61675 -0.907352
1444 1.321 0.620934 -0.682494 -0.945355
1445 3.41244 0.457171 2.90525 1.73068
1446 1.71888 0.858483 1.44419 -0.363151
1447 0.589563 -0.367785 0.0840955 0.453041
1448 1.10276 -0.204484 -0.815934 0.713111
1449 3.17636 0.867355 1.67457 2.55594
1450 2.31839 0.0833107 0.358667 2.28896
1451 2.02846 -0.725934 1.70789 0.819002
1452 1.01181 0.521886 0.107222 -0.860173
1453 2.81181 -1.21153 -0.490246 2.4896
1454 3.16625 -0.468772 -1.35346 2.82375
1455 1.9973 0.851551 -0.766245 1.63614
1456 2.51437 -2.40329 -0.461492 0.577279
1457 2.2597 -0.617863 0.139684 2.1691
1458 1.76278 0.802302 0.128356 1.56436
1459 0.959603 -0.717927 0.303805 -0.559573
1460 2.7459 0.0785559 2.54913 1.0177
1461 3.37968 2.1051 1.71765 -2.0101
1462 1.5434 1.40184 0.579736 0.284319
1463 1.15682 -0.0889692 0.484719 1.0466
1464 1.67016 0.555244 1.00127 -1.21597
1465 2.19895 2.19161 -0.17949 -0.00525924
1466 1.65338 0.129379 1.49154 -0.701593
1467 2.96624 1.17141 -2.53734 0.994136
1468 3.23826 -0.143905 -0.570268 -3.1844
1469 2.62065 2.41431 -0.901583 0.475458
1470 1.36813 -1.06565 -0.577288 -0.634736
1471 1.47025 -0.347123 1.05517 -0.963207
1472 2.63665 1.12264 1.11485 -2.10919
1473 1.77997 0.237047 1.16113 -1.32811
1474 1.86682 -0.651123 0.613927 -1.63833
1475 1.31556 -0.138734 0.716302 -1.0947
1476 2.70736 1.04418 0.531893 -2.44061
1477 1.53229 -0.192918 1.4403 0.486041
1478 3.703 -2.02941 0.982654 2.93736
1479 1.85725 1.85143 0.0879019 -0.117748
1480 1.75806 1.00109 0.810543 -1.19649
1481 2.76382 -0.806666 -2.03053 1.69261
1482 4.10661 0.609224 3.40852 2.20797
1483 1.3146 0.839634 0.784111 0.639028
1484 2.68119 -1.68514 -0.943054 -1.86004
1485 1.18184 0.820457 -0.429112 -0.734485
1486 2.3615 -0.641479 -1.16377 1.95214
1487 1.06286 -0.622477 -0.385545 0.770425
1488 2.63456 -0.287034 1.28965 -2.27933
1489 0.785766 -0.26186 0.724705 0.153821
1490 2.24051 0.556906 -0.4544 2.12208
1491 1.4646 -0.965489 1.07766 -0.227026
1492 2.39483 1.18812 0.905024 1.87204
1493 1.27906 0.600031 -0.425265 -1.04647
1494 1.47725 0.362105 -1.05313 0.970601
1495 2.83549 0.29165 2.47321 1.3558
1496 4.20845 -3.32468 2.25087 -1.26141
1497 1.47804 -1.44329 0.270108 -0.169017
1498 2.27623 -1.86882 -0.787324 -1.03386
1499 1.57015 0.210122 -0.952169 -1.23069
1500 0.798848 0.192029 -0.370619 -0.68112
1501 0.962508 0.637188 -0.640533 -0.33186
1502 3.0175 -1.30873 -0.0901583 -2.71743
1503 1.68135 -0.617814 -1.09867 -1.11273
1504 2.35447 -0.125152 0.392691 2.31812
1505 1.72472 -0.850519 1.5002 0.0259687
1506 1.43016 0.119147 1.4238 0.0629448
1507 2.22945 -0.698476 -0.543904 2.04615
1508 3.13534 -2.56743 1.54273 -0.926628
1509 0.94965 -0.00512294 -0.875994 -0.366665
1510 1.01163 0.428101 -0.810108 0.428783
1511 1.6627 -0.886267 1.26546 -0.614581
1512 0.844502 0.0275347 0.123627 0.83495
1513 2.35603 -0.0355332 -1.76536 1.55985
1514 1.48582 -1.35857 0.409423 0.440798
1515 1.32571 0.56079 0.550328 -1.06778
1516 2.16181 -1.28121 1.7405 0.0509202
1517 2.6968 -1.58946 -0.388753 2.14364
1518 1.03282 0.914486 0.239393 -0.41607
1519 1.44145 -1.33792 0.532562 0.0640884
1520 3.21406 -0.805704 0.709485 3.02946
1521 3.52972 1.61169 1.85497 -2.53387
1522 3.29514 -0.392353 -3.09486 -1.06107
1523 1.42428 1.15145 0.72725 0.416947
1524 1.63016 -1.12311 -0.0555189 -1.18023
1525 3.22681 2.20865 1.89566 1.39306
1526 1.39244 0.929638 -0.488824 0.914169
1527 4.916 1.86905 -4.27216 1.55639
1528 0.736867 -0.117253 0.678489 -0.262444
1529 1.35446 -0.853272 -0.0399358 1.05113
1530 1.49063 0.350475 -0.938975 -1.1034
1531 2.47833 -0.21423 -2.04956 -1.37678
1532 1.99017 0.162936 0.727866 -1.84512
1533 2.1924 -1.33362 -0.22702 1.72526
1534 1.38279 0.557613 1.20206 0.395245
1535 1.87829 0.128057 -1.34562 -1.30418
1536 2.35437 0.0440027 1.40829 1.88622
1537 1.44459 1.17613 -0.0621222 0.836486
1538 2.58666 0.676023 -1.76399 -1.76695
1539 3.25011 -0.686724 3.05084 -0.885415
1540 0.882561 0.541946 -0.162167 0.677429
1541 2.13718 -1.74886 -0.904409 -0.831313
1542 1.94106 -0.681875 -0.484744 1.75151
1543 2.49791 -1.47496 -1.67446 1.1226
1544 3.82264 -0.125315 -2.17245 3.14282
1545 1.24899 0.141167 -0.520586 1.12651
1546 2.32136 -1.68712 -0.354566 -1.55456
1547 1.4849 0.0920142 1.4686 0.199198
1548 1.42751 0.897632 -0.364355 1.04847
1549 2.99448 2.65526 1.09285 0.849817
1550 3.13157 -1.46154 2.60126 -0.950801
1551 2.0488 -1.37528 -0.700912 -1.34719
1552 1.0918 0.636431 -0.65722 0.595863
1553 2.13964 1.08638 1.82943 0.225958
1554 1.65989 -1.1158 -1.13567 0.46955
1555 2.68963 -2.60256 -0.671769 0.0975626
1556 3.09178 -0.892974 -0.883051 -2.82523
1557 1.89733 -0.0741035 -0.934242 -1.64971
1558 0.74471 -0.433364 -0.602881 0.0576467
1559 2.74759 -1.98462 -1.06618 -1.57282
1560 3.84747 2.89012 2.37252 0.906345
1561 2.94399 -1.41619 -1.39493 2.17156
1562 1.38528 -0.405277 0.89552 0.976106
1563 1.7498 0.0299346 0.25896 -1.73028
1564 1.71807 1.05308 0.717699 1.15225
1565 3.56599 -2.90517 2.0668 0.0675602
1566 3.42057 -2.00337 -0.904039 -2.62098
1567 1.87915 -0.276597 1.31043 1.31814
1568 2.07935 0.735561 0.351307 1.91291
1569 3.89884 1.00814 3.24632 1.90945
1570 1.4676 0.787171 -0.441508 1.15728
1571 3.7274 -1.00883 -3.50585 -0.764729
1572 2.91826 0.128214 2.25099 -1.8528
1573 0.513368 -0.320523 0.13177 -0.378746
1574 3.03956 -2.11271 -0.303507 -2.16408
1575 2.10536 -1.3053 0.136533 -1.64623
1576 3.61161 -2.01676 2.20985 2.02312
1577 2.11598 -0.596969 1.07573 -1.72157
1578 2.8292 0.303999 -1.72253 -2.22371
1579 2.32553 -0.925324 0.0208408 -2.13341
1580 2.8895 1.96492 1.5656 -1.42728
1581 2.68461 -2.27944 1.40673 0.180041
1582 2.42119 2.30081 -0.117873 0.744673
1583 1.47353 0.45836 -1.14058 -0.81257
1584 2.98112 -0.0685859 0.210266 2.9729
1585 4.01058 -0.900939 3.71233 1.22134
1586 1.88963 -0.499552 1.37961 1.19073
1587 1.1279 -1.03748 -0.0180191 -0.442117
1588 1.45293 0.823048 -1.19461 0.0806504
1589 1.57977 0.483347 -1.46972 -0.319326
1590 2.77943 -1.24144 -2.43668 -0.496647
1591 0.376379 -0.160214 -0.25417 0.226694
1592 1.43943 -1.32379 0.562337 -0.0574863
1593 2.44526 -2.01743 0.998503 -0.955118
1594 1.34625 1.06674 0.625486 -0.532199
1595 1.29568 -0.487292 -1.19986 0.040978
1596 1.02328 0.537836 -0.739408 -0.459464
1597 2.18399 0.174203 2.17657 -0.0448954
1598 1.45812 -1.01441 -0.930684 0.480534
1599 1.985 1.46245 -0.160701 1.33254
1600 3.89023 1.04139 -3.69704 0.61747
1601 2.37429 -0.902217 -1.36176 1.72304
1602 2.18349 -0.802364 -0.384151 1.99406
1603 4.61624 0.703755 2.40187 -3.87884
1604 1.3016 -0.152179 -0.666276 -1.10774
1605 1.71558 0.316461 1.05077 1.31869
1606 1.43006 -0.0647345 0.844897 1.15196
1607 1.73873 -1.30354 0.563568 -1.00317
1608 0.899196 -0.780449 0.446591 0.00296899
1609 2.40405 -2.28948 0.379368 -0.627567
1610 2.07381 -1.49145 -1.31288 0.593817
1611 2.17749 1.72851 1.29123 0.294014
1612 2.84982 -2.26528 1.19848 1.24644
1613 1.25635 0.473152 0.0443956 -1.163
1614 1.30419 1.17143 0.156516 0.55153
1615 1.71856 -0.590395 -0.952576 1.30288
1616 2.95302 -0.462324 2.83148 -0.699522
1617 0.966759 -0.547997 -0.603035 0.520261
1618 2.3212 1.72092 1.50922 -0.385574
1619 0.545774 -0.246674 0.178135 0.453089
1620 1.80462 1.29717 -0.976216 -0.788041
1621 1.19188 -0.428543 -1.10807 -0.0954568
1622 2.48122 -1.96921 -1.43325 -0.473797
1623 1.53531 0.211755 0.912439 -1.21646
1624 3.83994 3.05313 1.45741 -1.81644
1625 1.77564 1.44519 -0.721062 0.737828
1626 3.13244 -2.36022 1.5442 -1.36272
1627 0.960106 -0.69033 -0.353386 -0.566009
1628 1.92349 0.519103 1.08736 1.49932
1629 3.58098 -0.297554 -2.56172 2.48444
1630 2.18427 0.962642 0.164727 -1.95377
1631 1.48185 -1.36675 -0.161418 -0.549371
1632 0.671646 -0.420567 0.363221 -0.37723
1633 2.11256 -0.265495 -0.496084 2.03625
1634 0.932457 -0.56272 0.113343 0.73483
1635 2.89025 -0.276028 1.26636 -2.58335
1636 2.83692 -2.56489 -0.0741428 -1.20994
1637 2.83147 -1.37883 -1.15439 2.1871
1638 2.79856 1.81971 -1.43417 1.56964
1639 2.23651 -0.538797 1.45844 -1.60768
1640 2.36276 0.381419 1.43838 -1.83527
1641 2.66331 2.66178 0.0392374 0.0812545
1642 3.72824 -2.18345 -3.01506 0.204195
1643 3.20236 2.79177 0.972736 1.23081
1644 2.74746 1.38174 -2.37377 -0.0676681
1645 3.24396 0.165744 2.05609 2.50366
1646 2.52706 -0.878563 1.21602 2.03358
1647 1.27455 -0.26833 1.0574 0.659091
1648 3.00565 -1.69591 0.576655 -2.41356
1649 1.36251 1.17967 -0.611962 -0.300535
1650 1.364 0.785565 -0.482844 1.00511
1651 1.8321 0.16561 -1.79631 -0.320022
1652 2.06766 0.405731 -1.90665 0.689391
1653 3.28974 -1.20729 2.94804 -0.820898
1654 2.81877 1.27407 -0.0145736 -2.51436
1655 0.93961 0.623633 0.0218237 0.702476
1656 2.0717 0.00370063 1.6332 1.27459
1657 2.28667 0.358162 1.94567 -1.14672
1658 1.40405 0.72754 -0.850893 -0.847367
1659 1.14706 -0.599322 0.358161 0.910103
1660 2.62746 2.29818 -0.308366 -1.23565
1661 3.64238 -0.185293 -2.35607 -2.77156
1662 1.17563 -1.00095 -0.592675 -0.17009
1663 0.800435 -0.123951 -0.470131 -0.635854
1664 2.81841 -1.95568 -1.89628 0.723092
1665 1.18984 0.463928 0.836371 0.707794
1666 1.57378 -0.836327 -1.32764 0.121248
1667 1.82538 0.694721 -1.47674 0.81769
1668 0.72668 -0.10365 -0.714593 -0.0817164
1669 1.65891 1.15474 1.17663 -0.184671
1670 3.19119 1.44244 -0.139898 -2.84315
1671 1.83725 -0.256227 -1.67991 -0.698391
1672 1.50644 -1.09373 0.789466 -0.670702
1673 2.17247 -1.6634 1.06591 -0.903636
1674 2.1433 1.83691 0.438845 -1.01336
1675 3.22155 0.858736 -3.10407 0.0758077
1676 1.16622 0.70446 0.764416 -0.528646
1677 3.1983 1.44666 -2.29349 -1.69595
1678 2.15248 0.684597 -1.90263 -0.7379
1679 1.94498 -0.580741 0.40543 1.81144
1680 2.84763 -2.21874 -0.402974 -1.73891
1681 3.78667 2.57799 1.48056 2.34538
1682 2.40942 -1.00743 0.303871 2.1675
1683 2.22667 1.6732 -0.246148 1.4484
1684 1.3966 0.200656 0.803123 1.12482
1685 1.01195 -0.558514 -0.761014 -0.36463
1686 2.93372 -0.264288 -0.583387 -2.86296
1687 1.70883 -1.2809 0.267573 1.09899
1688 2.98089 -2.21874 -0.0418955 -1.99025
1689 2.41689 2.07254 0.888494 0.869775
1690 1.7357 -1.08029 1.35497 -0.0983885
1691 2.98237 1.0333 -2.53581 1.18173
1692 2.65453 1.61972 1.01738 1.84064
1693 0.943877 0.168169 0.323934 0.870454
1694 1.76328 0.973085 -0.848349 1.20107
1695 1.60942 0.198455 -1.53796 0.430737
1696 2.66473 2.44748 0.140085 -1.0445
1697 2.42961 2.2703 0.792069 0.348374
1698 2.98954 -2.02248 1.35428 -1.73575
1699 2.75477 -1.62181 1.28071 -1.82162
1700 2.94411 0.768085 -1.76485 2.22782
1701 0.33463 0.0514978 0.269636 -0.191368
1702 0.983736 0.563095 -0.153514 -0.791893
1703 1.525 0.059416 0.624426 -1.39004
1704 1.16684 -0.306969 0.165366 1.11353
1705 1.36749 1.15549 0.134931 0.718791
1706 3.08898 -1.84321 1.93104 -1.55417
1707 0.806488 0.769787 -0.201534 0.131279
1708 1.67755 -0.249055 -1.63123 -0.302006
1709 1.43912 -0.625817 -0.95322 0.877953
1710 1.6323 0.941677 -0.97787 0.906329
1711 1.62941 -1.12273 -0.818613 0.851066
1712 2.39331 0.194243 -0.54612 2.32206
1713 2.16181 2.1176 -0.162673 -0.403379
1714 1.65198 -1.43477 -0.818736 -0.0111902
1715 0.796818 -0.303682 -0.470999 -0.566441
1716 1.47619 -0.556184 1.3173 0.366774
1717 3.03873 2.95202 -0.651073 0.309106
1718 1.88952 1.34485 0.480303 1.23733
1719 3.07002 0.662678 -0.816123 2.88441
1720 1.45973 -0.588804 1.32052 -0.200833
1721 2.82118 0.555038 2.22492 1.64339
1722 2.50672 -1.30998 0.778667 1.9903
1723 1.77782 -0.696783 1.31652 -0.970519
1724 1.07623 -0.480728 -0.663373 0.697935
1725 1.74829 1.72023 -0.308639 0.045656
1726 1.5492 -1.07097 1.10552 -0.175648
1727 1.29108 -0.583115 1.13645 -0.188004
1728 0.736925 0.00622129 -0.628179 -0.385241
1729 0.622512 0.405635 0.0307855 -0.471205
1730 1.32332 -0.0252123 1.26442 0.389586
1731 2.2003 0.159453 2.02687 -0.841229
1732 3.18665 -0.181174 3.02642 -0.981172
1733 2.57181 -0.0972378 2.37583 0.979879
1734 1.4071 -0.423337 -0.728628 -1.12686
1735 2.43763 1.16062 -1.80099 -1.1625
1736 3.19092 -1.57195 -0.615049 2.70789
1737 0.605656 -0.0676626 0.600467 0.0409968
1738 2.87995 1.83779 -2.12292 0.640211
1739 3.98889 3.24069 -1.79824 1.47498
1740 1.09642 -0.335265 0.316548 0.99475
1741 1.85385 -0.800275 1.56946 0.577177
1742 2.39112 2.30898 -0.456039 -0.422029
1743 3.01267 -1.21538 -2.73521 0.342935
1744 2.40134 1.1193 1.6782 -1.30278
1745 2.58168 -2.10222 -0.618811 1.36486
1746 3.46346 -1.47925 -3.05264 0.699074
1747 3.95287 -0.912756 -1.65068 -3.4738
1748 5.75564 -0.121434 -1.64143 -5.51528
1749 3.00809 -0.0222642 -1.41691 2.65338
1750 1.65996 1.03497 -0.847135 0.983189
1751 1.88239 -1.20852 -1.29364 0.639826
1752 2.01969 1.02296 1.73394 0.161704
1753 2.52928 -1.57146 0.0215264 1.98174
1754 1.74494 -0.0497911 1.13299 1.32615
1755 1.36491 0.407628 0.50167 1.20215
1756 3.1526 -0.0994775 -2.05739 -2.38666
1757 1.56178 -1.49523 0.171278 0.417248
1758 2.08363 0.0299921 1.90169 0.850978
1759 1.06492 -0.177643 0.896658 -0.546357
1760 2.53129 2.42283 0.364944 0.635717
1761 1.46262 0.459784 -1.18211 0.728329
1762 1.75091 0.90319 1.16694 -0.942431
1763 1.63926 -0.878376 -0.474483 1.30019
1764 2.3512 -0.219972 -2.32722 0.252539
1765 0.618532 0.226348 -0.572215 -0.0625975
1766 1.30647 1.23345 -0.28295 -0.324662
1767 1.35198 -0.743829 -0.837542 -0.757028
1768 2.02809 0.50871 -0.369925 -1.92809
1769 1.52452 -0.727956 0.569937 1.21219
1770 2.29428 0.0559523 1.04861 -2.03986
1771 3.30856 2.49244 -0.514079 -2.11424
1772 2.53447 -2.2551 -0.412079 1.08085
1773 2.34934 -0.863919 2.0149 -0.84451
1774 2.12833 -0.455613 0.195664 -2.06976
1775 1.85972 1.53669 -0.969899 -0.395556
1776 0.819065 0.172168 -0.128622 0.790368
1777 2.88281 1.36666 2.05437 1.49076
1778 0.809642 0.0719778 0.768634 -0.244008
1779 0.625161 -0.0249688 -0.621226 -0.0654289
1780 1.42744 0.841013 0.422104 1.07337
1781 1.57781 1.12871 -0.640842 -0.897126
1782 2.92465 -2.10986 2.00235 -0.304343
1783 1.14967 -0.876331 0.731479 0.13682
1784 2.78262 1.34895 -1.03473 -2.20287
1785 1.74049 0.79948 0.845254 1.29449
1786 0.315615 -0.191605 0.162749 -0.190822
1787 2.87298 -2.4101 -0.922846 1.26245
1788 1.63638 -0.146729 -0.521833 -1.54399
1789 2.19608 -1.72958 -1.23084 -0.562463
1790 1.27923 0.841808 0.388465 0.881407
1791 3.20073 -1.24904 1.13676 2.71889
1792 2.39843 -2.28227 -0.67477 0.297348
1793 1.76609 -1.4942 0.0776213 0.938318
1794 1.44211 -0.789268 -1.20053 -0.124445
1795 1.11328 0.279096 -0.941162 -0.525089
1796 1.60811 -1.52807 0.257647 0.429685
1797 1.21318 -0.396169 -0.0152985 -1.14657
1798 1.61211 -0.0076433 0.607169 1.49339
1799 1.73107 1.41921 -0.705988 -0.695738
1800 1.81416 -0.834174 -1.56884 0.366162
1801 2.96726 -2.25401 -0.692565 1.80124
1802 2.22575 1.28123 -1.52629 -0.991388
1803 2.24216 0.0476631 -2.19455 -0.457118
1804 1.8817 1.05167 0.54156 1.46339
1805 2.45884 -0.140127 1.42165 -2.0013
1806 1.76232 -0.785737 -0.152525 -1.57008
1807 3.01799 2.57756 1.45691 0.584706
1808 2.32813 0.103493 -2.07698 -1.04673
1809 1.67355 -0.830285 1.37162 0.479642
1810 0.582862 0.379089 0.206127 -0.39183
1811 4.51115 1.34964 4.10037 -1.30992
1812 3.24909 -0.217247 0.572811 3.19081
1813 1.88539 0.151308 0.612113 -1.77683
1814 1.5795 0.4489 1.51315 -0.0607355
1815 2.3764 2.26184 -0.275881 -0.674733
1816 1.91137 -0.475735 -0.774028 1.68163
1817 1.15337 0.64638 0.149838 -0.943405
1818 1.72856 0.355802 0.45788 -1.62839
1819 1.73563 -0.922969 -1.46381 -0.133431
1820 2.36819 -1.50709 -1.82674 0.00610895
1821 2.40659 -2.22132 0.799281 0.467503
1822 1.76666 -1.47229 0.885229 -0.412101
1823 2.75825 -2.34678 1.22266 0.778256
1824 2.39473 -0.861762 1.51845 1.63903
1825 2.80335 -0.941913 -1.33399 -2.27861
1826 2.44016 0.347289 0.377958 2.38556
1827 2.3229 -0.881188 -2.13095 0.280045
1828 2.05102 -0.494669 1.78563 0.879507
1829 2.0542 -1.44182 0.909789 1.14593
1830 3.01811 -1.71578 0.903041 2.31292
1831 2.09773 0.368809 0.872397 -1.87173
1832 0.647429 -0.483774 0.339691 0.264076
1833 3.66618 -3.43936 -1.05828 0.701277
1834 3.70472 1.54613 -1.61963 -2.95149
1835 3.17093 0.459208 1.409 2.80333
1836 2.09285 -1.90962 0.754404 -0.405276
1837 1.43365 -0.441135 0.0854577 1.36141
1838 2.50439 1.27606 -2.09803 0.491846
1839 1.43214 0.978929 -0.594697 -0.85969
1840 1.64342 -0.237412 1.39419 0.837077
1841 2.63669 -1.58705 1.61445 1.35164
1842 1.29357 0.958993 -0.791208 -0.357286
1843 1.6269 0.0933565 1.43073 0.768843
1844 1.18018 -0.898228 -0.259632 0.720133
1845 1.81024 1.76746 -0.380832 0.0895213
1846 3.58115 3.19221 1.47903 0.668481
1847 1.77664 -0.636162 -0.696926 1.50534
1848 1.72334 1.5535 0.427766 -0.611186
1849 2.9188 -1.61636 2.41492 0.2737
1850 2.93815 -2.60911 -0.333118 -1.3093
1851 4.76328 -1.55583 3.94818 2.16335
1852 3.60386 0.878149 1.88443 2.94373
1853 2.97294 -2.75525 -1.10245 -0.177785
1854 1.54779 1.48835 -0.254746 0.339939
1855 0.587033 0.357529 0.141959 0.443428
1856 1.71057 -1.69511 0.219383 -0.0671534
1857 1.7679 0.759633 -1.21562 -1.03475
1858 3.34783 1.46023 1.98084 -2.2698
1859 0.528333 -0.150756 -0.495749 -0.103156
1860 1.69882 1.48583 0.721639 0.396912
1861 1.68744 0.158827 1.67988 0.0145173
1862 1.56223 0.740721 -1.21996 -0.635303
1863 2.87724 -2.64016 0.00745989 1.14368
1864 1.22237 0.184559 0.0782563 -1.20582
1865 2.85062 1.38908 0.338033 2.46622
1866 2.26906 1.79331 1.38151 -0.155193
1867 1.62452 -0.423978 1.24654 -0.951548
1868 1.9967 1.87836 0.230603 0.636706
1869 1.65279 -0.0996653 0.250029 1.63072
1870 1.3708 -0.0317602 -1.2367 0.590461
1871 1.26526 0.262794 0.409894 1.16783
1872 0.410173 0.220283 -0.344852 -0.0281795
1873 1.62965 -0.150245 -1.5764 0.384889
1874 1.82514 0.642802 -1.68601 0.274414
1875 2.18933 1.23274 -0.504237 -1.7376
1876 2.93507 0.996932 1.33874 -2.41423
1877 2.18211 -0.566231 0.116356 2.10415
1878 3.4743 0.963003 -0.261303 3.32793
1879 2.82123 -0.492478 0.999417 -2.5919
1880 1.54434 -0.791932 1.24809 0.447313
1881 1.33623 -1.09305 -0.76646 0.0574007
1882 2.45677 -1.4734 1.44147 -1.33678
1883 1.39528 1.26495 0.588015 -0.0305792
1884 2.48215 -0.417976 1.68702 -1.7721
1885 2.47908 2.06669 -0.552675 1.25268
1886 2.21478 -1.96501 -0.161847 1.00887
1887 0.826387 0.63941 0.522299 -0.0356996
1888 2.39363 -0.0058616 2.19792 -0.947941
1889 3.5755 -2.5188 -1.37164 2.13505
1890 4.10062 -3.18186 2.37195 -1.03186
1891 1.66383 0.380096 0.380985 -1.57439
1892 2.64451 2.55969 -0.555884 0.363893
1893 0.957464 -0.429452 0.321382 -0.793109
1894 1.38871 0.657911 -0.0543856 -1.22176
1895 2.23304 -1.7272 -0.133833 1.40902
1896 1.16246 0.90147 -0.731803 -0.0558672
1897 1.31401 0.554176 0.78771 -0.893877
1898 2.67055 -0.441343 2.32734 1.23309
1899 1.87819 -0.667238 1.69226 -0.467579
1900 2.46168 -1.35704 2.01931 -0.375088
1901 1.53796 -0.0419921 -0.0975682 1.53429
1902 1.23043 -0.588766 0.353964 -1.02079
1903 3.39817 3.12213 1.26038 0.459681
1904 2.29893 0.183009 0.745537 -2.16697
1905 0.848596 0.219216 0.313851 -0.757335
1906 1.79135 0.792632 0.811384 -1.38648
1907 1.31085 -0.895531 -0.891345 0.349076
1908 1.81721 -0.252988 1.07234 -1.44511
1909 4.00189 2.96725 -1.46237 -2.25213
1910 1.31528 -0.904668 -0.915227 -0.271841
1911 4.20886 0.422857 -2.20081 3.5626
1912 1.10441 -0.268199 -0.977686 0.438099
1913 1.52339 1.23809 -0.405849 -0.789387
1914 2.31671 2.01933 1.02007 0.498908
1915 4.4548 2.14728 3.38895 1.93635
1916 1.49028 -0.106376 1.1824 0.900867
1917 2.34642 0.398614 0.320309 -2.29002
1918 2.06576 1.94712 0.023686 0.689573
1919 2.06375 -0.895669 1.64794 -0.860884
1920 3.01762 1.64385 -2.23137 1.19364
1921 1.80808 -0.822679 1.58916 -0.258693
1922 2.81705 -2.41901 -0.70192 1.26154
1923 2.52539 -1.24172 -0.410335 -2.1604
1924 2.22338 -0.938731 1.1086 1.68321
1925 1.08399 -0.970215 0.27869 0.395021
1926 2.8823 0.247129 -2.28076 -1.74491
1927 1.01231 -0.401015 0.328908 -0.869351
1928 1.83266 -0.069452 -1.11034 1.45635
1929 1.40459 1.02305 0.907136 0.321479
1930 2.2297 -1.76947 -0.511978 1.25634
1931 2.30558 1.42626 -0.959831 1.53629
1932 3.20184 2.5445 -1.54842 -1.1746
1933 2.75172 1.77441 1.64499 -1.31051
1934 2.09874 1.38171 1.3104 0.882288
1935 2.58617 -1.34406 2.14114 -0.545228
1936 1.76392 -1.67391 0.533859 -0.156225
1937 2.89252 2.30932 1.72206 -0.261205
1938 1.40923 -0.911277 -0.862364 -0.64174
1939 2.14378 1.35804 -1.30362 -1.02571
1940 1.56426 -1.39673 -0.411287 0.571745
1941 1.93767 -1.47443 -0.0483601 -1.2563
1942 3.2708 -0.122 -2.62278 -1.95045
1943 1.45023 1.20401 0.60746 -0.533428
1944 2.22052 -0.447924 -2.15641 -0.282725
1945 1.76893 -1.41526 0.904351 -0.555248
1946 1.57901 0.46132 -1.48244 -0.287786
1947 1.39795 0.74844 1.04324 0.552949
1948 1.44557 -0.03116 1.41977 0.270143
1949 2.73957 -0.54878 1.82216 -1.97074
1950 2.55319 0.927539 2.34898 0.375188
1951 0.974815 0.730074 -0.581513 0.281243
1952 2.63238 0.587577 2.55526 -0.234133
1953 2.54862 1.93706 -0.242063 1.6385
1954 2.37701 2.31934 -0.188253 -0.485172
1955 1.95331 0.245517 1.0007 -1.65944
1956 2.62856 0.673503 -2.13482 1.37777
1957 2.60492 -0.947417 2.00863 1.3614
1958 2.16088 -0.482599 -2.10366 0.10537
1959 3.01254 0.949138 2.84987 -0.229655
1960 2.12158 -0.505011 0.280792 2.04138
1961 1.75635 -1.73567 -0.1522 -0.2215
1962 2.68769 2.42106 1.14088 -0.245987
1963 1.13862 0.540751 -0.832256 0.558021
1964 1.83268 1.27342 -1.28326 0.30063
1965 1.81744 -0.00872169 -0.5423 -1.73463
1966 4.39289 4.03231 -0.924847 1.47737
1967 1.56705 -0.963486 0.912877 -0.833067
1968 1.69745 -1.08924 -0.776815 1.04473
1969 4.47387 0.199762 2.1647 3.9102
1970 1.36035 0.223286 -1.33988 -0.0735139
1971 3.26553 -1.28191 1.77161 2.42524
1972 1.67144 1.62467 0.344016 -0.189229
1973 1.75345 -1.16687 -1.21767 -0.479868
1974 0.426353 -0.091279 -0.0803392 -0.408645
1975 1.96697 1.52233 1.00404 -0.73714
1976 2.50084 1.05739 -2.24821 -0.285734
1977 3.03634 -0.849759 1.76301 -2.32144
1978 0.673734 0.639036 0.176325 -0.120248
1979 0.908022 0.533804 0.682539 -0.271475
1980 2.49868 2.29414 -0.934384 -0.32743
1981 1.44986 0.182355 -0.783695 -1.20609
1982 1.64366 -0.890153 -0.513951 1.28262
1983 1.72387 0.627124 0.616658 1.48263
1984 3.47619 2.25755 0.810276 2.51611
1985 1.5957 0.351423 1.44444 -0.579967
1986 2.49819 1.35686 1.65405 1.28995
1987 1.07253 0.62481 0.801425 -0.343012
1988 1.61556 0.925064 1.05646 0.798864
1989 1.80968 -0.955508 1.18778 0.975256
1990 2.23972 -1.13914 1.50404 1.20688
1991 1.47149 -0.427233 1.33817 0.438215
1992 2.39856 -0.802458 -1.7515 -1.42877
1993 0.95656 0.441803 0.176166 0.82993
1994 2.16275 1.55083 -1.4117 -0.528687
1995 2.52393 0.723089 -0.138422 2.41416
1996 1.55344 0.263421 -1.47085 0.424713
1997 3.96266 0.465592 0.702273 3.87204
1998 0.68671 -0.327217 -0.579058 0.170853
1999 3.39229 2.26412 -2.41206 0.750576
