n=2000
0 1.65095 -0.763427 -0.689599 1.29123
1 5.1013 4.4522 0.0058385 2.49021
2 2.71976 0.789748 -2.12219 1.50655
3 4.72049 -3.35195 2.24302 2.45283
4 2.6524 0.542092 -1.58174 2.05899
5 1.68834 -0.0843959 1.65337 0.331308
6 1.76351 1.53291 -0.867136 0.0908396
7 3.10291 -2.9823 0.837301 0.181265
8 1.79827 -1.11175 -1.23064 -0.695188
9 1.9195 -0.415029 1.78759 -0.562792
10 2.06639 -2.02303 -0.235814 0.348868
11 3.10244 -0.0241619 2.95429 -0.946955
12 4.50646 2.49635 3.10142 2.11129
13 2.58968 -1.48159 0.0756482 2.12265
14 1.0326 -1.00579 -0.124457 -0.197883
15 2.56111 1.68812 1.88286 -0.405439
16 3.34972 2.38853 -2.34104 0.187229
17 2.91874 2.03388 -1.88892 0.902452
18 2.24639 -2.05206 -0.155124 0.9007
19 3.40215 -1.63667 1.41164 2.62739
20 1.99682 -0.698737 1.27153 1.37195
21 3.64527 -0.336516 -3.55269 -0.743747
22 2.43484 2.2253 -0.482997 0.862071
23 1.43927 0.270002 -1.23562 -0.686916
24 0.720704 0.626382 0.27835 0.222667
25 2.28663 -0.413392 1.9976 -1.03315
26 2.5272 -1.4071 -1.56349 1.40083
27 2.4099 1.37294 1.13586 1.62249
28 2.62349 1.68615 0.514645 -1.94287
29 2.11619 -0.771152 -1.60031 -1.15005
30 2.19321 -0.12416 -1.71818 -1.35742
31 2.52528 -1.13604 2.24805 0.180972
32 3.21524 2.81514 -0.963766 1.21815
33 3.18879 0.830046 2.02773 2.31684
34 0.550829 -0.468337 0.257363 -0.133556
35 1.46949 -0.897569 -1.14886 -0.184101
36 4.23509 2.98474 -2.17249 2.07547
37 1.23931 -0.762237 -0.937807 -0.2746
38 2.94759 -0.502723 -2.90191 -0.120228
39 1.18265 -0.725356 -0.0148292 0.933966
40 2.21094 1.60956 -1.34598 -0.697074
41 2.90841 0.261875 0.494472 2.85408
42 1.74604 0.504375 1.41622 -0.88803
43 2.58914 1.94334 -1.42942 -0.940131
44 4.04249 -1.98164 1.97804 2.91585
45 4.26919 0.0350428 -3.28023 -2.7322
46 2.67936 -0.0165713 -1.79785 1.98656
47 2.85404 2.38309 -1.07204 1.14768
48 2.5618 -1.80022 1.47533 1.07024
49 2.8159 2.40301 -1.05619 1.01945
50 1.29079 0.440123 -0.833929 -0.881466
51 3.63594 2.29322 2.7237 -0.736672
52 2.65015 2.42482 -0.601993 0.883816
53 2.25535 -1.22737 -0.771519 1.7277
54 4.19409 3.14924 2.76799 0.104188
55 3.25037 1.18299 1.32033 -2.72436
56 0.768477 0.702877 0.230374 0.208445
57 1.52391 -1.28107 -0.598507 -0.568288
58 2.9921 -0.344035 2.52727 1.56435
59 2.44884 2.06034 -0.907811 -0.963163
60 1.53161 0.0778697 1.31565 -0.780286
61 2.51549 2.23909 0.802341 -0.818801
62 2.32497 1.64924 -1.60734 0.319316
63 2.88794 -2.37575 1.33391 -0.95745
64 1.24532 -0.401475 -0.994934 -0.632259
65 1.63535 0.114465 -1.25594 -1.0411
66 2.27159 2.26008 -0.209429 0.0912014
67 1.68102 1.11492 -1.2395 -0.215482
68 3.12692 -0.234076 -1.99984 2.39237
69 2.9437 2.94163 0.0799342 0.0763427
70 1.83088 0.136958 0.178786 -1.81697
71 4.90614 -0.476276 -4.88046 -0.156455
72 3.54152 2.81579 -0.998866 -1.90156
73 3.02231 2.27635 0.961234 1.7403
74 3.2449 2.59964 1.08767 -1.60879
75 2.07699 1.23516 -0.695513 1.51806
76 4.44341 -3.00381 -0.152159 3.27076
77 3.22315 -2.46815 1.57478 1.34798
78 4.56353 -3.90965 2.33739 0.277426
79 0.662395 -0.0173672 0.65699 -0.0826435
80 3.71026 0.880411 -1.49012 -3.28184
81 2.08726 1.75161 0.865886 0.733993
82 1.86343 -1.23581 1.23623 0.645663
83 1.7741 1.59475 0.730975 -0.264324
84 1.88934 -0.0713493 1.56998 -1.04866
85 1.63745 -1.18733 -1.08045 -0.322663
86 0.752756 0.186282 -0.346775 0.641629
87 2.21371 0.202974 2.01787 -0.887413
88 2.61448 2.46991 0.197641 -0.834268
89 2.16794 0.518333 -1.88888 0.929219
90 3.4955 3.44952 -0.106166 -0.555049
91 1.88569 1.53757 -0.712199 0.827334
92 1.27309 0.901771 -0.632192 0.63867
93 5.28797 -1.8643 -4.03512 2.8644
94 4.27816 -2.92422 -1.48838 2.74523
95 0.936535 -0.127642 0.479574 0.794237
96 1.27935 0.379706 0.598565 1.06502
97 1.39936 -0.68309 0.611676 1.0571
98 3.01842 -1.35469 1.12371 -2.45213
99 1.59849 -0.864886 0.414786 -1.27871
100 4.17913 0.915859 2.50243 3.21935
101 1.11023 0.994366 0.492635 0.0338983
102 3.29966 -2.6271 1.78037 0.903521
103 1.57905 1.24549 0.868841 0.432737
104 1.70446 0.127243 0.231541 1.68386
105 1.85531 -1.2327 1.24299 0.614495
106 3.4921 0.135081 -1.19363 3.27899
107 2.68717 -2.53988 -0.830645 0.28272
108 3.44769 -2.89714 1.19646 1.43585
109 2.31145 0.885301 -1.57829 1.43807
110 3.18709 -0.581355 1.86987 2.51459
111 2.61153 -1.47533 -1.27066 -1.74038
112 3.34407 -0.32126 -1.51286 -2.96493
113 3.7915 -2.77552 -2.23422 1.29624
114 0.7156 0.036007 -0.209984 -0.68315
115 2.01226 -0.767593 1.75532 0.615509
116 1.47468 0.383416 1.25242 -0.677593
117 2.83366 -2.29331 -1.40349 0.894765
118 4.40495 0.251011 -3.60753 -2.51522
119 2.32973 -1.38101 0.604294 1.77632
120 1.88311 0.466658 0.309478 -1.79793
121 2.39572 1.76268 1.53055 -0.538355
122 2.01743 -1.40167 -1.13954 -0.898209
123 0.975867 0.504222 -0.746352 -0.375547
124 2.82425 0.235685 1.04396 2.61362
125 4.86158 0.828691 1.44973 4.5658
126 2.80076 -2.18821 0.137838 1.7427
127 0.387315 0.0430152 0.240654 -0.300413
128 3.23655 -0.980713 -3.0147 -0.651969
129 4.21269 -2.51375 -1.73349 2.90221
130 1.24669 -0.104503 -1.09421 -0.588244
131 1.80759 1.27241 -1.27598 0.142307
132 3.03257 2.86006 0.844088 0.551417
133 1.8856 -1.34536 -1.15907 -0.634085
134 1.76463 0.0417725 -0.878545 -1.52981
135 1.98614 1.88037 -0.362646 0.526752
136 1.9722 -0.290399 -1.39196 1.36664
137 3.19886 0.687436 1.69188 -2.62634
138 1.83404 -1.47909 -0.755989 0.777481
139 2.33431 1.29373 1.84602 -0.606205
140 1.07411 0.262133 -0.709561 0.762571
141 1.93004 -1.80765 -0.377635 0.561109
142 1.58337 -0.851863 1.20757 -0.568465
143 1.35121 0.0288687 0.594336 1.21313
144 2.89877 -0.856731 2.2627 -1.59659
145 2.73098 -1.82568 -0.387709 1.9937
146 1.96432 1.52175 -1.23007 -0.172463
147 1.7231 -1.2358 0.291669 1.16482
148 4.11652 3.87194 -0.671066 -1.22618
149 2.32763 1.96195 -0.895143 -0.875982
150 3.92146 3.09433 -0.371473 2.38011
151 3.11112 -3.08539 -0.182217 0.355324
152 1.3174 -0.901351 -0.445378 0.851319
153 1.97303 -0.98161 1.69128 -0.262416
154 1.78863 1.12139 -0.923969 -1.04305
155 1.77784 0.229831 1.10928 -1.37017
156 2.46504 -0.518146 -2.20904 0.96338
157 0.495509 -0.276161 0.0453341 0.408912
158 1.44382 1.34274 0.037291 -0.529421
159 3.1717 2.90445 0.423503 1.20187
160 3.26669 2.22517 2.2269 0.872234
161 3.70907 2.85761 2.15251 -0.978775
162 2.42166 -0.341373 -2.11189 1.13481
163 2.04843 -0.093351 1.40335 -1.48928
164 1.78839 -0.325744 -0.700368 -1.61299
165 2.94147 -1.52333 2.337 -0.932793
166 1.64742 0.318012 -1.59709 0.249323
167 2.07457 -9.21934e-06 -1.54112 1.38881
168 3.0378 0.713086 -2.12967 2.04554
169 1.75302 1.58231 0.740187 0.146597
170 0.9592 0.0414193 -0.958195 -0.0145715
171 2.53484 2.04473 -0.646391 -1.35155
172 3.37422 2.38256 -0.179032 2.38259
173 4.21951 3.95545 -0.908459 1.15473
174 2.65953 -1.55647 0.174071 2.14947
175 2.0145 1.48337 -0.214667 -1.34601
176 1.47519 -1.26131 0.616167 0.453474
177 0.914155 -0.625056 -0.074322 0.662919
178 1.65339 0.840942 1.42353 0.00892888
179 3.00739 -2.08765 -1.89472 1.04696
180 1.63121 -0.859867 -1.38552 0.0425832
181 2.25118 0.925111 1.06484 -1.75445
182 2.3397 0.955435 0.0612547 2.13485
183 5.43466 3.52209 -0.26173 4.13061
184 1.75804 0.827109 -1.54596 -0.128831
185 1.44224 0.0522471 0.100024 1.43782
186 1.15991 -0.63815 0.596244 -0.76331
187 3.14139 2.81356 -0.883523 -1.08241
188 2.48446 -2.44723 0.165687 -0.395206
189 2.03026 -0.0270786 1.8556 -0.823402
190 2.6712 -0.737394 -2.48053 -0.662228
191 4.88768 -0.77564 -4.56823 -1.55533
192 4.45517 3.88042 2.13249 -0.493303
193 2.76833 -1.20225 -2.34031 0.860939
194 3.26949 0.507443 -0.499728 3.19098
195 3.86459 -0.373364 -2.24249 -3.1252
196 2.67351 2.07439 -1.68559 0.0580498
197 1.95584 -1.44603 0.83471 -1.01861
198 1.74098 -0.38865 1.47591 -0.837656
199 4.01565 1.1544 1.97987 3.29741
200 1.68476 -1.16805 -0.663616 -1.01671
201 1.59965 -0.309438 0.116419 1.56512
202 2.60985 -1.37453 -0.635876 -2.12548
203 1.01934 0.625117 -0.236084 0.769776
204 1.27972 0.896272 0.90801 -0.0994488
205 1.90392 -0.952875 1.51861 0.640932
206 1.67936 0.545995 -0.0120091 -1.58807
207 1.78931 1.747 -0.311654 0.229116
208 3.82228 -2.82846 -2.56478 0.177611
209 1.2891 -0.403397 -0.26202 1.19599
210 3.84859 1.44408 -1.85793 3.04539
211 2.05309 0.147927 -1.6799 1.171
212 3.26374 2.42437 1.54947 -1.54064
213 2.11932 -1.50666 1.40915 0.48556
214 1.38607 -1.22255 0.396275 0.519169
215 0.847402 0.503421 0.680887 0.0323992
216 3.05925 -2.19732 -1.02869 1.86348
217 1.87822 0.934699 -1.49029 0.658071
218 3.91154 -2.13769 -0.343253 3.25769
219 2.72855 0.407881 -2.62998 0.601516
220 1.65487 1.3431 -0.720586 -0.644534
221 1.27275 1.21156 -0.340371 -0.19013
222 2.6797 -2.26424 -1.41143 -0.248691
223 1.92317 1.30679 0.762674 -1.1871
224 6.0782 3.69202 -4.10492 2.54225
225 2.3762 -2.3156 0.484606 -0.222478
226 1.3024 0.375464 -0.670504 1.05152
227 0.74852 -0.457494 0.342802 -0.483186
228 2.93695 1.97938 -1.87757 -1.08742
229 3.39244 -0.143429 -1.61587 -2.97943
230 3.89003 1.02977 -1.89594 3.23687
231 1.95113 1.47395 -0.937355 0.869328
232 1.90867 -1.43718 -1.11939 -0.569645
233 1.48679 1.29172 -0.694452 -0.244454
234 1.3721 -0.141398 1.34987 -0.201351
235 3.70114 -2.34569 2.56215 -1.27731
236 2.33592 0.727895 -2.00008 0.962475
237 1.52925 -1.37872 -0.0801471 0.656747
238 2.74307 0.237648 -2.69009 0.480972
239 1.60823 -0.0559752 -0.117833 -1.60293
240 2.33987 -2.24795 0.49176 0.424157
241 2.39624 -1.70963 1.66846 0.188008
242 3.0914 1.42898 1.60813 2.22006
243 2.27612 0.694169 -0.779692 -2.0226
244 2.62611 2.40425 0.132965 1.04801
245 2.07205 0.532744 1.42402 1.40774
246 1.90735 0.694184 -0.859644 -1.5547
247 4.12367 4.11601 -0.25119 -0.00363466
248 0.920743 -0.87975 0.0207865 -0.27088
249 3.67895 -0.0637778 0.429855 3.6532
250 1.98963 -0.974353 0.424083 1.68209
251 1.54615 -1.0991 -0.156414 1.07614
252 1.77013 1.71174 -0.449457 -0.0355999
253 0.978261 0.580217 -0.650978 0.443362
254 2.51782 -1.77953 0.504226 1.70835
255 4.02895 1.84012 3.02952 1.9153
256 0.471449 -0.268744 0.126048 -0.366269
257 2.17834 -1.79837 -0.478213 -1.1324
258 0.737642 -0.657011 0.321901 -0.0939796
259 2.02248 1.19402 -1.15877 -1.14978
260 2.03744 1.3964 -1.18423 -0.893787
261 2.0497 -1.83018 0.906064 -0.175393
262 2.57877 1.66331 1.75275 0.900739
263 4.30977 -3.38889 1.39404 2.26853
264 1.61982 -1.54718 -0.173341 -0.447217
265 4.72932 -3.70589 2.52618 1.50043
266 1.52781 0.910941 1.09054 -0.561362
267 3.89201 -1.60359 -0.186271 -3.54141
268 3.34906 -0.739649 -2.63883 -1.92502
269 4.02954 2.01473 -2.4128 -2.5212
270 2.82737 -2.53718 0.221483 -1.22788
271 5.59542 -2.68018 2.3258 -4.32621
272 2.00806 -1.09436 1.09737 1.27689
273 1.66295 -1.23413 -0.254086 -1.08525
274 1.18285 -0.573103 0.471486 -0.921081
275 2.7965 1.76962 0.906185 1.96665
276 2.21865 -0.726079 -0.36284 2.06484
277 1.03747 -0.254411 -0.557798 0.836942
278 1.05962 -0.736492 -0.315779 -0.693298
279 1.71511 -0.872922 0.150848 1.46862
280 0.457515 0.051248 -0.443173 0.101449
281 1.69255 0.463479 0.875133 1.37261
282 1.93206 1.28781 -1.2538 -0.708794
283 5.46098 2.59296 -0.409856 4.78862
284 3.93614 3.67674 -0.111847 -1.40083
285 3.43182 -0.0995671 -3.426 -0.173153
286 1.51487 -1.50891 0.132288 0.0224776
287 3.858 2.2404 -1.55418 -2.72934
288 4.4472 -3.86185 1.59379 1.52431
289 2.28735 -0.942089 0.118129 -2.08099
290 2.53638 0.772164 -0.41741 -2.37966
291 0.921672 0.596683 0.24926 -0.656748
292 3.52738 -0.104787 -2.39394 2.58852
293 3.5989 2.51651 1.72134 1.91213
294 2.54161 2.49156 0.129358 0.484947
295 4.47827 -2.60629 0.5212 -3.60424
296 3.90955 -0.00144263 3.90092 -0.259584
297 1.78781 -1.2908 -1.23403 -0.0852658
298 2.43153 0.893527 1.0126 2.02202
299 2.97015 0.360332 2.63729 -1.31782
300 4.95997 3.132 3.53787 -1.50842
301 2.66643 -2.37645 0.0835994 1.20639
302 2.85716 -0.000600324 -1.44318 -2.46589
303 0.634833 0.356627 0.0386807 0.523769
304 2.20683 1.50342 -1.52441 -0.534817
305 1.7533 -0.921587 -0.588944 1.37035
306 3.38506 0.131271 3.3369 -0.553581
307 4.29873 -3.87306 -0.804825 -1.68248
308 1.53556 -0.0760096 -0.836895 -1.28521
309 2.33771 1.63038 1.10451 -1.2597
310 0.352926 -0.170198 -0.154896 0.267576
311 2.44209 -0.519932 2.37236 0.255756
312 1.45534 1.33494 -0.579608 0.000605065
313 4.36905 -2.90623 2.02891 2.55459
314 2.78184 0.604177 -2.61178 -0.74309
315 3.72099 -2.94821 1.59663 1.61387
316 3.41654 2.53679 2.23688 0.483546
317 3.06415 0.616877 -0.557261 2.94923
318 2.24289 -0.368706 1.95138 -1.04246
319 2.09976 -1.32401 -0.352411 1.59116
320 1.70836 -1.3915 -0.693245 0.70826
321 4.24997 -1.99477 3.73968 -0.312868
322 0.476534 -0.21556 -0.139082 0.40159
323 2.07989 0.742312 1.62491 1.06515
324 2.30702 1.14549 -1.13422 -1.65038
325 2.39648 -0.0297057 -2.34911 -0.473212
326 3.47233 1.55711 2.1798 -2.20929
327 1.52174 -1.39008 0.60349 -0.138518
328 2.38392 -1.37086 -1.93241 0.263848
329 0.774612 0.178611 0.113195 -0.745191
330 1.13464 -0.49863 -0.0530193 -1.01782
331 2.53406 -0.986065 -1.52832 -1.76448
332 1.43117 1.42337 0.0322292 -0.145716
333 1.85331 -1.84229 0.20095 -0.018753
334 1.24628 0.496839 0.781394 -0.834143
335 3.72015 -1.53522 -1.48091 3.04787
336 2.45532 1.60552 -1.02057 -1.5522
337 1.37898 -0.0439146 -0.284211 1.34866
338 2.61286 -0.15112 -0.136385 2.60492
339 3.27828 1.53986 -2.32113 1.72867
340 1.76296 -0.406955 0.208863 1.70259
341 3.58246 -0.134618 -3.31051 1.36252
342 3.08764 -0.0927632 0.894485 2.95378
343 1.90029 0.648482 -1.40425 1.10393
344 1.92902 -0.504772 1.86166 -0.0233054
345 2.84305 1.74084 -0.348079 -2.22064
346 2.26645 2.10722 -0.74922 0.36755
347 2.16676 -1.12556 1.12453 1.47085
348 1.35272 -1.34008 0.135036 -0.125655
349 1.39421 -0.634338 -0.225264 -1.22093
350 3.50013 -2.63938 -2.22928 -0.561116
351 3.37379 3.18062 -1.05816 -0.38269
352 0.730792 0.120323 -0.0083726 0.720769
353 1.70249 -1.44341 0.897501 -0.0975668
354 1.04714 0.267018 -1.00895 0.0850773
355 1.56191 1.17373 -0.320804 0.97928
356 3.22933 0.516057 -2.87674 -1.37356
357 2.91136 -1.53522 1.45197 -2.00272
358 2.03376 -1.86881 0.684987 0.417732
359 1.64136 -0.176066 -1.06546 1.23607
360 3.01339 -2.48688 -1.19419 -1.21239
361 2.51176 -1.58225 -1.51391 -1.23026
362 2.33492 -1.65349 1.63545 0.207668
363 2.97862 2.78994 1.02705 -0.183119
364 1.33813 0.551558 -1.20779 0.166188
365 1.75395 0.40392 -0.864736 1.47154
366 3.52027 1.62213 -2.40625 1.99272
367 0.276418 -0.257417 0.0964385 0.0290399
368 2.4831 1.77951 -1.57199 0.726608
369 1.1781 -1.10081 0.312181 0.280485
370 2.5698 1.16101 -0.520905 -2.23262
371 1.44048 0.145773 -1.42831 0.116888
372 3.99409 -2.97811 -1.88145 1.88249
373 1.86167 1.85677 -0.0253189 -0.132654
374 1.43843 1.10367 0.880307 0.275783
375 2.64847 -1.72681 1.52238 -1.30953
376 2.64585 1.10601 2.20859 0.948363
377 1.2645 1.25608 0.141573 -0.0343185
378 2.51536 -1.61274 -0.152958 1.92424
379 2.38608 -0.267301 -1.87913 -1.44596
380 1.15403 -0.894731 0.500992 0.529393
381 1.55119 -0.669119 -0.529798 1.29529
382 2.32761 0.332695 1.31555 -1.89114
383 3.11745 -0.594488 -0.00201805 3.06024
384 1.62543 0.837705 -1.3853 -0.145672
385 1.03791 0.790302 0.496177 0.454402
386 2.84677 -2.64331 -1.05068 -0.114249
387 2.35504 1.57264 -0.419228 1.70213
388 2.30288 1.73421 1.50186 -0.200467
389 2.80234 -2.75659 0.131609 0.486847
390 5.44697 -0.0150435 -1.1608 -5.32182
391 1.98868 1.51711 -0.0627663 -1.28425
392 3.44878 -2.89595 0.716851 1.73022
393 2.56645 0.171032 -1.48278 -2.08777
394 2.7794 2.19436 1.54887 -0.714714
395 1.78725 -0.0196998 1.78287 -0.123476
396 2.41211 -1.86822 -0.522133 -1.43367
397 2.04828 -0.358859 -1.38109 -1.46944
398 2.33485 1.68852 1.48048 -0.639234
399 2.99379 0.355495 -2.5681 -1.49707
400 2.25215 0.563395 2.09074 0.619321
401 1.34337 -0.898309 0.959541 -0.277402
402 2.2489 0.451193 1.7388 -1.35299
403 3.56251 2.92049 -1.43595 1.44923
404 1.14359 -0.175903 -0.841346 0.754317
405 3.05789 -0.802074 -1.4805 2.55255
406 3.21163 2.66035 1.7615 -0.366342
407 4.75787 -0.454599 -2.114 -4.23812
408 1.3181 1.09321 -0.662507 0.321498
409 2.79109 0.973439 -2.56405 0.517927
410 1.76132 0.306924 -1.42239 -0.992406
411 3.70607 1.92802 1.68776 2.67752
412 1.47196 -1.42263 -0.0891412 0.367187
413 2.87093 -1.90584 0.976452 1.91222
414 1.87975 -1.86889 0.119326 0.162745
415 1.11065 -0.803247 0.21377 -0.736642
416 1.56466 -0.0633617 -0.0743283 -1.56161
417 3.17239 0.351496 1.45337 -2.79789
418 2.41963 2.13217 0.550033 1.00295
419 3.61496 -3.45984 -0.461295 0.940551
420 3.57072 -2.97318 0.362329 1.94395
421 1.74573 -0.512276 -1.33467 1.00189
422 2.70728 -1.81116 1.85015 0.791204
423 1.43739 0.729437 -1.16168 -0.429546
424 2.26122 0.529875 2.11011 0.616286
425 1.07323 0.991109 0.244309 -0.331405
426 1.62617 -1.53323 -0.0884483 -0.53463
427 2.78989 2.70054 0.690499 -0.117362
428 2.14403 1.84931 0.908023 -0.593666
429 2.74979 -0.887857 -2.07709 -1.56804
430 3.70374 -3.37636 -0.584958 -1.40559
431 2.11925 -0.676913 -0.886311 -1.80208
432 0.586493 -0.557766 -0.113972 -0.141001
433 4.25207 1.5748 -2.13166 -3.32507
434 0.79216 -0.15722 -0.696869 -0.342306
435 2.24226 -0.952943 0.182943 2.02143
436 4.15275 -0.312261 -4.13096 -0.288172
437 2.45199 -0.328395 1.60245 -1.82662
438 1.86646 -0.417299 -1.09271 1.45448
439 1.6847 0.288495 0.703496 1.50335
440 1.39553 -0.755823 1.03312 0.55578
441 2.7102 -2.2617 1.44619 -0.372006
442 1.77224 -0.473006 0.698307 -1.55867
443 1.63291 -0.516989 -1.22226 -0.951413
444 2.31299 -2.1093 0.890887 -0.327257
445 1.26864 -1.08782 -0.559844 -0.335668
446 1.34633 0.606135 -0.745212 0.943326
447 1.16744 0.426951 0.660441 -0.862808
448 2.36319 -0.846779 1.92156 1.0841
449 1.65601 -0.0185706 0.508655 -1.57585
450 2.04047 1.50945 1.3703 -0.0857676
451 0.877726 0.127021 0.62673 -0.601231
452 1.88438 1.71008 -0.594894 -0.522131
453 3.82702 2.81101 -2.57893 0.305647
454 1.9528 -0.971598 0.452013 1.63251
455 3.69528 0.606126 -0.942756 3.52121
456 1.81257 1.66679 0.554674 -0.446722
457 2.71106 0.538843 1.35908 -2.28307
458 2.46051 1.05946 -1.76731 1.34473
459 2.00761 -1.05377 -1.70285 -0.142709
460 2.30427 -0.475617 -1.3016 -1.841
461 1.66245 -1.13863 1.07805 0.552339
462 2.68805 0.965463 0.65127 2.42268
463 4.29409 -0.732774 -1.49205 -3.95929
464 1.39825 -0.276395 -1.35201 0.225306
465 1.57042 -0.948973 1.23227 -0.217238
466 2.56493 0.216979 -0.459591 -2.51407
467 1.75537 -0.266403 -1.70938 -0.29726
468 2.84025 -2.79908 0.475721 -0.0767363
469 2.26849 0.3772 0.195168 2.22838
470 2.25063 0.479789 1.07523 1.91808
471 1.86279 0.449803 1.162 -1.3847
472 2.11637 1.21516 -0.261578 1.71288
473 3.45476 -3.00232 1.03535 1.35995
474 3.03345 2.1579 -0.153496 -2.12644
475 2.46669 -1.68229 0.764872 1.63384
476 2.76494 1.73526 2.07447 0.574729
477 2.26541 1.39683 -1.00772 1.47155
478 1.59451 -0.318963 1.47618 0.511479
479 3.77478 1.6805 2.9134 1.71375
480 3.9156 0.844732 1.14444 3.6481
481 1.63598 0.473319 1.45563 -0.577519
482 2.77656 -0.187071 -1.44501 -2.36352
483 4.02607 0.607818 3.50113 1.89259
484 3.75529 -1.33443 1.37709 -3.2288
485 3.54667 -0.478913 -0.535503 -3.47314
486 1.85539 0.502959 -1.60602 -0.781161
487 2.33629 -1.00166 1.96756 -0.763957
488 1.7316 -1.71586 0.032266 -0.230707
489 1.52792 0.0517923 1.51778 0.167962
490 1.83246 0.611201 0.715624 -1.57233
491 3.52673 -2.18491 2.10116 -1.80254
492 2.43654 -1.92556 1.35024 0.637049
493 3.70723 2.35978 -2.05351 -1.9895
494 1.86295 -0.434086 -0.931389 1.55392
495 1.24446 0.319629 -0.100747 1.19848
496 1.03017 0.243493 0.014575 1.00087
497 3.06011 -1.07627 1.98664 2.06378
498 2.23936 -0.639926 -1.49933 1.53532
499 3.2083 -1.19206 -0.732833 -2.88707
500 1.02058 -0.656213 0.587482 -0.515591
501 2.48334 -1.03836 -1.21831 -1.89855
502 1.42645 0.462207 0.864343 -1.03636
503 0.816896 -0.332317 0.139367 -0.733117
504 1.72738 -0.367527 1.08337 -1.29424
505 1.07595 -0.463811 0.94855 0.20688
506 3.83728 1.43772 -1.77273 3.08465
507 2.22024 -1.22828 1.7739 -0.523503
508 0.659597 -0.334642 0.466339 -0.324978
509 3.98531 0.127632 3.35853 -2.14166
510 1.42823 -1.39703 0.296532 -0.0147094
511 3.47857 -0.27462 3.01825 -1.7074
512 3.07529 -1.66882 2.583 0.024268
513 3.24802 2.61848 -1.79175 -0.694874
514 2.03828 1.93654 -0.62693 -0.10657
515 2.99592 -0.162081 -0.0541111 -2.99105
516 2.05572 -1.53963 0.575832 1.23448
517 3.07488 -2.41787 1.71444 0.818229
518 2.14227 -2.11855 -0.317832 -0.00804771
519 1.42717 -0.00694788 0.328652 -1.3888
520 1.03138 0.0152407 0.338442 0.974149
521 2.80998 -2.07806 1.88218 -0.187235
522 2.65894 1.68015 2.04667 0.24118
523 1.33698 0.599319 1.1855 -0.151369
524 3.17109 0.375833 0.365335 3.12748
525 3.86981 -1.67179 1.34801 3.21922
526 2.90277 1.5426 1.49878 -1.94938
527 1.3141 0.0035873 0.380518 -1.2578
528 3.30931 -0.275067 2.83684 1.68172
529 3.90939 -1.43266 3.57974 -0.645164
530 3.05067 2.2375 -2.06419 -0.198114
531 2.24577 1.05967 1.94358 0.378244
532 1.9063 0.870172 1.65798 0.357628
533 3.31321 -1.65802 -2.85575 0.270263
534 4.05022 0.569579 0.240885 4.00273
535 1.17634 0.901445 -0.723036 0.219993
536 1.09405 -0.031623 1.06445 0.250801
537 3.78423 -0.539156 -1.33871 -3.49822
538 1.21918 -0.509721 0.989627 0.497206
539 1.71667 1.03127 -0.105836 -1.3683
540 3.33196 -3.1617 0.816645 0.66232
541 4.08827 1.99099 -3.15096 1.67968
542 3.517 0.966941 -2.5192 -2.25566
543 2.27664 0.659473 0.0858601 2.17734
544 4.75574 1.10255 -0.8623 -4.54509
545 3.29806 2.48585 1.47932 1.58409
546 3.98183 -2.30231 -1.66596 2.78907
547 1.92289 1.1735 -0.117737 -1.51873
548 0.925611 -0.0979742 0.528185 -0.753776
549 4.0255 -1.35109 -3.11783 -2.15832
550 3.25801 -2.69864 -1.44029 -1.12138
551 1.77417 0.191359 -0.114229 1.76012
552 1.14449 -0.491926 0.652152 -0.801601
553 1.50016 0.542802 -1.33767 -0.408025
554 2.28532 0.969083 -1.78495 1.04763
555 2.5738 1.1824 0.920033 2.09282
556 2.57802 -0.857031 -1.28076 2.06672
557 3.63474 0.871296 -1.41682 -3.23184
558 1.20138 -0.0304116 0.25551 -1.1735
559 1.67872 1.39073 0.576133 0.742987
560 3.08295 1.62747 0.764273 2.50436
561 2.03914 -1.44894 1.16909 -0.831789
562 2.72766 1.93128 1.50315 1.20449
563 2.67583 -2.01173 -1.75264 0.203072
564 2.90528 0.479925 -2.84639 -0.329188
565 1.24479 -0.336824 0.023294 1.19812
566 2.09566 1.17946 -1.11806 1.32311
567 2.51936 -0.141569 0.643873 -2.43157
568 3.23122 -2.79267 1.48324 0.664666
569 4.52796 1.53519 3.17315 2.84196
570 2.62265 0.563185 -0.428463 2.52538
571 1.31808 -0.0354387 -1.27193 -0.343916
572 1.5871 1.42546 -0.650484 0.252661
573 3.57558 0.656399 -2.4239 -2.54532
574 2.17316 1.52502 1.31399 0.81877
575 2.42021 -2.36512 0.124502 -0.498104
576 1.71369 1.67101 0.090763 -0.369043
577 0.879475 0.602353 0.222172 0.601071
578 1.87676 0.522003 1.33808 1.20802
579 3.7446 0.0923912 3.14878 -2.02452
580 3.35612 -1.09622 0.557231 3.12272
581 3.31367 2.163 1.16487 -2.22372
582 4.11666 0.959597 0.977252 -3.88214
583 1.81027 1.49452 -1.02116 0.0264213
584 2.69373 -2.30231 1.39809 0.0301652
585 3.14556 -1.12485 -2.93468 0.129952
586 2.06231 -1.26986 1.36719 -0.878272
587 2.0726 -1.50377 0.86658 -1.13286
588 2.65265 -0.145561 2.60414 -0.483571
589 3.45034 -0.0424216 -1.6277 -3.04198
590 1.47428 0.0503345 -1.45114 -0.255263
591 1.34821 -0.899136 0.856562 -0.52491
592 3.9842 -0.568631 2.95176 2.61489
593 2.08249 -1.58621 -0.554082 -1.23034
594 2.42682 1.78594 -1.56681 -0.494929
595 1.1616 0.116773 -0.494187 1.04473
596 1.78414 1.03679 1.44381 -0.153713
597 3.20834 1.85645 -2.11116 1.54597
598 1.93278 0.977441 0.672705 -1.52568
599 1.91547 1.85843 0.0618457 -0.459843
600 1.98598 1.37325 1.43121 -0.0997177
601 0.810323 0.445144 0.666181 0.121128
602 1.13193 -0.746809 -0.287086 -0.800705
603 3.17673 0.475614 2.86552 1.28617
604 2.84141 0.0445943 -2.03943 1.97797
605 2.84766 -2.26588 -0.00586426 1.7248
606 1.86846 -0.336829 -1.68402 0.736056
607 2.80415 1.97904 1.98356 0.110489
608 0.975543 -0.706762 0.504531 0.444546
609 3.47554 -1.91525 2.59596 1.29313
610 2.94515 2.93569 -0.163746 -0.169781
611 3.87885 0.150255 3.8352 0.560472
612 2.91687 -0.78916 -0.14273 2.80446
613 3.41775 0.33298 -1.98926 -2.75917
614 3.01128 1.84132 -0.0561176 -2.38205
615 3.21636 1.40314 -2.18027 1.90331
616 3.44202 -1.91394 2.4471 1.48191
617 1.86428 -1.0806 -0.536225 -1.42137
618 2.27237 -1.93953 -0.833778 0.840658
619 3.38144 2.09966 -2.62367 0.37665
620 3.13519 0.249447 0.0249204 -3.12515
621 2.70462 2.28943 1.31579 -0.584977
622 3.85357 -2.62886 0.933354 2.65855
623 3.39919 2.39838 2.40733 -0.0839872
624 3.77095 2.49675 -0.490366 -2.78314
625 3.15675 -1.66537 1.59753 -2.15396
626 3.73446 -3.14143 -1.91649 0.636156
627 4.40505 2.07064 -0.730011 -3.8189
628 1.60767 -0.131822 -1.52322 0.497012
629 2.5368 1.61445 -1.22219 -1.52812
630 2.63392 -0.527946 2.51967 0.556851
631 4.70656 2.67226 3.74593 0.989283
632 1.9308 -1.01391 -1.25068 1.06573
633 1.23914 -0.828801 -0.0780644 -0.917852
634 0.909246 -0.40648 -0.255357 -0.772201
635 3.51239 1.54189 0.933015 3.01478
636 3.4632 -2.50874 2.12292 -1.09232
637 1.28475 -1.11804 0.580203 0.252856
638 2.71704 -1.15105 -2.39763 -0.555654
639 1.09136 -0.700694 0.836138 -0.0311107
640 1.85837 0.684433 1.38212 -1.03674
641 2.34304 -2.05388 -0.457837 1.03045
642 2.86224 -2.40381 0.789581 1.33815
643 2.01595 -1.69567 -0.717271 0.82114
644 1.27454 0.414347 1.20402 0.0558737
645 2.8978 -0.959286 0.371587 -2.70905
646 2.80909 1.20975 1.34009 2.15213
647 1.34226 -0.969323 -0.927955 -0.0313758
648 3.6332 1.23253 3.40045 0.343453
649 1.10432 -1.06455 0.258412 -0.139556
650 1.49129 -0.807844 -1.20849 0.332976
651 1.17051 -0.83007 0.0420446 -0.824207
652 0.811289 0.268221 0.515332 0.566286
653 2.06429 -0.50154 -1.93612 -0.511063
654 3.01408 -1.38933 -1.1597 2.41029
655 3.51941 2.29887 2.183 1.52838
656 2.37805 0.899338 -1.28242 1.78934
657 2.23913 -0.148259 -1.80015 1.32333
658 2.93925 2.66809 -1.19453 -0.305981
659 3.09159 1.49115 1.79451 2.02834
660 2.04887 0.895184 0.405659 -1.79776
661 3.10004 -0.926921 -0.607333 -2.89521
662 1.48174 0.401715 1.42389 0.0820285
663 2.34073 1.46028 1.23083 1.35338
664 3.75761 -0.783987 3.19499 1.81578
665 2.42856 2.00637 1.32653 0.335726
666 4.10209 0.882964 -3.57324 1.81093
667 1.57731 -0.959473 0.811004 0.953727
668 2.9843 -0.373569 -0.657466 2.8869
669 4.20756 3.30654 -1.04912 -2.38112
670 2.99904 -1.30319 -1.29741 -2.36911
671 2.00728 -1.55325 -0.483831 -1.17579
672 2.67031 -1.58336 0.165003 2.1439
673 2.04786 1.73242 -1.03467 -0.349145
674 1.29154 0.399513 0.86849 0.868443
675 1.92336 1.56626 -1.07534 -0.299682
676 1.39523 0.945562 -0.889474 -0.511296
677 1.77593 0.140686 0.426235 1.71827
678 3.8304 -1.31804 0.0340022 3.59633
679 3.30974 -2.05453 0.91515 2.42813
680 1.16385 0.275351 -0.168071 1.11825
681 2.57889 1.80941 0.502479 -1.76755
682 2.52157 -1.71232 -1.82831 0.289009
683 2.97645 0.377519 -0.0617733 -2.95177
684 3.76818 -2.24924 1.62154 2.55161
685 2.56766 -1.70852 0.425386 -1.86892
686 1.92832 -1.65681 0.913301 0.373198
687 3.37014 2.71519 -1.59589 -1.19946
688 1.94511 1.15209 1.56719 -0.00774854
689 2.42191 2.17473 -0.647464 0.846765
690 2.23546 1.42769 -1.63827 -0.524446
691 3.35272 -2.87683 -1.2925 -1.13757
692 1.67278 0.0991346 1.15344 1.20744
693 3.70902 1.86832 -3.13617 0.656203
694 0.830212 -0.627487 0.44565 -0.311302
695 1.26409 -0.0757832 0.982158 0.792177
696 4.66352 -4.24438 1.88589 0.420789
697 1.20821 -0.664671 0.10177 1.00381
698 0.576076 0.291884 0.130979 -0.479074
699 2.54335 0.645083 -2.21223 -1.07637
700 4.27984 -3.16999 2.81934 0.565268
701 3.85029 2.69914 2.55707 -1.00037
702 0.92502 -0.617403 0.660002 0.197163
703 3.41425 1.37659 2.58727 -1.75161
704 1.64794 -0.0208182 -1.04307 1.27564
705 2.5671 -0.635387 -2.18067 -1.19623
706 4.3817 -2.78091 -2.7593 1.96266
707 1.4525 -1.21805 0.598253 -0.517861
708 1.96528 1.21708 0.36577 -1.49908
709 1.24178 -0.307741 -0.498578 -1.09486
710 2.63375 -0.102918 -0.737796 2.52621
711 2.37567 -1.80484 -1.4856 -0.423515
712 3.02642 1.68753 -0.910256 -2.34155
713 3.3104 1.64353 -2.86654 -0.201222
714 1.1804 -0.826479 0.0373504 0.841955
715 2.5058 -0.835285 2.31437 0.47438
716 1.06461 -0.00471397 -0.803228 0.698718
717 3.76753 0.0347331 3.59817 1.11636
718 3.22016 2.69264 -1.60783 0.730766
719 2.24417 -0.570332 1.74835 -1.28619
720 2.23983 -1.01149 0.102948 -1.99577
721 2.77456 0.952616 -0.275573 2.59129
722 3.82567 -2.29843 2.61934 1.57862
723 1.56632 1.09005 -0.776279 -0.813976
724 1.45096 1.24959 -0.0876935 -0.732205
725 1.57092 -0.708895 0.553113 -1.28815
726 2.26644 -0.933429 -0.768014 1.91719
727 1.956 -0.97124 -0.0889676 -1.6955
728 2.83049 0.999168 2.61633 0.410023
729 0.605854 -0.43155 -0.0211209 0.42471
730 2.87951 -0.461995 2.75729 0.689588
731 2.28712 -0.626785 2.13341 -0.535406
732 2.35613 -0.56402 0.457515 -2.24141
733 1.93181 -1.38382 1.03247 0.866577
734 1.71102 1.6373 -0.197623 0.455841
735 1.55048 -0.20577 1.52007 0.225852
736 1.41266 0.995775 0.805584 -0.595882
737 2.8633 -1.55655 0.259981 -2.38915
738 1.93484 -1.05077 -1.61198 -0.20258
739 1.95676 1.58653 1.12401 -0.220054
740 2.68795 1.96891 0.089748 -1.82769
741 2.17002 -1.00167 -1.00695 -1.64064
742 1.57524 -1.30978 -0.118499 0.867077
743 6.43624 -2.01832 1.84411 -5.82673
744 0.965281 0.92227 -0.270786 -0.0886592
745 1.83547 0.134227 -1.39588 1.18425
746 1.26385 -0.517984 -1.10097 -0.341854
747 4.55487 -1.06623 -3.92577 2.04898
748 3.61047 -0.28189 -1.07563 -3.43497
749 1.90742 0.840714 -0.777434 -1.52547
750 2.51462 -1.8805 -0.280215 -1.64575
751 1.48539 0.0978926 1.00804 -1.08657
752 3.96004 -0.181597 1.23018 3.75973
753 1.65385 -0.965977 -1.20914 -0.583178
754 4.81845 -1.00412 -1.84628 4.33596
755 5.00257 -0.552996 0.294011 -4.96321
756 1.43057 -1.03929 0.01983 -0.98286
757 1.92008 1.8621 0.00104005 -0.468284
758 4.43574 -0.628177 0.540152 4.35769
759 1.52153 -0.429722 -0.819596 -1.20775
760 2.50411 -1.52569 1.96499 -0.285652
761 3.34325 -1.87945 -2.1767 -1.70497
762 1.28434 -0.147162 -1.22874 -0.343614
763 3.01005 -2.80034 0.400996 -1.02842
764 5.00085 3.81769 2.91132 -1.39929
765 2.42427 -0.559756 -2.35308 0.163531
766 1.86501 -1.56097 0.35588 -0.956543
767 1.65797 0.674069 1.0493 -1.09246
768 1.39603 -0.714664 -0.271322 -1.16814
769 1.34269 -0.264812 0.946084 -0.915219
770 4.66803 -0.0493365 -0.819647 4.59524
771 1.78636 0.685636 -1.55903 0.538916
772 3.40513 -2.14547 2.45312 -0.986938
773 2.56184 -0.255105 -0.906174 2.3826
774 1.56517 0.179633 -1.55405 -0.0491673
775 3.27421 1.69169 2.64023 0.942244
776 1.98754 -1.40823 1.38163 0.241475
777 2.18807 -1.02126 1.62451 -1.05151
778 2.30534 0.770951 -0.130435 -2.16869
779 3.26585 -3.0477 -0.64527 0.980276
780 1.376 -0.768473 -0.827667 0.785993
781 4.51622 -0.723318 3.65899 2.54654
782 2.02102 -0.605807 -0.00214449 -1.92808
783 2.80884 0.290483 1.20301 -2.5215
784 1.9168 -0.685528 -0.384933 -1.74814
785 1.74464 -1.40589 0.381164 0.960189
786 2.18952 -1.57886 0.939544 -1.19099
787 2.446 0.745398 -2.19081 -0.79224
788 2.35542 2.22608 -0.757502 0.136905
789 3.93302 1.70976 2.17247 -2.79746
790 2.19452 -0.260014 0.949387 -1.96137
791 2.39017 2.23084 0.185207 -0.837834
792 2.31627 1.08515 -0.725968 -1.91325
793 1.81575 -0.896638 -0.122634 1.57415
794 3.87097 2.10525 -3.05074 1.11593
795 0.743421 -0.00141039 -0.68102 0.298136
796 1.82261 -1.37938 0.775221 0.904565
797 0.845372 -0.486134 -0.637678 -0.267759
798 2.04712 1.6612 1.18827 0.138299
799 1.8193 1.06553 1.14641 0.927487
800 2.19305 0.51505 -1.06932 -1.84411
801 1.65048 -1.48853 -0.708318 0.0815594
802 4.99702 4.2633 -0.920008 -2.43888
803 3.18856 -0.633169 -3.09177 -0.454945
804 0.984975 -0.501041 -0.217136 -0.819747
805 1.6421 1.20114 0.757696 -0.824409
806 2.62251 1.85756 -0.450626 1.79554
807 1.18733 -1.18452 0.0754388 0.0314433
808 0.951776 0.198624 -0.298175 0.88177
809 1.73898 -0.354883 -0.644762 -1.57556
810 2.92872 -1.52447 2.30779 -0.963061
811 3.08753 2.7095 -1.47572 0.117043
812 2.70584 -1.76065 -0.474432 1.99914
813 2.74353 -0.382332 2.67171 0.492654
814 3.40524 -0.333349 2.17473 -2.59906
815 3.08643 -0.689395 2.42085 1.78614
816 2.44951 -2.13358 0.053801 1.2021
817 1.55527 -0.363223 0.929879 1.19258
818 1.66972 -0.465771 1.48222 0.611583
819 0.716242 0.353562 0.596061 -0.180851
820 3.28679 1.94531 -1.86264 -1.88397
821 2.24739 0.349962 2.08157 0.771577
822 2.98663 -0.0289558 1.10767 2.77348
823 3.0991 1.22125 2.07698 -1.94914
824 3.96003 -1.78644 1.01257 3.38603
825 3.3801 0.0620028 2.24141 2.52929
826 4.60637 1.89891 3.97749 1.3388
827 3.24033 -1.49259 1.01125 -2.69245
828 3.48908 -0.909946 -1.0196 -3.21031
829 1.66236 0.992084 0.576099 -1.20305
830 3.21296 -2.20347 0.43982 2.2966
831 3.63925 1.17593 -2.55938 2.30454
832 0.787455 -0.50802 0.579757 -0.160883
833 1.1512 0.285639 -0.919976 0.630331
834 4.02582 -0.105427 1.12393 3.86431
835 2.67941 -2.26317 1.36784 0.431689
836 4.28984 0.637431 4.23164 0.299329
837 2.96973 1.10791 -0.55165 2.69954
838 2.05269 1.46985 -0.925259 -1.09407
839 4.18385 1.51809 0.304555 3.8868
840 3.81194 3.70262 0.260449 -0.868161
841 3.18533 1.7461 2.54759 -0.779252
842 1.86761 1.62816 -0.888243 -0.219298
843 3.09988 0.481306 -3.02717 -0.46243
844 2.32007 -1.79942 1.44562 0.234486
845 3.38076 -0.129172 1.87642 -2.80925
846 0.912257 0.630599 -0.136517 0.644919
847 1.53012 0.73387 -0.721552 -1.13228
848 3.29806 -2.97473 -0.281889 -1.39596
849 4.61877 2.57811 -3.82442 0.245344
850 2.26975 -1.31545 1.52399 1.04823
851 1.5196 -0.221851 -1.13747 0.982912
852 3.22509 3.15703 0.525958 -0.397158
853 2.9676 0.530503 0.372244 -2.89598
854 2.40332 1.47781 1.29292 1.38577
855 4.04087 -2.82071 -1.85883 2.21742
856 1.29688 -0.794699 -0.953105 0.376733
857 0.836112 -0.703528 -0.321945 0.31699
858 1.73872 -0.0620069 0.699595 -1.59056
859 2.1085 0.550689 -1.45637 1.42179
860 1.11999 -0.666565 -0.784847 -0.44054
861 1.87861 -1.6951 0.087261 -0.805095
862 1.81488 -0.961311 0.925329 -1.23022
863 0.954034 0.200414 -0.83398 0.417722
864 2.5925 -2.31104 -1.14478 0.263899
865 1.92153 -1.60927 0.917089 0.511359
866 3.64056 3.18414 1.44799 1.00908
867 2.29711 -1.71579 -0.650359 1.38197
868 0.849316 -0.651489 -0.478977 0.259771
869 1.99988 1.65618 1.10704 0.176264
870 1.68663 -0.959224 0.574008 -1.26298
871 2.30339 -0.97482 1.87321 0.920005
872 2.17974 -0.620647 -2.05141 -0.397216
873 1.47289 1.00038 0.898029 -0.601821
874 2.48201 -0.426845 -2.21803 -1.02885
875 2.7021 -1.70464 1.97473 0.704247
876 4.64518 -3.37017 1.88126 -2.58466
877 2.55717 -0.65959 1.84807 -1.63973
878 4.06633 -2.57077 -1.93895 2.48327
879 2.24156 1.8467 -1.22842 0.324403
880 2.97106 -0.238113 -2.67557 -1.26957
881 3.46229 0.576773 2.29994 -2.52291
882 4.1569 3.21528 -0.637959 2.55633
883 0.984244 -0.894542 0.109034 0.395782
884 0.68038 -0.649664 0.197891 -0.0411397
885 3.16117 2.78111 -1.49788 -0.121682
886 3.96498 1.2529 -0.419232 -3.73839
887 0.967656 0.947569 -0.180252 0.0773422
888 2.11641 0.0805559 1.70289 1.25415
889 2.88987 -0.680845 2.64022 0.957622
890 0.335535 -0.0468884 0.296667 0.14958
891 4.02425 0.686038 1.80243 3.53203
892 2.60771 -0.0304336 0.340938 2.58514
893 0.846391 -0.342831 -0.480875 -0.606304
894 3.2928 -1.32726 2.55962 1.59036
895 2.72884 2.35474 -1.14221 -0.772724
896 1.64058 1.20202 0.166887 1.104
897 2.77255 -1.37357 -0.512694 2.35319
898 1.4433 -1.36935 -0.0751764 0.449811
899 3.14256 3.02333 -0.752091 -0.41174
900 1.3471 0.282836 -0.424042 -1.24694
901 1.59664 1.06704 0.260483 -1.1588
902 4.53432 2.10922 -2.39393 3.22186
903 2.50631 2.04429 -0.685268 -1.27784
904 1.77989 -1.35896 0.788093 0.836749
905 1.06758 -0.215985 0.384586 0.972202
906 2.42878 1.02536 -0.848469 -2.03168
907 1.37641 -0.160336 -0.757623 1.1379
908 4.56507 4.20087 -1.74862 0.367262
909 1.12302 0.514292 0.805485 -0.589802
910 1.35162 -0.260997 1.09021 -0.755104
911 0.76748 0.574687 -0.215573 0.460748
912 1.3798 -1.18557 0.432936 -0.557547
913 3.11962 2.99001 0.566893 0.685936
914 4.53489 4.30342 -1.08269 -0.934665
915 1.73053 -0.867576 -0.599409 1.37214
916 2.98949 0.317436 -2.76613 -1.08849
917 0.849057 -0.226414 0.402477 -0.712493
918 3.74505 2.00298 1.68334 -2.67952
919 2.80881 1.87628 -0.602204 2.00158
920 1.55104 0.818996 -1.02421 0.828233
921 2.65616 -0.249413 -2.51359 0.821502
922 1.95956 0.304862 -0.427911 1.88781
923 2.16505 -0.942918 -1.17477 1.55508
924 2.4426 -1.62771 -1.62774 0.816887
925 4.56317 -0.808776 1.57319 4.20636
926 2.26875 -0.759617 -1.88416 -1.01001
927 3.90282 2.16379 3.13324 0.856077
928 3.42694 -2.73599 -1.98466 0.565144
929 5.63904 -4.24621 3.43106 -1.41293
930 2.91739 1.37506 -2.40331 -0.91893
931 0.774267 -0.0807156 -0.125718 -0.759717
932 0.96075 -0.773929 0.182077 -0.539372
933 0.985162 0.186206 0.966971 0.0289743
934 2.68797 -2.21544 -0.606305 -1.39623
935 2.00977 -1.77926 -0.554245 0.752464
936 4.42012 2.17746 3.27258 -2.02147
937 4.63477 3.23585 -3.10886 1.15987
938 1.76771 -1.29197 -0.974369 0.711485
939 2.48762 2.02811 -0.423544 -1.37682
940 3.55279 -1.33891 -2.54012 2.09224
941 2.12835 -0.946668 -0.592418 1.81184
942 1.77563 1.35998 -0.624058 -0.955955
943 4.63857 -2.10283 2.59311 3.22028
944 2.57381 2.28758 -0.664215 -0.974846
945 1.82477 -1.53499 -0.578065 -0.799639
946 4.16993 3.19239 -2.44194 1.11081
947 3.15084 2.07072 -2.06005 -1.18154
948 2.39613 1.6096 1.63669 0.686914
949 2.05692 -1.25842 0.976658 1.30132
950 2.86133 -0.173298 -2.80513 -0.537023
951 0.320604 0.0882417 0.125875 -0.281346
952 1.78374 -0.332618 -0.656933 1.62467
953 2.69874 1.77241 1.81059 -0.929266
954 2.24892 0.351077 -1.40376 -1.72158
955 0.437976 -0.0370751 -0.0827819 0.428481
956 2.85701 -0.422834 1.96148 -2.0338
957 1.835 -0.307505 0.606877 -1.70422
958 2.70025 -2.16256 -1.30243 -0.958298
959 3.37447 -0.298038 3.2791 0.738759
960 1.92147 -0.183589 -1.86519 0.423562
961 1.60871 1.27771 0.975809 0.0564619
962 1.04154 -0.815298 -0.531149 0.371444
963 2.60188 0.473717 -1.86714 -1.74904
964 3.11782 0.532245 -2.08175 2.25917
965 2.09925 -0.844962 0.697836 1.79051
966 1.95253 -0.879231 -1.16739 -1.2948
967 2.31213 -1.31322 1.87366 -0.332841
968 2.91813 -2.19437 -0.474494 -1.86416
969 0.678743 0.60653 -0.276342 -0.128253
970 3.35462 2.64169 0.189933 -2.05886
971 2.81788 -0.930202 -2.64616 -0.270217
972 1.51022 0.580346 -1.36018 0.306396
973 2.603 1.78797 -0.816836 1.70632
974 1.37644 1.27677 -0.417279 0.300538
975 2.69663 -1.04154 -1.96365 -1.5268
976 2.84632 0.260038 -2.82186 0.266405
977 3.15987 -2.14086 0.393181 -2.29061
978 3.33248 0.283236 -3.25998 -0.63063
979 2.38709 0.787592 -1.25593 1.87097
980 1.13444 -0.668353 -0.0730666 -0.913739
981 0.442603 -0.288481 0.182304 0.281854
982 4.33129 0.627233 0.824005 4.20567
983 2.17403 -0.0559902 -0.0683256 -2.17223
984 2.24295 1.48843 -1.67731 -0.0451299
985 1.89213 1.40489 -1.26691 -0.0372899
986 2.87713 2.36477 -1.60607 0.326052
987 2.74842 0.232761 0.545205 2.68373
988 2.87864 -0.154629 2.22908 1.81491
989 3.21805 0.061683 -1.76879 2.68764
990 2.98389 -1.39435 -2.10334 -1.59229
991 1.24516 -0.396694 -1.13369 0.328329
992 2.26107 -1.69434 1.16323 0.942619
993 3.87138 0.667512 -1.96701 -3.26694
994 1.7319 -1.02254 1.39056 -0.142262
995 1.61026 -0.216611 0.902095 1.31615
996 2.53246 1.35005 1.22847 -1.75544
997 1.15105 -0.0636354 -0.121011 -1.1429
998 1.9568 -0.783206 -0.95146 1.51999
999 2.57517 -1.62899 0.625359 1.8939
1000 1.05974 0.755641 -0.591959 -0.449049
1001 5.54091 2.1594 2.46271 4.4692
1002 1.69357 0.10858 -1.66498 -0.290249
1003 3.63293 2.0056 0.114599 -3.02698
1004 3.137 -1.13567 -1.91236 2.21223
1005 2.04048 -1.96745 0.19434 -0.504913
1006 3.49984 3.49929 -0.0604481 -0.0152372
1007 2.40021 1.65399 1.62933 -0.608762
1008 1.51028 -1.42105 0.302782 0.412173
1009 2.94074 1.57324 -1.50484 -1.97696
1010 2.83729 -0.486143 -2.02502 -1.92696
1011 3.43687 -3.17571 -1.03362 -0.811526
1012 5.01981 -2.6981 1.2471 4.04519
1013 2.12809 -1.54782 1.45036 -0.171633
1014 3.59903 -1.60024 3.00005 1.17982
1015 5.71683 -4.37373 -3.6753 -0.211698
1016 3.4044 1.84594 2.67984 1.00045
1017 2.88567 -2.58953 -0.996589 -0.792624
1018 2.13428 -1.20416 -1.31237 1.17595
1019 5.38231 -0.470477 0.521002 5.33634
1020 1.95036 1.76895 0.820757 -0.0332662
1021 2.92751 -2.73364 0.998656 -0.316565
1022 1.96895 0.946885 1.46877 -0.907138
1023 3.41754 0.184396 -3.131 -1.35736
1024 4.79358 -3.16969 -3.45897 0.983373
1025 1.25525 0.589222 1.1018 0.120481
1026 0.933923 0.290019 0.883827 -0.0833709
1027 1.86848 0.154217 -1.09815 -1.50383
1028 2.43239 -1.58061 1.66099 0.81199
1029 2.08313 0.570181 1.93812 0.50794
1030 5.33266 -1.54075 -1.95948 -4.71421
1031 4.57837 1.375 -3.68944 -2.33642
1032 3.8259 -1.95565 2.98174 1.38642
1033 2.47647 1.12703 2.18944 0.262812
1034 1.22721 -1.13426 0.27658 0.37814
1035 6.85648 4.02711 3.13452 4.57913
1036 2.11317 1.33369 0.400143 1.58955
1037 2.47803 -1.38723 1.30777 1.58303
1038 1.18569 0.756482 -0.0825797 -0.909272
1039 2.95969 -2.7515 -0.710194 -0.827412
1040 2.58801 -1.29556 -2.04912 -0.905755
1041 1.48347 0.530032 -1.27003 -0.553879
1042 2.33278 1.01139 1.25351 -1.6875
1043 0.980817 -0.58898 0.710062 0.333041
1044 2.24649 -1.39938 1.15927 1.32082
1045 1.88229 0.183083 -0.214614 1.86103
1046 2.1641 -0.674011 0.60871 -1.96431
1047 2.4295 -1.95013 -0.11335 1.44451
1048 3.87282 0.27913 -3.72689 -1.01544
1049 1.24957 0.532032 -1.12852 0.0693449
1050 3.57581 -1.75267 3.11651 -0.0441184
1051 1.38781 -0.723404 -1.13418 0.341058
1052 4.36961 2.9996 -0.313859 3.16187
1053 1.41557 0.0413066 -1.14078 0.837111
1054 1.06483 -0.804063 -0.698063 0.00718853
1055 2.15472 -1.97642 0.302004 0.80335
1056 1.13975 0.110577 -0.104193 1.12958
1057 3.69966 3.21178 1.83279 0.113078
1058 2.57745 0.885406 -1.81885 1.59721
1059 1.29875 1.20684 -0.0653646 -0.475399
1060 1.85724 -0.726387 -0.700042 -1.55937
1061 1.1915 0.0484495 1.08866 0.481795
1062 0.598357 -0.422919 -0.00672113 -0.423232
1063 3.4608 0.384844 1.27555 -3.19406
1064 1.17429 -1.17057 -0.0863784 0.0354335
1065 2.68945 -0.784784 -0.0693295 2.57147
1066 0.946336 0.261374 -0.885718 -0.206737
1067 3.84681 0.636012 -3.78547 0.252379
1068 1.93332 1.92772 0.0524671 0.137376
1069 1.80586 -0.876822 -1.18234 1.04613
1070 3.21148 -2.49775 0.960695 1.77536
1071 2.17324 -0.560134 -0.415184 -2.05836
1072 1.28429 -0.082767 -0.519333 1.17168
1073 2.75119 0.0539396 2.63118 -0.801895
1074 3.37374 1.26316 0.969621 -2.97429
1075 1.44333 -0.697181 0.595936 -1.11445
1076 4.89324 2.93504 -3.71425 1.23844
1077 2.33395 1.42118 1.80494 0.412053
1078 2.89651 0.739355 -2.69075 -0.776504
1079 3.42209 0.155712 -2.09603 2.70058
1080 3.1872 2.26705 0.344945 2.21354
1081 0.849161 0.347925 -0.772228 0.0607259
1082 2.99772 -2.42867 -1.2458 1.23931
1083 3.35459 -0.667702 -1.3816 -2.98306
1084 2.10812 -0.283847 2.04815 -0.410691
1085 2.58789 -1.85374 -0.500907 -1.7349
1086 3.07225 0.206239 -1.39681 2.72857
1087 3.50388 1.27346 1.66255 -2.80916
1088 2.59981 2.45205 -0.730004 -0.462112
1089 3.27979 -0.820731 -1.67965 -2.69484
1090 2.97671 -0.265296 -1.91242 -2.26562
1091 4.6337 -1.30356 2.26716 -3.82517
1092 1.69966 -1.22087 0.224234 -1.16106
1093 3.17202 -2.44255 0.937543 -1.79351
1094 2.19399 -0.443509 -0.050905 -2.14809
1095 2.01526 -0.350218 -1.91639 -0.515841
1096 1.81565 1.38877 -1.16839 -0.052662
1097 1.66812 -0.70076 -0.266274 1.49018
1098 2.71445 -0.806076 -0.150389 -2.58763
1099 2.65932 -1.68596 1.94827 -0.658602
1100 2.74145 0.205461 2.61358 -0.801595
1101 2.22492 1.06293 1.94635 -0.179328
1102 4.2515 0.11794 -2.48742 -3.44589
1103 1.04022 0.507701 0.565192 -0.710538
1104 1.70851 -0.794351 0.432227 -1.44954
1105 4.11802 0.283122 -3.56376 2.04391
1106 0.981174 0.861625 -0.177576 0.434478
1107 2.96695 -2.83878 0.30256 -0.807828
1108 3.15427 -3.13708 0.0975372 0.31403
1109 2.85669 0.12836 -2.03742 -1.99828
1110 2.04739 1.72963 -0.182345 1.08026
1111 4.47633 -0.0240248 2.70026 -3.57009
1112 3.06549 2.23688 2.09535 -0.0562092
1113 4.0986 1.99234 0.740451 3.50441
1114 0.928888 -0.234553 0.755351 -0.487097
1115 3.38076 -1.50095 -2.118 -2.16582
1116 2.14831 -1.60718 -1.09303 0.915145
1117 2.02974 -1.42394 0.947938 -1.09255
1118 1.59759 -0.0619428 1.59186 -0.120188
1119 4.47612 2.20211 0.137586 -3.89453
1120 5.02904 0.0204714 4.68071 -1.83897
1121 1.22262 -0.41732 -0.467834 -1.04966
1122 1.9131 0.529502 -0.324065 1.80958
1123 0.569903 0.277695 0.482124 0.123411
1124 1.60411 0.221998 1.26685 -0.958639
1125 1.31929 -0.143891 -1.07589 0.749863
1126 1.54149 0.361317 -0.169854 -1.48889
1127 4.00271 -3.95121 -0.606241 0.205199
1128 4.05571 -3.18718 -2.16107 -1.27294
1129 1.79403 0.981174 1.09723 1.02564
1130 2.56926 1.44642 -2.06216 -0.506416
1131 2.47113 2.44602 0.249682 0.247282
1132 0.978066 0.836792 -0.340597 -0.374681
1133 3.32867 -1.52556 1.0046 -2.78272
1134 3.30693 1.63663 0.475208 2.83397
1135 3.73932 2.10281 2.96803 0.866894
1136 0.79889 -0.0155967 -0.725301 0.334546
1137 3.11448 2.56973 1.51276 0.898893
1138 2.38972 -2.04559 -0.880679 0.866441
1139 1.29635 0.145039 0.824946 -0.989422
1140 3.10359 -2.49492 1.49343 -1.08503
1141 3.62105 3.09898 -1.18454 -1.45092
1142 2.08848 -2.07799 0.147425 0.148218
1143 1.55152 1.04815 1.01053 0.536131
1144 2.17493 -0.914717 1.40333 -1.38718
1145 3.24814 -0.549744 2.91664 1.31962
1146 4.04017 0.661749 -3.09786 -2.50766
1147 0.846076 0.679868 -0.0464631 -0.501463
1148 1.15118 0.396797 -0.845557 -0.672898
1149 1.2471 0.102875 -1.05732 -0.653262
1150 2.15192 0.839064 -1.98065 -0.0611441
1151 2.70246 1.26353 2.02866 1.26147
1152 4.71171 -3.7751 -2.05452 1.93075
1153 1.84464 1.43413 -0.554303 1.01918
1154 3.22024 1.31438 -0.26455 -2.92786
1155 1.35745 1.35734 -0.0175941 -0.000159248
1156 2.2448 2.01604 0.0398415 -0.986463
1157 2.54465 0.994611 -2.02468 -1.17757
1158 1.39344 1.14732 0.7864 -0.0830304
1159 3.04277 0.268906 -2.77218 -1.22523
1160 2.04359 1.32859 -1.53724 -0.219029
1161 1.21957 0.844646 0.134053 -0.869457
1162 2.51857 -0.212328 -2.35506 0.867053
1163 2.87218 1.54105 0.194441 2.41595
1164 3.54396 -3.30834 -0.85083 0.943739
1165 3.51799 -1.61572 2.42829 1.96699
1166 2.83899 -1.23364 0.674617 2.46635
1167 1.62544 0.650212 -1.27186 0.775659
1168 2.1027 1.52918 -0.802213 -1.19976
1169 1.99925 0.154952 1.73289 0.984938
1170 1.66621 0.582349 -0.0830478 -1.55892
1171 2.17899 0.310328 1.93652 -0.949523
1172 2.55984 -0.825947 -1.68952 1.73669
1173 2.44247 1.89429 1.3512 0.742679
1174 0.952546 -0.182471 -0.105732 -0.928907
1175 0.772306 -0.304931 0.667698 -0.24011
1176 3.56942 -1.26242 -1.3757 -3.04212
1177 3.81838 -3.52205 0.13318 1.46882
1178 1.51949 -1.13216 -0.643374 -0.783034
1179 2.65514 -2.53107 0.256852 0.759913
1180 5.24177 -3.79367 -3.37819 -1.2931
1181 1.7959 0.668207 -1.65496 0.199673
1182 3.44675 0.681129 -0.425126 -3.35192
1183 2.5648 1.84463 -1.72716 -0.438715
1184 3.6488 -1.18121 -2.37858 -2.50217
1185 1.01133 -0.818421 0.316579 -0.502748
1186 3.12273 0.706995 -0.32323 3.02442
1187 1.87193 0.269655 0.357849 -1.81751
1188 1.57542 1.10203 1.12568 0.0179725
1189 2.53748 2.47007 0.383829 -0.436193
1190 0.415862 -0.186348 0.348328 0.129936
1191 3.356 1.39395 -2.04144 -2.26984
1192 2.32901 -1.19857 -0.491443 -1.9355
1193 1.02944 -0.580001 0.238688 0.816322
1194 2.57845 -1.36242 1.76435 1.29588
1195 2.67815 0.632887 0.819542 2.46988
1196 4.68996 2.43344 -0.288236 -3.99887
1197 3.70637 -0.0232048 3.6746 0.483706
1198 4.0284 -0.67861 2.72851 2.88492
1199 2.20212 0.568629 0.218865 2.11615
1200 2.95642 -2.66127 -0.00405 1.28764
1201 1.00105 -0.421451 0.896956 -0.141275
1202 2.12106 -1.31829 1.60737 -0.421129
1203 3.33339 0.0880777 -2.03184 2.6411
1204 0.404001 -0.175607 0.344311 0.117598
1205 1.86083 1.85126 -0.187652 0.0172647
1206 3.13748 -2.50337 0.753708 1.7346
1207 4.55567 -3.55641 -1.5504 2.38796
1208 3.73336 -1.30116 0.026605 -3.49918
1209 3.86571 -2.84066 1.96888 1.73143
1210 2.28878 -1.75225 0.810494 1.22932
1211 2.68573 1.8086 1.59121 -1.18751
1212 1.66482 0.552107 1.28001 -0.910157
1213 3.87548 -0.629643 1.38524 3.56426
1214 2.24206 -0.688692 1.44146 -1.57313
1215 1.73433 1.541 0.67484 -0.421672
1216 2.96027 -0.703014 2.55202 -1.32522
1217 2.36796 -1.7623 -0.776481 1.37791
1218 2.07165 -2.05024 -0.261662 -0.14058
1219 2.36287 0.40964 -2.24276 -0.620789
1220 3.39011 -1.2557 1.053 2.9677
1221 3.41836 -3.36755 0.543594 0.222029
1222 2.10788 1.7671 -1.12819 0.218413
1223 1.68826 1.24854 0.995668 -0.547748
1224 2.0157 1.88595 0.359835 -0.613831
1225 2.63481 0.224382 -2.07462 1.60867
1226 1.2381 -1.18045 -0.350383 0.129011
1227 3.61585 1.59305 -3.05398 1.09992
1228 2.9667 0.574813 2.83028 -0.678515
1229 4.08901 -4.02275 0.725009 0.108689
1230 1.736 0.00664468 -1.05777 1.3765
1231 2.47747 1.72853 -0.163459 1.7673
1232 1.42258 1.26394 -0.588733 -0.282122
1233 2.48288 -0.713805 1.77658 -1.5808
1234 1.29464 -0.755415 -0.477774 0.936572
1235 2.31212 1.5752 0.711486 1.53571
1236 5.67765 -1.65584 2.09468 5.01061
1237 6.36707 -0.0869794 0.538615 6.34365
1238 3.41637 -0.426264 -1.90016 2.807
1239 2.19024 0.249181 1.83703 -1.16634
1240 3.99368 -3.9866 0.185663 0.148636
1241 1.87033 -0.348128 -1.57271 -0.950538
1242 1.54889 1.39067 0.43335 -0.526603
1243 1.7248 1.69409 0.0448025 0.320905
1244 3.16985 -2.01903 1.4924 -1.93499
1245 2.96106 1.62599 2.31832 0.865703
1246 3.86058 -3.7595 -0.66468 0.573051
1247 3.80122 2.30785 -3.01556 -0.171734
1248 2.23466 1.09022 -1.73855 0.884607
1249 2.40481 2.24943 -0.418705 -0.740179
1250 4.21271 -0.540454 3.04137 2.86442
1251 2.69949 -0.626528 -1.90984 -1.80201
1252 4.06196 -0.846879 -2.24051 -3.28062
1253 0.963384 -0.640633 0.428021 -0.578356
1254 2.51166 0.336917 -1.83639 -1.68007
1255 1.71139 0.88254 -0.0583817 -1.46511
1256 2.07654 -0.234882 -1.27836 -1.61946
1257 1.57825 1.33867 -0.769949 0.325589
1258 2.98726 0.972859 -0.602797 -2.75933
1259 4.30488 -2.38862 -0.866381 -3.47504
1260 0.748667 -0.477908 0.576275 -0.00351721
1261 3.00449 0.485391 0.0445915 -2.96468
1262 1.99614 1.89295 0.191615 0.603828
1263 1.50472 1.5022 0.0500714 -0.0712785
1264 3.75956 2.76809 -2.44775 -0.693208
1265 2.34385 -0.814542 2.18681 -0.219146
1266 1.59816 -1.25829 -0.966384 -0.192202
1267 3.26246 -2.04074 -1.06701 2.31095
1268 3.51286 -3.25983 1.28794 -0.234338
1269 0.905669 -0.556614 0.271052 -0.66102
1270 3.59223 0.902857 -3.28749 1.13198
1271 1.58237 -0.485943 0.382234 1.45659
1272 1.88208 -0.465492 -1.73939 -0.547777
1273 3.50216 -0.0444329 -2.51017 2.44177
1274 2.1611 0.103466 -0.642929 -2.06065
1275 3.3437 -2.8245 -1.7875 -0.0857437
1276 2.06111 0.746404 1.64943 -0.985115
1277 3.2774 2.23347 2.3694 0.372724
1278 4.42963 0.0288255 -0.986377 -4.31831
1279 1.44447 0.792785 -1.18194 0.246965
1280 1.62625 -1.22616 0.00277585 1.06828
1281 3.53791 -2.24337 0.693229 2.64643
1282 2.22574 0.150117 -2.03155 -0.896755
1283 2.03668 0.897809 1.39285 -1.18404
1284 1.96675 -0.425106 -0.319536 1.89349
1285 1.56803 0.882257 1.29034 -0.123928
1286 1.93521 1.16664 0.329866 1.50837
1287 1.59925 1.17542 1.07437 -0.147359
1288 5.59004 -0.478062 3.28825 -4.49526
1289 2.69569 -1.79797 -0.594287 1.91857
1290 1.22871 -0.32312 1.18113 -0.101218
1291 1.36163 0.675168 -0.317223 -1.1391
1292 2.14726 0.623662 -1.31238 1.58096
1293 4.09513 3.98716 -0.305135 -0.882919
1294 1.80022 -1.20586 0.740095 1.11308
1295 4.46361 -0.784704 -4.36244 0.526439
1296 2.72877 2.21129 -0.994904 1.25162
1297 3.57968 -1.60573 1.73277 2.68947
1298 1.97836 -1.78815 0.0528037 0.84478
1299 3.20376 -1.73224 1.62203 2.15231
1300 3.35483 -1.19829 -3.12695 -0.202816
1301 2.85834 1.3976 -2.37649 -0.754411
1302 1.90482 1.70266 0.28421 -0.805323
1303 3.27852 1.24594 -1.17542 2.79548
1304 3.20256 -1.04317 -2.56521 -1.60869
1305 2.89779 -0.95639 -0.236624 -2.72517
1306 2.40177 1.54504 1.6259 -0.858943
1307 2.27566 -1.55521 1.6611 -0.0264117
1308 4.77461 1.14791 1.49852 4.38562
1309 5.9772 -0.465416 -5.82658 -1.2495
1310 2.97629 -0.758356 0.094023 2.87652
1311 1.46315 -0.791574 -0.583172 -1.08357
1312 1.61627 0.847166 0.391476 1.31961
1313 2.73619 2.34905 1.3613 -0.339925
1314 3.18101 -2.86094 -0.0352103 1.39018
1315 1.57445 -0.390763 -1.43252 -0.523534
1316 2.21563 0.0889353 1.55378 1.57698
1317 3.83059 -1.92995 -2.45524 2.21822
1318 1.60793 1.19055 0.12305 1.07373
1319 2.26252 0.911628 -2.01312 -0.485022
1320 0.751082 0.258797 0.375409 0.596839
1321 2.16205 0.405438 -1.93584 -0.873282
1322 2.1517 -2.10206 -0.285319 -0.360257
1323 3.49825 3.13925 -0.770142 -1.33783
1324 1.0612 0.443665 -0.716011 -0.645468
1325 2.79354 0.673416 2.69074 0.332129
1326 3.17941 -1.44407 -2.83108 0.0911216
1327 1.45734 0.943232 0.898874 -0.652821
1328 3.64238 2.42336 -2.34587 1.37521
1329 1.79857 0.979424 1.49556 -0.197223
1330 2.84289 1.94263 1.48389 1.4513
1331 4.29085 -3.88673 -1.67471 -0.70716
1332 2.09636 -1.10459 -0.736561 -1.62237
1333 2.64121 1.04214 1.0987 -2.16397
1334 2.41903 0.595083 -1.08584 2.0781
1335 3.15711 -0.193099 1.97323 -2.45692
1336 0.795656 0.691267 -0.376403 -0.116356
1337 3.57573 -0.823111 2.83789 2.01363
1338 3.81729 -1.98644 3.25796 0.107065
1339 1.94427 -0.805322 -1.60601 -0.74321
1340 2.95631 1.57464 -1.2569 -2.16345
1341 1.69204 1.08421 0.226687 -1.27909
1342 3.03301 0.684429 2.9431 0.262464
1343 5.06773 -3.30552 -3.83589 0.203444
1344 3.57158 -3.06148 -1.7094 0.679276
1345 2.07142 1.1933 1.48931 -0.805467
1346 1.73065 0.829565 -1.02621 -1.11976
1347 5.16932 -3.56121 0.0535974 3.74657
1348 3.35613 2.76544 -0.480955 1.83974
1349 2.67384 -1.9691 0.853783 1.59471
1350 2.33429 -0.778753 -0.576323 -2.12375
1351 2.89153 -0.212352 -2.72892 0.93211
1352 3.03959 -0.502633 0.778532 2.89488
1353 0.925872 -0.846811 -0.00991327 0.374235
1354 2.19268 1.97665 0.104792 0.943241
1355 1.39821 1.32002 0.0805942 -0.453918
1356 2.13671 1.46439 1.42568 0.623311
1357 2.92518 -1.27613 -0.90605 2.47128
1358 2.73106 -1.34686 2.37252 0.125644
1359 2.3091 -0.129166 1.62478 -1.63566
1360 1.47834 -1.45936 0.146687 -0.185067
1361 5.09712 0.374434 -2.34572 4.50977
1362 3.98121 0.724235 1.5371 -3.60039
1363 3.44877 1.80134 1.24454 -2.66464
1364 2.77257 -2.42705 -1.1592 -0.672902
1365 1.16362 -0.913271 -0.0185963 -0.720836
1366 4.17551 1.81624 0.657943 3.70179
1367 2.71911 2.34951 1.34415 -0.258104
1368 3.62788 2.29129 -1.655 2.27431
1369 2.44315 -1.90885 -1.45757 0.448051
1370 1.34114 0.934695 0.256385 -0.926965
1371 1.35725 0.321833 -1.30358 0.19807
1372 0.511712 -0.281283 -0.398332 0.155117
1373 0.9195 0.0853084 -0.590396 0.69974
1374 3.57163 3.19342 -1.27589 -0.964736
1375 2.16811 -0.0712126 -1.82666 -1.16574
1376 2.71538 -0.559062 2.65631 -0.0689623
1377 2.86925 -0.244344 0.857285 -2.72726
1378 1.38537 -1.14441 0.116723 -0.771992
1379 2.08673 -0.0251141 -2.05256 0.375224
1380 1.76871 0.122358 1.32761 -1.16224
1381 2.76732 0.474905 -2.54057 0.98896
1382 1.63884 -0.388913 -0.721495 1.41915
1383 3.05455 -1.70692 1.67217 -1.90278
1384 1.61408 0.133419 1.59144 -0.233985
1385 1.55172 -1.23973 -0.676848 -0.642483
1386 0.612056 -0.125428 0.0730158 0.5946
1387 1.84279 -0.0372846 1.14924 1.44005
1388 1.09159 1.09012 0.0503779 0.0258553
1389 0.826942 -0.720123 0.340817 0.221588
1390 4.41718 4.27611 -0.695874 -0.861461
1391 0.823285 -0.704716 -0.345072 0.249197
1392 2.19052 0.962638 1.76837 -0.862889
1393 2.87161 1.7254 0.98603 2.07289
1394 2.57265 -2.35794 -0.8889 0.518183
1395 2.49259 -1.5127 0.305653 -1.95737
1396 6.02994 -3.31929 -2.74902 4.21727
1397 1.15044 -0.582159 -0.878212 -0.461883
1398 3.07356 2.81487 -1.22234 -0.170823
1399 5.80166 -1.39071 -0.794726 5.57616
1400 2.83087 1.10815 -2.59476 0.230307
1401 2.73942 2.65328 0.678257 0.0669842
1402 3.08494 -2.04072 -1.07127 -2.05054
1403 4.44201 2.55367 3.51948 0.90742
1404 3.18396 0.0196703 -2.23425 2.26833
1405 2.71273 -2.5676 -0.839707 0.247462
1406 4.69358 3.2857 -0.939059 -3.21746
1407 0.65219 0.378447 0.11971 0.517493
1408 1.82313 0.76767 -1.37691 0.915741
1409 1.87283 0.0590501 1.75007 0.66427
1410 1.30615 0.393108 1.24406 0.0617676
1411 0.814005 -0.576053 -0.55614 0.146545
1412 2.31337 -1.15322 -0.69854 -1.87985
1413 5.01447 2.44928 2.00527 3.88907
1414 0.692885 0.0536447 -0.0982129 0.683788
1415 3.09615 -0.891343 -0.133755 2.96205
1416 3.21985 -2.43279 -2.06214 -0.44328
1417 2.95729 -1.25713 2.35485 1.27274
1418 2.04164 -1.00511 -0.828537 1.57212
1419 3.06134 1.30334 2.76673 0.135421
1420 4.17676 1.36371 1.19222 -3.76354
1421 1.47685 -1.05635 -0.425001 -0.940528
1422 2.46285 2.04892 -0.759981 -1.13578
1423 4.14585 -3.77613 1.42794 -0.943376
1424 4.98887 4.02119 2.80234 -0.930452
1425 2.54034 -0.305197 1.92714 -1.62674
1426 0.673949 0.604866 -0.0765803 -0.287192
1427 1.14145 -0.120321 1.08034 -0.348275
1428 2.22337 0.511415 -0.391463 2.12805
1429 5.2819 2.84053 -0.99893 4.33958
1430 1.82019 0.138179 -1.23068 -1.33395
1431 1.01672 0.142416 0.975446 -0.248879
1432 3.64429 3.63163 -0.30264 0.0218835
1433 1.90093 1.73018 -0.00839393 -0.787382
1434 0.914855 0.057862 -0.337183 -0.848481
1435 2.64906 1.3978 -1.18764 1.91134
1436 2.98292 0.894416 2.84468 0.074929
1437 2.345 2.32269 -0.321192 -0.0308583
1438 3.79124 -2.28968 -2.99863 -0.372884
1439 2.91641 -0.217149 -2.10613 -2.00562
1440 3.05997 -2.57469 -0.679306 -1.50762
1441 1.97553 0.361603 0.983733 1.67458
1442 3.66065 2.08143 1.36416 2.6846
1443 1.61717 -0.584492 -0.952426 1.16897
1444 1.56892 -1.39018 0.726925 -0.0222181
1445 3.6054 -2.79314 -2.01141 1.07311
1446 1.7244 -0.215191 0.551392 -1.61963
1447 2.35061 1.51868 1.65104 -0.702171
1448 2.69332 2.2468 -1.3775 0.555312
1449 1.81805 -0.445559 0.869645 1.53313
1450 2.90308 0.994629 -0.25849 2.7151
1451 3.18966 -0.648503 1.92137 2.46205
1452 1.88635 -0.137476 -0.641583 1.76855
1453 2.14372 -0.281304 -2.05098 -0.556685
1454 2.10596 -0.96226 -1.79066 0.550158
1455 3.28748 2.09871 -1.74232 -1.83502
1456 2.27756 -1.81933 0.0643632 1.36864
1457 1.25136 -1.11483 -0.541077 0.174024
1458 2.19894 1.0657 1.92341 0.0111311
1459 1.55311 -1.54944 0.039185 0.0992999
1460 2.34092 0.291434 -0.0568026 2.32201
1461 3.44671 -3.39677 0.550086 0.197882
1462 1.43253 0.778418 -1.20046 -0.0714792
1463 2.85953 -2.21614 1.69141 -0.636207
1464 0.729496 0.726246 0.0658333 0.0199179
1465 3.4098 -1.97868 2.66608 -0.776925
1466 3.01529 0.46981 -2.03398 -2.17581
1467 2.1736 -1.64351 -0.256856 -1.39909
1468 2.60443 2.42366 -0.644279 0.702742
1469 1.26447 -0.806593 0.951476 -0.207311
1470 3.14863 2.31922 2.09132 -0.401835
1471 2.2264 -0.418916 1.27803 -1.77425
1472 1.97261 -0.522565 0.668082 1.78095
1473 3.43259 1.48305 -2.38956 1.96806
1474 2.80972 0.784273 -2.69758 0.0503325
1475 1.26365 0.160457 -1.20546 -0.34341
1476 4.12376 -3.52833 -2.0197 0.690752
1477 3.01868 -1.78076 0.677944 2.3413
1478 2.80464 -1.40333 1.92728 -1.47725
1479 3.99306 1.29916 3.43065 1.57712
1480 1.89056 -0.743301 -1.72406 0.222098
1481 4.74491 -2.0686 -4.17564 -0.893901
1482 1.58968 -0.767593 1.29403 0.513184
1483 3.04699 2.40872 1.80947 0.456116
1484 4.2017 -1.80907 3.44795 1.57899
1485 2.99982 0.94209 2.45061 -1.45117
1486 4.06536 -2.22391 -2.6115 -2.18208
1487 1.63725 -0.951887 1.2967 -0.305107
1488 4.03867 -2.80793 -1.00738 2.72242
1489 1.27239 -0.108068 1.21966 0.346017
1490 1.9325 -1.86863 0.332309 -0.363806
1491 1.29816 -0.302327 1.24264 -0.222877
1492 2.82265 2.05506 -0.894549 -1.71577
1493 3.76786 -2.9945 -2.16336 0.741329
1494 1.96504 -1.79359 0.802528 -0.0190553
1495 3.41789 -1.47246 2.62286 1.62311
1496 1.67886 1.4257 0.859853 0.215909
1497 1.73283 1.25124 -1.16578 0.279405
1498 4.53955 4.47277 0.564994 0.531599
1499 2.88396 2.40488 -0.961446 -1.26862
1500 2.50558 0.0253987 2.30283 0.987031
1501 1.42514 -0.350944 1.111 -0.820686
1502 3.16323 -0.953159 2.46543 1.73758
1503 1.96635 -1.13421 -0.0313512 1.60596
1504 2.63644 0.73146 -0.750528 -2.41919
1505 0.818883 0.273282 -0.197489 -0.746247
1506 1.51309 0.465187 -1.27969 -0.659876
1507 1.38502 -1.0295 -0.482169 -0.791159
1508 0.845228 0.657663 0.390491 -0.359731
1509 3.61781 1.9017 -2.91285 -0.993669
1510 0.882187 0.265662 -0.671632 0.506545
1511 2.84306 -0.605563 0.77911 -2.66632
1512 3.976 2.9549 2.44262 -1.05389
1513 1.88393 0.954497 -1.21237 1.08088
1514 3.7793 0.892267 -1.34614 -3.41685
1515 3.84895 -1.7331 -0.947859 -3.30339
1516 2.28169 -1.09341 1.52661 1.29615
1517 2.01356 1.39342 1.04197 1.01345
1518 1.85795 0.923195 1.1863 1.09196
1519 3.00254 2.75096 -0.837123 -0.864103
1520 2.8318 -0.836104 2.1876 -1.592
1521 2.31338 -1.3135 1.75421 0.741075
1522 4.07362 3.08189 2.33619 1.28008
1523 4.81452 3.25112 -3.37946 -1.09046
1524 2.46623 1.49111 1.84065 -0.686224
1525 2.0623 -0.123813 1.09941 1.74041
1526 4.71698 -4.11465 -0.407611 -2.27011
1527 1.15378 0.530687 -0.886805 -0.51299
1528 2.78444 -2.75389 0.251328 0.325608
1529 2.41519 -1.00375 2.11708 0.586166
1530 2.10752 1.09602 -0.442172 -1.74495
1531 3.68276 -2.60194 -0.143936 2.60229
1532 2.15139 0.976089 0.826023 1.73014
1533 3.20422 3.17713 -0.28039 0.307026
1534 2.93626 -2.28299 -1.25037 -1.35874
1535 1.63029 0.905561 0.240917 -1.33408
1536 3.36465 2.55247 1.30008 1.76509
1537 2.91409 -1.75547 -0.547053 -2.26076
1538 1.8182 0.242455 -1.56044 0.90117
1539 0.864743 -0.84458 -0.0389299 -0.181519
1540 3.23744 3.09718 0.743326 -0.57963
1541 1.31488 1.12697 -0.664874 0.129557
1542 2.14662 1.5087 -0.405092 -1.47231
1543 2.52275 0.590588 1.39273 -2.01886
1544 3.42429 3.1985 -1.21088 -0.170687
1545 3.75598 1.44818 2.98309 -1.76389
1546 1.79999 0.739488 -0.174032 1.63182
1547 1.60152 -0.801017 0.388635 1.33123
1548 4.76398 -2.20674 4.21878 0.166439
1549 3.90323 -3.0175 1.78968 -1.71082
1550 4.86193 0.480354 1.45356 -4.61463
1551 1.76912 1.49981 0.883021 -0.317232
1552 2.45916 -1.33015 0.714368 -1.94109
1553 2.86185 -2.81841 0.286424 0.405856
1554 2.17394 -1.75691 0.705073 -1.0687
1555 2.33446 0.789122 0.00823301 2.19703
1556 2.52728 0.357767 -2.38525 -0.754821
1557 3.24178 -2.55249 -1.69014 1.06648
1558 1.78392 -1.46015 -0.0135448 1.02476
1559 2.82327 -1.64744 0.424477 -2.25314
1560 3.45143 -1.21693 3.18983 -0.506388
1561 1.51789 -0.329933 1.45422 -0.283541
1562 2.80597 -0.716064 0.0401999 -2.71277
1563 2.5038 -2.4498 0.047465 0.51502
1564 2.8104 1.40259 2.2972 0.808681
1565 1.80978 -0.0176281 -1.80519 0.127586
1566 4.86273 4.54937 0.573381 -1.61884
1567 6.03115 0.66748 3.20416 -5.06583
1568 1.00747 0.807072 0.45017 0.401222
1569 2.11262 0.408612 1.07584 1.77165
1570 2.65746 1.28375 2.30458 0.320997
1571 1.18721 -0.318657 0.0934708 -1.13982
1572 3.20662 1.65649 1.48091 2.312
1573 1.28508 -0.42525 -0.754466 -0.949409
1574 2.53076 0.888044 1.44904 -1.87521
1575 2.13239 0.5274 1.02165 1.79587
1576 1.24285 1.22439 0.147163 0.154556
1577 2.79485 0.347088 1.11449 2.53941
1578 3.97103 -3.67205 1.40987 -0.54534
1579 3.00165 -1.68044 0.994759 -2.27958
1580 2.147 -0.789275 -1.99017 -0.160862
1581 4.11148 1.44849 -3.81332 -0.514547
1582 2.6515 -0.353286 -2.22185 -1.40322
1583 2.77572 0.276258 1.42828 -2.36397
1584 2.28759 -1.62335 1.5782 0.327284
1585 1.33752 0.522546 0.0248273 1.23097
1586 2.02738 -0.486556 1.26006 -1.51189
1587 2.3273 -2.30397 -0.30279 0.127888
1588 1.7096 0.766973 1.36226 0.691906
1589 1.94117 0.241839 0.258513 1.90862
1590 2.08732 0.0913158 -2.02457 -0.499673
1591 1.79802 -1.06619 1.1141 0.924607
1592 2.91023 2.38653 0.624938 1.54382
1593 0.583922 -0.297574 -0.102502 -0.491841
1594 1.26476 -0.409475 1.13564 -0.37718
1595 1.29362 0.0689194 1.29163 0.0198464
1596 1.93106 0.89673 1.44989 -0.907031
1597 2.0621 0.986854 -0.796573 -1.62599
1598 1.33101 0.41966 -0.997825 0.774473
1599 1.53636 -0.14743 -1.47529 -0.402726
1600 3.53221 2.10917 -2.26907 -1.69682
1601 3.04025 -1.73873 2.33696 -0.870967
1602 3.4332 -1.10926 3.12432 0.891676
1603 5.17872 -1.19866 4.57952 2.10007
1604 3.24651 1.75535 -1.54785 -2.25004
1605 0.698396 0.367684 0.160057 0.571793
1606 3.62356 3.07305 1.85437 -0.49782
1607 2.25688 0.116019 1.59936 -1.58811
1608 1.6923 -0.536481 -1.56692 -0.347588
1609 3.79136 -3.07337 2.20287 -0.275966
1610 2.83284 -2.57973 1.16673 -0.0934308
1611 1.01736 0.128541 0.357432 -0.943788
1612 2.29065 1.25812 -1.24462 -1.45435
1613 5.61195 2.07042 -2.62758 -4.5059
1614 3.76829 -1.88613 -1.30779 -2.98868
1615 1.32315 0.757838 0.149382 1.07428
1616 3.06924 -0.207578 -3.06 -0.116296
1617 1.82315 -1.64078 -0.648013 0.460233
1618 2.208 1.01528 1.77266 -0.837928
1619 1.37633 1.16741 0.0632288 0.726257
1620 3.84605 -3.57156 1.09604 -0.91365
1621 0.737798 0.390529 -0.341785 0.52442
1622 3.81985 -1.36427 -3.03554 -1.87498
1623 3.3045 -2.84776 1.26294 -1.10224
1624 2.45055 -1.93113 0.47834 1.43078
1625 1.83909 0.226433 0.869908 -1.60444
1626 2.95675 2.79384 0.634016 0.731348
1627 2.29914 0.890458 -1.79877 -1.1214
1628 3.80659 3.80271 -0.168576 0.0335109
1629 3.00154 0.245302 -0.326845 2.97359
1630 2.11724 1.19631 1.02171 -1.41693
1631 1.76965 0.633611 1.65003 -0.0870743
1632 3.03936 2.43892 1.18392 1.37394
1633 1.78077 0.867056 1.4425 0.581846
1634 3.49043 0.871762 2.38197 -2.39779
1635 1.01813 -1.00086 0.144598 -0.11816
1636 1.76609 -1.23974 1.23498 0.238614
1637 2.30116 -0.822379 2.13569 0.240595
1638 2.07939 -1.42948 -0.474902 -1.4335
1639 4.69131 -0.00731355 1.18259 -4.5398
1640 1.48474 -0.570339 1.28708 0.471773
1641 3.21273 0.491662 0.538075 -3.12896
1642 3.32403 -0.925222 1.61696 -2.75292
1643 2.22441 0.603977 -1.16198 -1.79805
1644 2.27826 1.82957 -1.01898 0.897101
1645 2.38933 0.875764 0.579598 -2.14616
1646 2.63609 0.265461 2.44292 -0.954281
1647 3.77816 -3.61747 0.700789 0.835071
1648 3.58671 0.467603 3.51836 0.516727
1649 1.53752 -0.292121 0.600459 1.38494
1650 4.72512 4.27211 -0.7892 -1.85822
1651 2.92368 1.19567 -1.97235 1.7967
1652 3.00511 1.56062 0.669533 -2.47929
1653 0.765831 0.717306 0.235274 0.128903
1654 1.86056 -1.82169 -0.362217 -0.109165
1655 1.31742 -1.2574 0.391326 -0.0377295
1656 3.16041 2.05883 -0.518301 -2.3411
1657 1.63588 -0.83766 0.679259 -1.23006
1658 2.77034 2.26446 0.972353 -1.26552
1659 2.47293 -0.0880724 -2.02388 -1.41828
1660 1.97333 -0.484238 1.8603 0.445864
1661 2.80362 2.48228 1.28711 -0.20476
1662 3.08765 -1.01518 -2.86136 0.561764
1663 1.51063 -0.462428 0.792897 -1.19978
1664 3.43297 1.21877 -3.14788 -0.625066
1665 3.01944 1.04065 2.62251 1.07542
1666 1.88447 -0.914428 -1.54647 -0.568755
1667 2.43113 1.30347 2.00308 0.446093
1668 1.55139 0.679625 0.540081 -1.28579
1669 2.29248 -0.923461 1.25448 1.68195
1670 1.43633 1.20404 -0.783097 0.00810309
1671 2.19579 0.165611 2.18178 -0.184203
1672 2.7863 1.42971 2.0103 -1.29542
1673 1.71311 -0.182673 -1.09766 -1.30251
1674 1.49109 -0.608853 1.15623 -0.718165
1675 2.2382 -0.733259 1.90148 -0.925327
1676 2.29604 1.6842 1.53946 0.255621
1677 1.50339 1.40626 0.357136 0.393814
1678 1.20281 0.210292 0.0696989 1.18223
1679 6.34143 -1.40044 0.680406 -6.14732
1680 1.45982 -0.759777 1.20552 -0.317047
1681 3.6943 -2.08644 2.19149 2.11943
1682 1.23838 -0.289732 0.969523 0.713914
1683 1.05474 -0.943179 0.0619784 -0.468022
1684 2.70452 2.36246 0.671492 1.13237
1685 2.43842 2.26397 -0.0547949 0.90405
1686 1.23969 0.130666 1.21259 -0.222209
1687 2.96846 2.40983 0.844444 1.51374
1688 0.690224 -0.581701 0.220875 0.298744
1689 1.06759 -0.975869 -0.123816 -0.414859
1690 3.30268 1.51956 2.8402 -0.729304
1691 1.29982 -0.97186 0.862485 -0.0337751
1692 3.09836 2.27454 -1.18942 -1.73539
1693 2.58819 -1.36469 0.00841921 2.19916
1694 1.91355 -0.776988 -0.876864 -1.51297
1695 2.09365 -0.0880113 -1.93025 -0.806083
1696 2.75998 0.485653 -1.33544 2.36606
1697 4.08135 -0.559757 0.248835 4.03512
1698 3.2486 0.404466 1.45484 -2.87633
1699 2.90738 1.41884 -2.53673 -0.068978
1700 2.86014 0.236988 0.531384 2.80034
1701 1.15436 0.445789 0.0421973 -1.06397
1702 4.46317 3.42046 -2.55919 1.29264
1703 2.96701 -2.8237 0.0738147 -0.907975
1704 1.56118 -0.998736 -0.293144 -1.16356
1705 2.19992 0.873799 1.66092 1.14781
1706 4.11745 -0.0474751 0.616763 -4.07072
1707 1.37398 0.71237 -1.05809 -0.510691
1708 1.7591 0.984512 1.26118 0.731152
1709 3.51124 -0.433353 -1.8392 2.95945
1710 4.32164 2.2006 -3.22049 1.86073
1711 1.43076 0.31118 0.0432125 -1.39584
1712 2.29414 0.942139 -1.11522 -1.76967
1713 2.53475 2.12357 -1.28155 0.522522
1714 2.81368 -1.66595 1.26401 -1.88246
1715 2.38484 0.586101 -2.18541 0.753603
1716 2.59895 -1.20514 -1.49948 -1.74749
1717 3.03131 -2.62433 -1.44874 -0.450482
1718 2.12144 1.39396 -1.5853 -0.210218
1719 3.57059 2.22477 2.59369 -1.03552
1720 1.46347 0.0455434 -1.22284 -0.802694
1721 1.85977 0.332284 -0.0882859 -1.82771
1722 2.68151 -1.68826 -2.07799 -0.149054
1723 2.82567 -0.83171 1.25809 2.38953
1724 2.81945 -2.04736 0.225033 -1.92536
1725 1.69378 -1.67829 0.161824 -0.161369
1726 3.82214 2.91722 0.774132 -2.34506
1727 3.63748 0.958057 2.8493 2.04814
1728 1.9845 -1.81427 0.791186 0.143787
1729 1.36188 -0.0118904 0.823059 1.08496
1730 1.99918 -1.87308 -0.317712 -0.622369
1731 2.32514 0.2494 -0.00741915 2.31171
1732 3.39846 -1.95047 -0.787606 -2.66925
1733 3.18041 1.10033 -1.45243 -2.60667
1734 1.27516 0.835423 -0.638687 -0.72123
1735 2.40461 -1.61966 -1.00789 -1.4639
1736 1.72389 0.710166 0.563887 -1.46611
1737 2.27453 -1.40445 -1.13877 -1.37993
1738 2.18012 -0.439698 1.28069 1.70864
1739 4.40862 -3.41232 1.75083 -2.17406
1740 2.88134 -0.65579 2.78802 -0.314626
1741 4.12872 3.35107 2.29604 -0.738107
1742 3.27224 -0.298762 -2.49386 2.09737
1743 2.60352 2.11387 0.742742 1.32597
1744 2.3327 0.111379 -2.26143 -0.561269
1745 1.91466 1.6329 -0.983212 0.181181
1746 3.16026 3.01214 -0.689444 0.662528
1747 2.77583 2.06259 -0.741075 -1.70346
1748 3.93266 -1.70503 2.69234 -2.30435
1749 2.0997 -0.316279 -1.89172 0.854454
1750 1.41071 0.289112 -0.873823 -1.06909
1751 1.5541 0.475519 0.981206 -1.10741
1752 2.3956 -1.21872 -1.34321 1.56506
1753 2.07568 1.54617 0.0578762 -1.38365
1754 1.85931 -1.07924 -1.45545 -0.417069
1755 1.97755 -0.482815 1.76607 -0.747376
1756 1.74697 0.182771 1.73734 -0.0126816
1757 1.52845 -0.37815 -1.32918 0.653021
1758 2.21227 0.823628 -0.401898 -2.01352
1759 3.52298 -2.59461 1.57125 -1.79179
1760 1.42766 -0.180477 -0.372173 -1.36643
1761 5.82053 2.6213 3.66744 3.68201
1762 0.880848 0.0111199 0.0419175 -0.87978
1763 1.63842 -0.393171 1.56613 -0.27762
1764 1.31682 -1.05766 0.731168 -0.284193
1765 2.90142 0.0215588 0.0810015 2.90021
1766 2.66612 -1.26387 -0.306269 -2.32745
1767 2.06225 0.948707 1.67018 -0.750553
1768 1.1931 0.215862 0.469092 -1.07557
1769 1.66876 -0.857817 -0.307625 -1.39796
1770 1.21962 -0.905624 -0.202344 0.79144
1771 2.1595 0.170166 -2.127 -0.33218
1772 2.70097 -2.17055 0.995646 1.26199
1773 1.3578 -0.319271 0.0369252 1.31921
1774 1.8697 -1.26253 1.21825 0.646248
1775 2.46517 -2.43445 0.278448 -0.270206
1776 2.04 -0.203299 -2.02896 0.0601063
1777 2.21633 1.67991 1.29253 -0.647596
1778 1.86923 0.821106 -1.61772 0.4503
1779 5.29775 2.3192 -4.76253 0.0764068
1780 2.09314 -0.445131 -0.647517 1.94005
1781 4.10493 3.02917 2.73791 0.422349
1782 3.33751 1.37898 -2.15854 -2.13965
1783 1.72148 -0.845106 -1.37699 0.594295
1784 2.27431 -1.49976 1.70431 -0.13606
1785 4.12344 -1.74542 -3.51242 1.27245
1786 2.67735 -0.183597 -2.19126 1.52738
1787 1.80417 -1.33539 -1.20429 0.146397
1788 2.00721 1.61263 0.965516 -0.704342
1789 0.788083 0.518282 0.593624 0.0082819
1790 3.97093 -2.37521 -1.24762 -2.92747
1791 3.06758 1.8404 1.27569 -2.09656
1792 3.03848 -0.357608 0.0284092 3.01723
1793 1.85329 1.10644 0.814506 -1.24381
1794 1.98931 0.0839309 -1.65534 -1.10007
1795 3.02199 1.78744 -2.38913 -0.479093
1796 3.59198 1.10123 -1.28573 3.16804
1797 1.6403 -1.54187 0.532454 0.172449
1798 1.23878 1.04914 0.246163 -0.610979
1799 2.6993 -0.0994967 2.6823 0.285624
1800 1.39242 -1.1134 -0.0900081 0.831306
1801 0.969938 -0.611909 -0.714653 0.235838
1802 1.81931 -0.0327483 -1.70133 0.643654
1803 3.41381 -1.3404 0.0283125 3.13952
1804 1.60543 0.647897 -1.42334 0.36297
1805 1.99118 -0.308821 -0.962808 1.71536
1806 2.52933 -0.825493 0.307797 -2.37093
1807 1.82873 0.0920451 -0.81493 -1.63452
1808 1.84497 -0.718351 -0.540517 -1.61113
1809 2.56311 1.51483 -2.01688 0.454946
1810 2.97839 -0.223643 -1.59053 -2.50818
1811 3.02322 -0.0693468 0.0786716 3.0214
1812 2.80936 2.72902 -0.562859 0.357915
1813 3.43185 1.4119 -2.87295 1.23707
1814 2.6839 1.54139 -0.848479 2.02671
1815 3.60274 -1.535 2.34154 -2.26732
1816 2.32671 -2.00719 -1.14698 0.263065
1817 3.15477 2.83334 -0.0269168 1.38711
1818 3.86827 0.297427 3.72466 1.00098
1819 2.90656 -2.17369 0.00576757 -1.92954
1820 2.21307 2.20347 -0.186256 0.087891
1821 2.66963 0.856451 1.91577 -1.65023
1822 1.61293 -0.12579 -0.455082 1.54228
1823 3.33177 0.2769 2.40907 -2.28482
1824 3.09541 -0.0295675 2.97738 0.846097
1825 2.00193 -1.77669 -0.703274 -0.59706
1826 3.45481 -0.00203999 -2.62521 2.24588
1827 1.55698 -0.314812 1.10068 -1.05527
1828 2.92959 -1.6709 -2.35569 -0.491243
1829 2.19229 -0.523723 -1.52207 1.48834
1830 2.8616 2.75637 0.488275 -0.593943
1831 5.00477 -4.43827 1.5893 -1.68035
1832 2.2946 1.21623 1.51609 1.21961
1833 1.11565 0.871821 0.517217 -0.465921
1834 2.67234 2.342 -0.773009 -1.02903
1835 4.35534 3.711 0.233561 2.2678
1836 1.74794 -0.112223 1.31807 1.14254
1837 6.31722 2.24358 4.4187 3.91774
1838 3.53346 -3.2712 0.59255 -1.19728
1839 0.752192 0.431172 0.613383 0.0603696
1840 3.36186 -0.375914 -2.77065 1.86662
1841 1.13311 -0.175858 -0.945807 0.598708
1842 4.04783 3.35549 -0.282824 -2.24624
1843 2.36736 0.912691 1.34241 -1.72318
1844 2.14392 -1.8779 0.630687 0.819823
1845 1.60889 1.18595 -1.08604 0.0506408
1846 2.30023 -0.129892 -2.25562 -0.431705
1847 2.29279 1.9289 1.15788 -0.442183
1848 1.88112 -1.03607 -0.539864 -1.47435
1849 3.95305 -0.47222 1.19877 3.73719
1850 2.06099 0.04655 0.476958 -2.0045
1851 1.51602 1.27898 -0.758805 0.294491
1852 1.88684 -0.833904 0.409426 -1.64229
1853 4.47898 1.58407 -1.53432 3.89844
1854 2.53165 -1.1972 -1.21753 1.86911
1855 2.46144 -1.56476 -0.966032 -1.63616
1856 1.27786 0.833796 -0.949456 -0.190366
1857 1.61362 0.657102 0.220847 1.45712
1858 5.48681 -5.2101 0.80456 -1.52075
1859 1.84291 1.29783 0.355964 1.25906
1860 2.53011 0.0732915 2.18044 1.28132
1861 1.47362 1.08627 0.911498 -0.400935
1862 1.63844 0.685298 1.03356 1.0708
1863 2.64014 2.37263 -0.542818 -1.02291
1864 3.44221 -2.78175 1.98267 -0.423925
1865 1.44866 -0.12647 0.0487967 1.4423
1866 3.41359 -2.81762 1.92675 0.0359008
1867 0.904305 -0.337214 0.331082 -0.770998
1868 1.72131 -0.573544 0.147536 -1.61622
1869 2.51043 0.415945 -2.37558 0.697045
1870 3.28456 -2.45905 1.63335 -1.43998
1871 2.33838 -1.46319 -0.646676 1.70556
1872 1.88653 0.410182 -1.83511 0.152018
1873 2.02054 -0.697578 -1.81826 0.538406
1874 2.20058 1.78606 1.00856 -0.797075
1875 5.40229 0.218487 4.82985 -2.4103
1876 4.65731 -3.20032 -2.14714 -2.61501
1877 1.89251 0.153899 -0.454622 -1.83063
1878 1.61989 -0.510652 -1.33237 0.766857
1879 3.35477 2.73273 -1.80869 -0.717877
1880 2.48272 1.07792 0.536084 -2.17131
1881 2.54845 -0.258367 -2.31944 1.02374
1882 2.97294 2.48687 -0.31829 -1.59767
1883 2.24117 0.479544 -1.79399 -1.25479
1884 2.38568 -0.874641 -0.411617 2.18107
1885 3.64063 0.980254 -0.753741 3.42421
1886 2.24817 1.26292 -0.522998 -1.78487
1887 2.02336 0.984153 -0.458439 -1.70741
1888 1.41625 0.65203 0.796516 -0.972725
1889 1.42563 0.13192 -1.37409 -0.356209
1890 3.09011 -0.0787455 3.07409 0.304297
1891 2.11042 -1.54096 1.33522 0.5445
1892 2.36755 -1.57293 0.00460416 -1.76951
1893 1.12406 -0.113473 0.947559 0.593932
1894 1.1785 0.558848 0.243778 1.00853
1895 3.97995 -3.96234 0.3735 0.0186566
1896 3.34185 0.32841 2.5186 2.17181
1897 4.35012 -2.11678 -2.58144 2.78908
1898 1.39327 -0.0695958 1.26771 0.573824
1899 2.8885 -1.4005 -1.1498 2.24944
1900 3.83171 -0.341067 -2.3612 2.9984
1901 2.16371 -0.722366 1.00691 1.77368
1902 3.64717 2.35615 -1.41555 2.39721
1903 2.44846 1.70712 -1.35948 -1.11017
1904 2.57027 -1.62572 1.86686 0.691496
1905 0.684774 0.312223 0.0206399 0.609103
1906 6.55443 4.02844 0.700293 -5.12268
1907 1.8129 -0.380692 1.68997 0.534499
1908 1.58441 1.41261 0.716579 0.0374804
1909 2.20583 2.07217 0.64759 -0.390446
1910 1.63364 -0.67362 0.873201 -1.20521
1911 1.81308 0.987415 -1.36922 0.661433
1912 1.15057 -1.02047 -0.521689 -0.101429
1913 2.54866 0.661747 2.35354 -0.720159
1914 0.542533 -0.387413 0.0370717 -0.377994
1915 0.938931 0.572366 -0.679439 -0.303891
1916 4.3149 4.09853 -1.22468 0.56625
1917 1.46987 -0.195627 -1.37882 -0.470225
1918 2.11725 -0.246975 0.709267 1.97957
1919 2.42343 0.159567 2.12169 1.16017
1920 1.17497 0.453854 -0.896632 -0.608791
1921 4.11937 -2.66764 1.30903 2.85295
1922 2.71249 -2.55501 0.788073 0.45661
1923 3.13775 1.21597 -2.06012 -2.03046
1924 2.7957 2.35188 1.48789 -0.266003
1925 3.13421 -0.978847 2.71856 -1.21434
1926 2.20654 0.86105 0.157322 -2.0255
1927 1.8449 0.476033 0.175745 1.77374
1928 2.0232 1.79289 0.434189 0.830877
1929 1.58188 -0.440972 -0.582967 -1.40287
1930 1.9166 -1.69176 0.022309 -0.900446
1931 5.64995 2.16732 -2.10754 4.77315
1932 4.04391 0.203759 3.86805 -1.16183
1933 2.88359 2.40784 -1.45141 -0.640942
1934 2.78385 0.339688 -1.21382 2.48215
1935 1.23419 0.625815 0.582877 0.889854
1936 1.09605 0.0933251 -0.640143 -0.884781
1937 1.42956 0.354032 1.35719 0.27633
1938 2.98169 2.22086 0.470645 -1.93306
1939 1.26949 -0.412842 -0.871801 -0.825298
1940 1.71332 0.131844 1.70755 -0.0483069
1941 2.70688 -0.301662 0.743495 2.58523
1942 0.810163 -0.275526 -0.0596332 0.759535
1943 4.86846 0.344314 4.39733 -2.06078
1944 4.51823 0.910622 2.11193 3.88908
1945 2.99487 0.996303 -2.6901 0.860204
1946 4.54224 0.35887 -4.21207 1.66183
1947 1.73958 -1.19981 -1.22621 -0.288098
1948 3.49993 2.21968 -1.71317 -2.09465
1949 2.2337 -2.00094 0.493257 -0.861605
1950 1.75944 -0.327503 0.204051 1.71661
1951 1.79612 0.670466 1.49833 0.729042
1952 3.58602 -1.92792 2.49136 1.71342
1953 3.00366 0.148693 -1.99593 -2.23967
1954 1.26648 0.604614 1.02468 -0.434097
1955 3.39517 2.51209 0.668845 -2.18385
1956 1.12873 -0.180288 0.556126 0.965531
1957 3.21081 -2.94931 1.12031 0.596482
1958 4.65533 0.867921 4.07877 2.06941
1959 1.93073 -1.83605 -0.597164 0.00545456
1960 3.86937 1.45213 -2.76819 -2.28044
1961 2.5234 -0.927083 -0.910611 2.16306
1962 0.271208 -0.220258 0.12793 0.093135
1963 2.96309 1.66222 2.44253 -0.225844
1964 3.02481 0.541313 1.03141 2.79153
1965 1.76541 0.49546 1.66314 0.324255
1966 2.26289 -1.42687 0.911906 -1.50105
1967 2.3691 0.483622 1.5176 1.75374
1968 3.06465 -0.951641 1.83281 -2.26435
1969 2.53167 -1.40648 2.10121 0.127002
1970 2.97095 -2.34726 1.62831 -0.815801
1971 3.51926 0.521264 2.63816 2.27016
1972 3.37906 -2.2422 0.0998809 2.52599
1973 3.17152 2.63864 1.26519 -1.22286
1974 2.92249 -1.74442 2.14469 -0.947765
1975 1.31101 0.490503 0.448957 -1.12986
1976 2.09829 -0.723045 1.45373 -1.32917
1977 1.62954 0.0266924 1.0583 -1.23882
1978 2.08085 -0.428352 0.70561 1.91012
1979 3.68731 0.72423 1.4399 -3.31639
1980 3.50919 -0.283172 3.39792 0.829674
1981 1.06818 -0.907105 -0.236726 0.511988
1982 1.84287 0.103466 1.83127 -0.178625
1983 4.01636 1.82628 -0.980067 3.44025
1984 1.37017 -1.21661 -0.0786707 -0.625328
1985 2.63695 -1.50342 0.338331 -2.1398
1986 1.8628 0.671106 -0.661714 1.60679
1987 3.36902 0.391963 2.8083 1.81937
1988 1.90883 1.70665 0.676578 0.522681
1989 2.00685 1.43819 -1.11349 0.848052
1990 1.60968 0.337252 -1.57389 0.0145729
1991 2.99941 -2.10814 -2.05474 -0.574717
1992 1.68077 1.67892 0.0624815 0.0478914
1993 1.16169 -1.03284 0.506583 -0.161642
1994 2.7952 -1.94209 -1.82432 -0.844571
1995 3.08621 -2.37928 1.90587 -0.481042
1996 0.916211 -0.778573 -0.46125 0.14323
1997 2.77699 -2.13509 1.38081 -1.11644
1998 4.43345 2.47494 3.66392 -0.32535
1999 4.11125 1.59014 3.69711 0.83977
