n=2000
0 2.36636 0.0555695 -0.0610881 2.36492
1 1.66391 0.873113 -0.858828 -1.12636
2 2.96653 0.982286 -2.22065 -1.70416
3 1.63671 1.36858 -0.225626 -0.868851
4 1.6558 -0.578477 -1.52285 0.29658
5 3.90023 3.61256 -0.131405 1.46421
6 2.79595 -2.12301 -1.81496 -0.126746
7 3.22852 -2.96753 0.302078 -1.23527
8 1.04851 0.876271 0.24431 -0.521372
9 5.17854 0.889631 -4.6887 -2.01046
10 2.39891 1.47592 1.69075 0.847235
11 1.72379 -1.285 1.10404 0.318325
12 2.41212 2.40012 0.186353 0.151644
13 4.98643 -2.31624 -3.58371 2.58004
14 3.45775 1.33591 -1.32864 2.89933
15 2.03015 1.54715 -1.19558 0.546298
16 3.57477 3.54251 -0.0782158 -0.472778
17 4.9931 4.67984 -0.474567 -1.67478
18 3.63468 -2.05069 1.98887 2.24721
19 4.9268 1.02378 -0.720558 -4.76508
20 1.37778 1.2592 0.272623 0.488225
21 1.91653 1.38477 0.0192473 -1.32481
22 3.07867 -0.815192 1.23072 -2.70167
23 2.32959 -0.208159 1.34763 1.88879
24 0.631707 -0.250721 0.0961653 -0.571791
25 2.92848 0.0713567 -2.6478 -1.24903
26 3.6862 3.09603 1.92504 0.544864
27 1.58057 -0.771296 -1.28832 -0.493487
28 2.44627 -2.11952 -1.15757 0.389776
29 1.0369 0.635929 -0.779718 -0.250594
30 5.05273 2.33411 2.89583 3.41997
31 4.91814 -2.49803 4.01658 1.34722
32 3.19982 -1.30788 2.25034 -1.86126
33 1.62063 -1.52934 0.0810081 0.530072
34 1.98612 0.379272 -0.384479 1.91128
35 2.95368 0.615686 -2.77959 -0.786795
36 2.11898 -1.29631 -1.38991 -0.93691
37 3.4567 0.0233225 -3.01721 -1.68663
38 2.91536 -1.30371 0.294285 -2.59096
39 3.45154 -2.32563 1.47105 2.08341
40 1.52308 -1.31656 0.665481 -0.378907
41 2.02449 1.92818 0.555657 0.268161
42 0.617994 0.573044 0.128251 -0.192585
43 4.92136 3.99046 -2.46446 1.49079
44 1.44687 -1.24512 0.110719 -0.728604
45 3.01504 -0.210876 1.70926 2.47476
46 2.48654 1.29249 -1.52497 -1.47879
47 3.35928 -3.14697 1.06749 0.491765
48 1.8996 1.67828 -0.866315 0.203409
49 3.52685 -1.55719 -2.62175 -1.77207
50 4.21514 0.61748 -3.83875 -1.62792
51 2.6671 1.9117 0.141596 1.8544
52 1.39037 0.648294 -1.22998 -0.00151463
53 1.48713 -0.134906 -0.908106 -1.16991
54 0.847487 -0.508913 -0.66771 -0.11578
55 3.51885 -0.220284 3.24968 -1.33165
56 1.49231 0.216978 1.47566 0.0482847
57 3.03043 -1.40777 2.08365 -1.69118
58 1.50501 -1.03758 1.08766 -0.0740266
59 2.98945 -1.46148 -1.40226 2.19876
60 2.51327 -2.45782 0.00806851 -0.524968
61 1.57102 -0.20712 -0.746947 1.36649
62 2.2405 -0.803051 0.773976 1.94317
63 2.17509 1.98742 -0.154098 0.870318
64 4.29677 2.99946 0.96869 2.92011
65 2.80696 -1.3851 -2.2312 -0.991105
66 0.785525 -0.254278 -0.0889104 0.737894
67 1.21344 1.11457 0.414418 0.241681
68 1.37103 -0.364253 -0.731681 1.10077
69 3.75994 1.27981 -2.83197 -2.11642
70 2.16087 -0.115596 1.78788 -1.20809
71 4.06168 0.967573 -3.37736 2.03824
72 2.09948 -1.16551 -0.238111 1.72995
73 6.08506 1.68872 -3.9187 -4.33819
74 4.40576 -2.99095 3.23333 -0.102596
75 2.95462 -1.22182 -2.50849 -0.971805
76 3.11514 -2.27499 -1.08215 -1.83234
77 1.30664 1.25565 0.262543 -0.248448
78 1.29196 1.07732 -0.520697 0.487246
79 1.76987 0.502882 0.376898 1.65453
80 3.68994 -2.3763 2.81005 0.269236
81 4.0673 1.60998 3.73311 0.12164
82 2.36912 -1.0461 -2.058 -0.531997
83 3.95098 -3.89124 0.409788 -0.548224
84 1.97931 -0.907229 1.74993 0.179932
85 4.77111 2.0414 -4.31218 -0.03585
86 1.41302 -0.306492 -1.07819 -0.860349
87 3.22478 -2.3889 -0.354383 2.137
88 1.6533 -0.850409 -0.942288 -1.05938
89 3.34524 -1.03135 2.44045 -2.04235
90 2.64149 1.10921 2.17554 -1.00706
91 2.80877 -1.47007 -0.861998 2.23272
92 1.43071 -0.835044 -0.39604 -1.09215
93 1.64851 0.6857 1.05535 1.06473
94 2.94947 -0.654545 0.448331 -2.84077
95 3.04248 0.507876 2.734 -1.23451
96 2.96159 -1.72647 -1.31198 2.01719
97 2.21188 -1.84769 0.55864 1.07999
98 1.98912 0.99009 1.3016 1.13232
99 3.17579 -2.44931 -1.72438 1.05499
100 4.17288 1.22431 3.36156 2.14799
101 1.82546 -0.0420911 -1.32824 -1.25153
102 2.64281 0.441874 1.16399 2.33116
103 4.83735 -1.39842 -4.44918 -1.28417
104 2.28886 -0.702277 -2.03592 -0.775044
105 1.04792 0.164707 1.02601 -0.135306
106 3.1435 -1.54152 2.60065 -0.861365
107 3.6999 -1.22167 1.55963 3.12479
108 3.23354 1.52782 2.66484 -1.01006
109 3.22074 -0.570336 -0.710767 -3.08912
110 3.874 -0.632457 3.76951 0.6314
111 1.54481 0.0635226 -0.29409 1.51523
112 2.62916 1.9099 0.918582 1.55595
113 1.17375 0.229438 -0.32612 -1.10394
114 3.01981 0.0971268 -2.75775 1.22662
115 2.35533 -1.90264 1.1651 -0.755046
116 2.64029 -2.57331 0.241463 0.539358
117 0.721374 -0.586287 -0.416432 -0.0568525
118 3.21257 2.68932 -0.182331 1.74784
119 1.92606 1.64111 0.965845 -0.289168
120 3.88468 -1.22735 0.69238 -3.62007
121 4.43361 2.07378 -3.00805 -2.51156
122 2.28528 -0.210237 -1.42193 1.77663
123 3.58614 -1.12324 -0.114305 -3.40377
124 2.98687 0.190261 -0.551314 2.92938
125 5.32251 -3.08477 -1.31115 4.13451
126 1.32192 -0.204763 0.7584 1.06319
127 1.01213 0.0502686 -0.779607 0.643492
128 1.29229 1.24963 -0.310381 -0.110033
129 3.09576 1.55185 -1.71097 2.06108
130 1.68245 -1.51137 -0.734356 -0.0843869
131 1.79874 1.10546 -0.73879 1.21144
132 1.73845 0.170266 -1.72624 -0.115415
133 0.529565 -0.448108 -0.12999 -0.250482
134 2.80017 1.78625 2.15459 0.0895816
135 2.31498 -2.17794 -0.751109 0.227066
136 3.1977 -1.74083 -0.272744 -2.66841
137 1.289 -0.0901229 1.20757 0.441781
138 5.16311 1.09154 2.22237 -4.53071
139 3.18624 -2.68667 -1.71246 -0.0375609
140 3.20939 -1.07458 -1.08254 -2.82375
141 2.47556 -1.45859 -1.95159 -0.438405
142 3.86058 2.00451 -1.72325 -2.81362
143 2.98967 -1.51983 -1.75814 -1.88074
144 3.03342 -2.30316 1.88104 -0.59903
145 2.40026 -0.543882 1.10298 2.06128
146 3.59537 1.38143 -1.57873 -2.91991
147 1.4965 -0.208264 1.19511 0.876274
148 3.48218 0.740345 -3.37223 0.453321
149 3.62119 -0.24156 -3.12435 -1.81469
150 1.17178 0.736826 0.739952 0.531617
151 3.27216 -2.78694 -0.760066 -1.53697
152 1.6834 -0.240661 -0.81297 1.4543
153 3.32149 -3.04713 -0.502143 -1.22276
154 1.80319 -0.197765 -1.18413 -1.34545
155 4.10627 -3.74004 -1.48873 -0.81073
156 3.52289 1.97085 2.45806 1.57621
157 2.24368 -0.545872 -2.17575 0.0472548
158 1.38586 0.537472 0.551275 1.15231
159 2.36033 -1.80308 -0.986993 -1.16013
160 2.34566 1.17073 2.00732 -0.319625
161 3.6803 1.0681 -3.3785 -0.994718
162 2.63484 0.430717 2.38299 -1.03838
163 2.8252 2.05771 1.32818 -1.40839
164 1.45125 0.856976 -0.493487 -1.06217
165 1.49089 -1.34092 -0.0179264 0.651434
166 1.96831 -1.61797 0.620246 -0.933663
167 1.08849 -0.847126 -0.16087 -0.664312
168 2.36112 2.09986 -0.000821271 -1.07957
169 4.89692 0.344524 -4.47885 -1.94963
170 2.57088 -0.63398 2.35093 0.825003
171 3.58208 1.40483 3.00083 -1.36115
172 3.72577 -1.28494 -2.49214 -2.45348
173 2.20728 -0.337415 1.96343 0.95037
174 2.59252 0.329142 2.27826 -1.19263
175 2.52631 -1.02265 -1.99012 1.17296
176 2.21832 -2.13575 -0.53728 -0.266134
177 1.06472 0.262229 -0.531326 -0.884618
178 2.20392 -0.388121 0.743991 2.03792
179 3.36959 -3.13277 -0.960341 -0.785888
180 2.74784 -0.588379 0.657562 -2.60232
181 1.89866 -1.15802 0.486657 1.42374
182 2.96917 -1.63331 -2.04617 1.40052
183 1.76158 1.37678 -0.833986 -0.715619
184 2.39969 -1.71392 -1.2068 -1.16817
185 1.94579 -1.78702 0.110559 0.761851
186 3.29243 0.682653 0.907722 -3.09033
187 3.84606 -0.374806 1.80831 -3.37368
188 2.63015 -0.385993 -0.489204 2.55526
189 1.08182 -0.502733 -0.953532 0.0914422
190 4.17594 2.46854 -0.265646 3.35771
191 1.52958 -1.17202 -0.91412 0.36106
192 2.96889 -0.255125 1.61157 -2.48033
193 2.88762 0.374581 -0.347546 2.84205
194 3.80151 1.92077 -3.25774 0.386372
195 2.21192 0.807751 -0.827969 -1.88536
196 3.62296 3.1097 0.162518 1.85181
197 2.62577 0.725281 -1.54698 1.99387
198 1.6225 -0.11954 0.970974 -1.29439
199 2.84806 -0.200727 1.3601 2.49425
200 3.26105 1.6103 -0.412244 2.8056
201 2.56615 0.415595 1.33916 -2.1492
202 3.19141 2.46693 1.91765 0.649603
203 5.5729 3.59539 2.57769 -3.38909
204 4.12946 0.848977 2.19972 -3.39012
205 1.37727 -0.690313 1.18875 0.0850169
206 2.60315 0.903861 -0.382827 2.41099
207 1.29472 -0.856444 0.562103 -0.791738
208 1.91547 1.30534 -0.965164 1.01664
209 1.38166 0.380514 -1.20756 -0.553171
210 3.64555 -2.25342 -0.194046 2.85911
211 3.80611 0.915214 -2.20206 -2.96644
212 2.03294 -1.3352 1.28752 -0.832116
213 1.6177 0.447218 -0.952318 -1.22883
214 2.17736 1.65595 -1.34826 0.425364
215 4.22607 2.10123 3.34339 1.50539
216 2.84498 -0.512544 -1.00544 -2.61157
217 5.30353 -0.57466 4.60764 2.56259
218 2.3309 0.433823 -2.21355 -0.587437
219 2.45345 1.90624 -0.995927 1.18059
220 2.69518 -1.85811 -1.82548 -0.692144
221 3.71691 -1.02222 2.72455 -2.31242
222 2.81585 -1.12381 -0.454537 -2.54155
223 2.66522 -1.36894 2.16801 0.727403
224 3.20938 -2.89513 -0.328383 1.34555
225 3.45908 -1.78608 0.802793 -2.85144
226 3.561 -0.466316 0.162179 -3.52661
227 2.02971 1.64641 -0.457056 -1.09551
228 2.01352 -1.5608 -0.176019 -1.25983
229 2.77541 -1.90434 -1.60964 -1.2188
230 1.1482 -0.824087 0.799516 0.00468013
231 2.50746 1.04134 2.16498 -0.718208
232 2.91498 -1.12183 0.636468 2.6141
233 3.30813 3.21296 -0.589824 -0.522281
234 2.81709 -2.20183 1.55986 -0.809165
235 2.45744 1.29908 1.43131 -1.51748
236 0.796651 -0.624621 -0.125713 0.478223
237 2.56646 1.14712 -2.29423 -0.0856985
238 4.14139 -2.24614 -3.46033 -0.363435
239 4.39513 -1.93595 3.92259 0.427265
240 2.82479 -1.582 1.15666 -2.03442
241 2.92912 0.406999 2.89739 0.138747
242 3.22215 -2.35664 -1.04217 -1.93452
243 1.82002 -1.07006 1.43735 0.3186
244 4.54101 4.05042 1.37874 -1.52117
245 1.94958 1.64855 0.612184 0.841653
246 2.94652 1.74358 2.36769 -0.189552
247 1.88202 0.157805 0.998457 -1.58751
248 6.69868 0.884891 3.35959 -5.72735
249 1.92314 -1.19201 0.401391 1.45481
250 2.58021 0.278868 -2.19491 -1.32743
251 2.91594 2.37802 -1.50129 0.770621
252 0.952634 0.221966 0.425708 -0.822809
253 2.72445 -1.68286 -1.84412 -1.0908
254 2.98931 -1.66841 -1.76476 1.74298
255 3.40495 1.91002 2.75401 -0.6008
256 3.60273 -0.115742 1.5254 -3.26181
257 3.84824 2.03014 -2.1348 2.47591
258 2.34683 0.112385 0.18494 -2.33683
259 3.52988 -2.78527 -0.770849 -2.02685
260 2.82249 -2.72674 0.422484 0.59402
261 5.06518 -3.1832 3.88806 -0.63743
262 2.55218 2.338 0.549984 -0.863072
263 2.37805 -1.20344 -0.331607 2.02408
264 4.22476 -2.30014 1.8136 -3.04447
265 3.89264 -0.713744 0.523877 -3.79061
266 2.98107 -0.0677892 2.41185 1.75076
267 3.27815 1.38552 2.95983 0.256895
268 3.36763 -1.26652 2.17144 -2.24092
269 2.49147 0.502378 -1.10357 2.1765
270 1.93444 0.612837 -1.72151 0.634727
271 2.32396 -1.34506 1.67983 -0.877377
272 0.413044 0.393956 -0.12254 -0.0197038
273 1.39026 -0.557774 1.10816 -0.627463
274 1.22707 0.194905 -1.19969 -0.168653
275 2.26452 -1.63233 1.21876 -0.989022
276 3.44243 1.01084 -0.276277 3.27905
277 2.11989 1.66126 -0.981399 0.878061
278 1.08249 -0.698554 0.0968652 0.82123
279 0.258568 -0.187852 0.0530531 -0.169571
280 4.00692 -3.27559 2.04517 1.06922
281 2.11238 -1.92244 -0.444415 0.754236
282 2.31434 -1.85699 0.0887917 1.37837
283 2.86196 -0.165952 -2.51703 1.35196
284 2.68335 1.97769 -0.320202 -1.78511
285 1.90636 0.0489494 1.56058 1.0938
286 5.43616 2.14235 2.42133 4.37028
287 2.98069 2.44443 1.37929 -1.00341
288 2.56518 -0.131496 -2.49914 -0.563203
289 2.04411 -1.64633 1.13545 0.422755
290 2.60521 0.669047 -1.33527 -2.1346
291 1.2258 0.668723 0.460317 0.918419
292 2.28162 0.263959 -2.26506 -0.0748714
293 2.27135 -2.05612 0.922051 -0.284976
294 1.53029 1.30503 -0.117833 0.790448
295 1.40373 0.231595 0.324273 1.34599
296 1.29489 0.425491 -0.723037 0.98637
297 2.45078 2.24599 -0.101975 0.975428
298 3.85623 -2.07126 2.96487 -1.33788
299 2.75122 0.696774 -2.57214 -0.683938
300 2.61255 2.5544 0.536808 0.110886
301 2.85727 -0.242389 -1.77794 -2.22355
302 1.16448 1.07949 0.350865 -0.260012
303 1.54143 1.23927 0.339336 0.851515
304 1.99913 0.0474726 -1.42888 -1.39735
305 2.53419 1.20189 -0.8901 2.0458
306 0.898773 0.232156 0.808634 0.316239
307 4.02698 -1.69454 -0.302668 3.64054
308 3.48263 2.98425 0.42905 -1.74324
309 0.811217 0.677878 -0.407414 0.180468
310 0.875343 0.612402 -0.458643 0.425249
311 4.67344 4.34764 0.842668 1.49298
312 2.86542 -1.82981 0.477886 -2.15269
313 3.50709 0.769935 0.980527 -3.27802
314 4.55059 -0.987579 4.42913 0.339659
315 1.93008 -1.63427 -0.578016 0.848681
316 2.31203 -1.93788 1.20773 -0.36263
317 5.23942 0.325235 -4.59702 2.49262
318 1.05338 0.720907 -0.741725 -0.199346
319 1.67113 0.475858 -0.131975 -1.5965
320 1.72717 0.852876 1.33764 0.682971
321 2.6227 2.31205 1.12928 0.507643
322 1.43825 -0.91354 0.792111 0.778823
323 1.17448 -0.062592 -0.79779 0.859662
324 2.26775 0.763591 -0.761877 1.99478
325 3.07267 3.05575 -0.208311 -0.24545
326 4.09453 2.72546 -1.23822 -2.79354
327 2.4406 0.306508 -1.47254 -1.92204
328 3.16807 0.810477 3.05597 -0.202093
329 0.811294 -0.712146 0.298104 0.249361
330 4.33697 1.50928 1.21364 -3.88052
331 2.2132 -1.34504 -1.49405 -0.925704
332 3.15023 0.28038 3.12789 0.248277
333 3.15737 -0.979769 0.928161 2.85439
334 2.68931 -0.739194 1.61645 -2.01819
335 2.87427 0.133096 -2.59247 1.23401
336 4.50968 -2.59687 3.43484 1.33993
337 2.63673 -1.72778 -1.98372 0.178805
338 0.190707 -0.130495 -0.128607 0.052917
339 2.89315 2.51777 0.935658 -1.07503
340 0.813355 0.640948 -0.316484 -0.388034
341 1.41751 1.29344 -0.536202 0.220979
342 2.20311 1.34662 1.21005 1.25542
343 3.43595 0.411468 2.64172 2.15818
344 5.41453 -2.10026 3.4646 3.59202
345 1.16449 -0.896114 -0.740898 0.0638918
346 4.62432 4.20929 -1.76397 0.744733
347 1.13849 -0.626426 -0.76885 0.559113
348 2.31499 0.584846 0.980521 2.01387
349 3.59855 -0.696385 -3.47143 0.643256
350 3.33889 0.431068 -3.30805 0.138416
351 2.19111 0.0540734 -1.65638 1.43334
352 3.15109 1.90521 -2.46094 0.493279
353 3.17235 -0.416922 0.662425 3.07427
354 2.79945 0.739453 -0.571278 -2.6389
355 2.70347 1.19701 -1.36188 -2.00529
356 2.24864 -1.99473 0.966197 0.379329
357 1.69392 0.471905 -1.62667 -0.0251045
358 1.71848 -0.17969 0.997498 1.38776
359 2.11615 -0.239607 2.03089 -0.544205
360 3.39007 0.440179 3.04883 -1.41543
361 2.54761 -1.78904 1.5492 -0.943206
362 1.79645 -1.44355 0.932675 0.522964
363 1.82589 0.25418 -0.984026 -1.51689
364 1.91231 0.888242 1.59657 0.564735
365 3.28547 1.40961 2.67508 1.28501
366 3.36351 1.20447 -2.10242 -2.33287
367 3.52582 2.79681 -1.44366 -1.58906
368 2.3665 0.714201 -0.132806 2.25224
369 3.9646 -3.03701 -2.38352 -0.901904
370 3.80813 -0.564896 -0.301679 -3.7539
371 1.72345 0.299109 1.45695 -0.870694
372 4.19652 -0.97409 -0.235227 4.07512
373 2.08653 0.244342 0.386864 -2.03574
374 1.24519 0.423747 -0.890089 0.760707
375 5.12901 1.32837 4.91198 -0.643884
376 3.68265 -2.51202 0.792962 -2.5735
377 2.99978 0.91284 -0.772862 2.75102
378 2.92919 0.527291 2.48207 1.46337
379 3.13015 -2.05729 -2.1232 1.02832
380 1.34935 -0.927349 -0.607632 0.769125
381 1.17035 0.496264 -0.973238 0.419818
382 1.20798 -1.05799 -0.00192512 -0.582975
383 4.31646 4.08544 1.29093 -0.523953
384 1.77468 1.7302 0.256358 -0.300289
385 0.597269 0.146521 -0.31939 -0.482962
386 2.63527 -0.432886 0.995118 2.40146
387 1.94901 1.7269 -0.84734 -0.313773
388 3.31648 1.40466 -2.85715 -0.92878
389 4.71407 -3.92059 0.723184 2.51564
390 3.08739 2.41557 1.64535 0.994903
391 3.76766 -3.71135 0.645397 0.0676019
392 0.867518 0.476509 0.72491 -0.00561232
393 2.49692 1.20159 -1.75433 1.30887
394 3.04528 3.03097 0.0990746 0.277718
395 3.20671 2.70207 0.962316 1.43379
396 1.83526 -1.02198 0.289108 -1.49671
397 2.16919 1.60427 1.44522 -0.207516
398 1.82043 0.809899 -1.5434 0.525299
399 2.3791 -1.74689 -0.349645 -1.57678
400 1.25114 0.734942 -0.832841 -0.575838
401 4.09323 -0.65946 1.81547 -3.60883
402 2.6972 2.39557 1.15905 0.439007
403 2.31043 0.229327 0.882721 -2.12281
404 1.85406 -0.236757 1.64347 -0.82491
405 3.23139 -2.14072 -1.69072 -1.73224
406 2.19348 0.125833 1.15544 -1.86023
407 2.62829 -1.60178 1.09839 -1.77081
408 2.71635 1.41069 1.69474 -1.5863
409 1.97205 -1.34565 -1.05065 0.987081
410 3.99032 -0.623574 0.0537387 -3.94093
411 1.38705 0.129033 0.915494 -1.03398
412 2.09412 -1.30626 -0.306034 -1.60791
413 3.79905 1.51843 1.21731 3.26272
414 3.10382 -1.58632 -2.15582 1.57154
415 1.90463 -1.80261 -0.430006 0.439647
416 4.28466 4.08483 -0.79221 1.02218
417 1.21701 0.586612 0.724295 0.782565
418 2.85026 -1.77438 1.82765 1.27877
419 4.22961 3.06786 2.90636 0.17591
420 1.5976 -0.865175 -0.452556 1.26451
421 2.18568 -2.16615 -0.170832 -0.236282
422 2.66916 -1.19544 -1.24077 2.03858
423 2.83193 0.989036 0.284936 2.63826
424 2.58499 0.648975 0.952266 2.31392
425 2.81456 1.19005 -2.53 -0.323444
426 2.23084 -1.01241 -0.220986 1.97556
427 1.15186 -0.206046 -0.0655893 1.13139
428 2.44165 0.510371 2.28064 0.706998
429 4.68151 2.25466 3.30609 -2.42956
430 1.30157 -0.308701 0.780422 0.994845
431 3.4111 2.48854 2.31431 -0.294465
432 1.5141 0.898336 -1.15176 -0.398693
433 3.54825 -2.28266 2.55863 0.912654
434 1.89569 -1.72354 -0.0962568 0.783454
435 1.94651 -0.351648 1.84016 -0.528253
436 3.20654 0.202348 2.88574 -1.38329
437 1.92852 1.46988 -0.657126 -1.06153
438 2.14777 1.43526 -1.38548 -0.795843
439 2.77211 1.15413 2.3452 -0.923363
440 1.16941 1.0467 -0.0315885 0.520523
441 3.69171 1.25459 -0.207656 3.46578
442 0.767223 0.63534 -0.373186 0.213791
443 1.48751 1.24337 -0.721546 0.382225
444 1.06567 -0.555051 -0.906166 -0.0802634
445 3.50316 2.57227 2.29711 -0.615494
446 3.03623 -0.411282 2.29727 1.94219
447 1.72594 -0.22783 0.266747 1.68992
448 3.8566 0.561558 1.41762 -3.54236
449 2.2567 -0.238879 1.52262 1.64841
450 2.03771 -0.471418 0.945907 1.7422
451 2.25056 -1.95865 -1.03893 0.386451
452 1.54478 -0.367649 0.62595 1.36359
453 0.40349 -0.197955 0.176285 -0.304206
454 2.48395 -1.30932 -1.56858 1.41252
455 2.57777 0.406494 -2.07831 1.46978
456 5.58877 -4.48861 3.30839 0.375847
457 2.20347 -0.0634189 -0.427684 2.16064
458 3.32509 -0.624843 -3.26509 0.0704569
459 3.56101 -2.48932 2.54632 0.0180737
460 1.7577 1.07632 -1.36611 -0.254506
461 1.42254 -0.176621 -0.48353 -1.32613
462 4.52408 3.70827 -2.55788 0.416306
463 3.90088 1.84655 -3.25054 -1.11405
464 5.11202 -2.3332 1.01583 4.43362
465 3.56252 -0.370629 3.53501 0.240651
466 0.655121 0.650783 -0.0651947 -0.0376168
467 1.97933 1.51965 -0.132412 -1.2613
468 4.06939 2.25947 3.37645 0.233025
469 1.19914 -0.873398 -0.341898 0.747145
470 3.9929 -3.26071 0.842776 2.14494
471 3.2514 -0.733328 -2.88839 1.30041
472 3.86082 0.240168 -3.67005 1.17431
473 2.6231 -1.93052 -0.386959 1.73321
474 0.84371 -0.750227 0.140135 -0.359677
475 3.16618 1.78532 2.45716 -0.894261
476 2.73766 1.6299 1.01223 -1.95284
477 2.45403 0.050122 -0.48685 2.40473
478 4.17544 2.23157 -0.333757 -3.51327
479 1.9535 -1.58273 -0.952293 -0.635799
480 0.90163 -0.168739 0.802795 -0.374145
481 3.77163 -0.675847 -3.71056 0.0134055
482 2.50132 -0.339046 2.28323 0.963592
483 1.84268 0.0911176 -1.02432 1.52904
484 3.03955 2.51753 -1.01929 1.36453
485 3.32086 1.45725 -1.78378 -2.39222
486 3.46176 0.666039 -3.056 -1.4836
487 2.46625 0.34016 2.05897 1.31428
488 0.888472 -0.0888011 0.700155 0.539704
489 2.4955 -0.166994 2.2862 -0.986357
490 1.54324 0.468011 0.346795 1.42908
491 2.14665 -1.7311 -1.09915 -0.635019
492 2.30336 -0.977499 2.07309 -0.228584
493 2.47487 0.979816 -1.267 1.88671
494 1.68258 1.22898 -0.86714 0.754148
495 1.81731 -0.889156 1.37201 -0.793479
496 3.49447 -0.486231 -3.3234 -0.964318
497 2.31889 -1.43201 -1.81821 0.143984
498 2.39792 0.456219 0.0127007 -2.35409
499 2.46582 1.58463 1.50848 1.1374
500 1.60109 -1.05392 0.891771 -0.810863
501 2.36076 1.30006 -1.16075 -1.59238
502 4.96119 2.62637 3.23253 2.69562
503 4.19449 -0.0335713 2.64827 3.25258
504 3.43438 0.558961 3.0349 -1.5073
505 1.14151 -0.431185 0.953014 0.457046
506 2.8925 -1.41797 0.734272 2.41179
507 2.26436 2.19766 0.332218 0.432698
508 0.347547 -0.14899 -0.16597 -0.266542
509 1.97117 0.0947093 -1.93884 -0.342662
510 1.65959 0.274082 0.775335 -1.44151
511 2.99004 0.779424 1.96381 2.11572
512 3.24232 -2.63869 0.0682933 1.8829
513 4.27225 -3.451 2.51636 0.103026
514 4.91387 -0.997403 -4.37606 2.00037
515 1.41257 0.482949 1.28259 0.342193
516 1.60453 -0.846641 -0.541015 -1.251
517 2.33606 -0.584807 -2.12623 -0.770901
518 3.97097 -1.19042 -3.52348 1.3916
519 2.74168 -0.476744 0.62474 2.62664
520 1.61009 -0.767017 -0.720296 1.2187
521 3.46394 -1.43889 0.140251 -3.14782
522 1.38916 -1.21464 0.14475 0.658387
523 1.53887 -1.1705 0.906275 0.420378
524 1.40709 -0.175803 0.58361 1.26823
525 3.08697 1.59806 -0.331613 2.62024
526 3.27032 -2.47267 0.113529 2.13728
527 3.29538 -1.17271 1.62388 2.61674
528 2.58072 1.85979 0.906118 -1.54281
529 2.41125 1.57078 -1.1736 -1.40336
530 2.82706 1.63116 -1.0133 2.0748
531 2.66272 1.91976 -1.77576 0.501267
532 3.39785 0.493241 2.9509 -1.61067
533 2.5081 1.6257 0.384752 -1.87073
534 2.52392 -2.10027 -0.167773 -1.38956
535 3.44819 -2.59049 -0.282182 -2.25827
536 1.42407 -1.42173 -0.00664617 0.0813504
537 0.690339 -0.0974742 -0.241821 -0.639209
538 2.50926 0.284687 -2.40452 -0.658485
539 1.95097 1.72951 -0.566816 0.702719
540 0.938249 -0.485516 -0.541857 -0.592432
541 2.28778 -0.402798 2.04579 -0.941513
542 3.40202 1.94454 2.36858 -1.47727
543 4.06787 -3.51015 0.0465504 2.0553
544 4.50151 -2.38885 0.825032 3.72509
545 2.05011 1.4756 -1.24856 -0.683124
546 1.01631 0.624816 0.799798 -0.0530877
547 1.82455 -1.3406 -0.632961 -1.06355
548 3.3394 2.75827 -1.7745 -0.628251
549 2.42879 1.84888 1.57422 0.0501367
550 1.51141 -0.154816 0.434281 -1.43937
551 0.786947 0.145198 -0.071753 0.770101
552 1.91521 1.32516 1.33439 0.362484
553 3.55468 3.06288 1.05172 -1.46576
554 2.56042 -2.41433 -0.2228 0.822862
555 1.7165 -1.12977 -1.1179 -0.648317
556 3.47748 -2.66395 -2.12909 -0.680611
557 1.03152 -0.445096 0.921636 0.12851
558 0.302183 -0.111774 0.000482814 0.280751
559 3.18031 -2.78633 -0.892985 1.24632
560 0.753218 -0.610794 0.0049784 0.44073
561 2.46064 1.67184 -0.604865 -1.70113
562 2.30637 1.44719 1.54328 0.918309
563 2.35765 -2.11871 1.03107 -0.080667
564 2.66403 1.79355 1.95802 0.215421
565 0.578776 -0.168187 -0.0675499 -0.549665
566 3.54787 3.38854 0.853606 0.613655
567 2.82301 1.06442 2.48773 0.804727
568 2.5439 -0.565538 -2.45603 -0.345714
569 2.80812 -0.222092 1.92806 2.02949
570 2.31709 -0.145019 -0.20364 -2.30356
571 6.80587 -2.47221 -4.89739 -4.02785
572 1.96741 -0.407315 1.85225 0.523417
573 2.52288 1.52372 0.0400652 -2.01037
574 0.546547 0.0142124 -0.543095 -0.0596651
575 1.51992 -0.496091 -0.873874 1.14035
576 1.68559 1.52003 -0.150663 0.712751
577 4.4563 2.91504 -2.89878 -1.71996
578 1.6181 -1.60756 -0.0046302 -0.184362
579 2.73252 1.70589 1.03961 -1.86434
580 3.00547 1.11253 -0.181236 2.78608
581 4.06974 -0.96501 3.78771 -1.13347
582 3.39614 -0.930434 -2.60648 -1.96833
583 2.58831 -2.12999 -0.273213 1.44494
584 2.89127 -2.55223 -1.24331 -0.547472
585 2.57239 -1.14829 -1.26056 1.92603
586 1.40094 0.898412 -0.728657 -0.790285
587 3.00746 -0.63809 -1.87159 2.26601
588 1.36642 0.167552 1.03218 -0.879555
589 3.36007 2.91868 0.866555 1.42142
590 5.21987 0.939773 -2.97933 -4.1818
591 1.91304 0.31763 0.918709 -1.64767
592 4.11564 -3.34752 0.913267 2.21327
593 4.16206 2.78503 -2.09358 2.27668
594 3.50629 0.380225 -1.40996 3.18772
595 3.3141 2.99859 1.22303 0.704185
596 5.61329 -1.5236 -2.15046 4.95613
597 2.47177 0.665836 -2.34521 -0.4078
598 1.55395 0.640872 -0.0334198 1.41525
599 1.10926 -0.920924 0.465138 0.407442
600 2.50731 0.60376 1.57797 1.85259
601 2.0132 0.499308 -1.22054 -1.52116
602 1.18928 -0.525632 0.749622 0.759054
603 1.99109 -0.43251 1.69014 -0.95958
604 5.07063 2.87792 3.89204 1.51025
605 1.71192 0.0471532 -1.10732 -1.30472
606 3.06181 -0.0815438 -2.39976 1.89979
607 2.54593 -0.606753 -0.181556 -2.4659
608 2.0839 0.127014 -0.716431 -1.95275
609 2.30886 -2.14112 0.824923 0.256846
610 3.16564 -2.43465 -0.934377 1.79463
611 2.98212 -0.886746 1.15978 2.60031
612 2.89523 0.0967125 1.22101 -2.62339
613 1.1657 -0.309689 0.709876 -0.871218
614 5.84989 -0.794687 -1.98626 5.44467
615 4.531 -0.790037 -0.485909 -4.43505
616 1.61137 0.31272 1.51514 -0.450635
617 1.44588 -0.400266 0.480856 1.30351
618 2.49052 -1.1483 1.75165 -1.34752
619 1.59218 1.39464 0.758355 0.122075
620 0.654214 -0.352393 0.380226 0.399054
621 1.92435 0.00688704 1.08304 -1.59062
622 2.93271 0.807959 2.81918 -0.0154088
623 1.14423 0.999704 0.530751 -0.167771
624 1.55171 -0.68102 -0.509811 1.29773
625 4.42892 -3.23905 2.15521 2.11635
626 2.32787 -0.996097 -2.02234 -0.580441
627 1.47082 1.45148 -0.206853 -0.117112
628 3.38865 0.982797 2.07586 2.49155
629 1.36875 1.27293 0.459891 -0.204014
630 2.68432 0.897304 1.54914 -2.00015
631 1.12551 -0.10151 -0.0158971 -1.12081
632 4.24489 -4.21532 0.499877 -0.0178263
633 3.14948 -0.332 0.579845 -3.07779
634 2.49748 -1.63403 -1.21485 1.44619
635 2.49073 0.0794529 1.33586 -2.10069
636 2.10149 0.245363 -0.0337937 2.08684
637 1.77688 0.364487 1.00974 1.41594
638 5.35756 -1.10961 2.71898 -4.48101
639 1.70099 -1.65898 0.326464 0.185918
640 1.97296 1.85608 -0.355511 -0.566723
641 2.08754 -0.164038 0.540365 -2.0097
642 4.65854 -2.35487 -1.42597 -3.75808
643 2.28588 -0.523266 -2.21603 -0.201599
644 1.4782 1.10674 0.14859 0.968559
645 3.14341 -0.0568012 -3.11449 -0.421633
646 1.72499 0.748512 -0.787198 -1.34002
647 1.99942 0.568902 0.584917 1.82535
648 3.37173 -2.3975 -0.674437 -2.27283
649 1.68957 0.805353 -0.602034 -1.3578
650 2.88054 2.62535 -0.340453 -1.1354
651 2.084 1.90029 -0.775506 0.361295
652 2.11124 0.170043 2.05057 -0.472832
653 2.59532 -0.0864492 -1.05412 -2.37003
654 1.35159 0.462265 -0.449346 1.18794
655 2.05511 0.803071 1.49722 1.15624
656 3.27451 -1.60098 -2.5562 -1.27479
657 2.02371 1.98236 0.0642851 -0.401907
658 4.6159 -4.17139 -0.173361 1.96875
659 1.29255 -0.764968 -1.03876 -0.080566
660 1.28872 0.694312 0.657659 0.863838
661 3.31889 -0.260384 -1.4698 2.96427
662 1.23503 0.0119902 0.0185727 -1.23484
663 2.39861 0.50361 -0.269646 2.3296
664 3.21953 -2.06673 -1.15302 2.18279
665 2.88315 -1.39497 0.350902 2.4987
666 0.823656 -0.169134 0.397275 -0.70141
667 1.17538 -0.0317938 0.343028 -1.12376
668 1.59671 1.13152 -0.677057 0.900407
669 3.79816 -2.91175 -2.22316 -1.00266
670 5.50414 1.12474 -3.0853 4.41718
671 3.85251 3.80054 -0.0619999 0.627622
672 1.77928 0.830802 -0.882527 1.30259
673 1.91983 -0.609903 0.322649 -1.79156
674 2.46925 -1.40581 1.99531 0.373665
675 2.11488 1.32016 1.4561 0.780825
676 1.67257 -0.833261 0.797971 -1.21095
677 0.946296 -0.675912 0.242352 -0.616348
678 3.99804 -1.69435 -2.20431 2.87308
679 2.81576 2.21491 1.51742 0.848587
680 1.21065 -0.281606 0.359227 1.1213
681 1.86603 1.60954 0.929946 0.163306
682 3.38182 -0.800027 -1.83904 -2.72297
683 3.92038 -3.48856 1.15337 1.36715
684 2.253 -2.00567 -0.977145 -0.313781
685 2.10383 -1.19803 0.902649 1.47514
686 3.22308 -1.87165 -2.0846 1.59363
687 3.41877 -0.936303 3.25227 0.483783
688 1.61849 0.261348 0.223792 1.58149
689 1.98316 1.87664 -0.18474 -0.61402
690 3.66894 2.54121 1.77149 -1.966
691 3.71335 -1.25968 -2.78761 2.10509
692 1.83205 -1.56312 0.814108 0.500279
693 2.78792 2.09966 -1.38667 -1.20046
694 0.584238 -0.386078 -0.258563 -0.354151
695 1.59213 -1.24972 0.975519 0.14646
696 3.91289 2.46227 -2.24818 2.04783
697 2.75405 2.60185 0.572711 -0.697978
698 2.90422 0.608604 1.77848 -2.21384
699 2.41325 1.51474 0.438661 -1.82672
700 1.54847 -0.569811 0.875705 1.1429
701 3.86884 -3.45154 0.315961 1.71901
702 4.4003 -3.48925 -0.692645 -2.58999
703 4.66117 1.69727 0.876303 -4.25181
704 4.16889 3.89551 0.840004 -1.22438
705 2.62114 2.42928 -0.763467 -0.621335
706 3.97916 1.24792 1.5719 3.43592
707 4.19275 0.192669 -2.00278 -3.67844
708 0.933135 0.453812 -0.813282 0.0580175
709 0.883345 -0.677652 0.138352 0.549496
710 3.07724 0.805547 2.83014 -0.900442
711 2.3358 -1.68952 -1.00211 -1.26383
712 2.50789 -1.77854 -1.00497 -1.45476
713 2.89887 -1.23293 -1.47798 2.16769
714 3.61188 0.146163 -1.44133 3.30861
715 3.42142 1.54755 -0.875362 -2.92318
716 2.02582 1.37563 -0.966998 1.12983
717 3.52632 2.32745 2.40668 1.10715
718 1.59192 1.49673 0.104799 -0.532004
719 2.54322 -0.70923 0.608839 -2.36522
720 3.30973 -0.824135 -3.126 -0.709393
721 2.33125 -1.3629 -1.85771 0.355131
722 2.13439 0.93042 0.918028 1.68735
723 4.59279 3.13971 0.62526 3.29317
724 4.15998 -2.00449 0.436584 -3.61896
725 2.45993 2.01875 1.04605 -0.938992
726 3.13849 -0.289 -2.34791 2.06251
727 2.71712 0.0712875 -2.44982 1.17304
728 4.93081 3.18812 3.31349 1.78032
729 2.14894 1.59827 1.42649 0.169034
730 1.44367 1.21092 0.666909 -0.416055
731 2.74912 -0.33157 0.377796 2.70278
732 3.20455 -3.17053 0.304979 0.351971
733 5.658 3.4946 3.95276 2.04363
734 2.95262 2.41011 -1.30616 -1.09693
735 2.19426 -2.08114 -0.0597709 -0.692862
736 0.47083 0.176478 -0.305376 -0.311901
737 4.04285 -2.77288 -2.75004 -1.0455
738 1.40079 0.144739 -1.35637 -0.31862
739 2.00516 0.594057 1.11213 1.55914
740 3.56548 -0.843519 -2.61035 -2.27755
741 3.41677 3.1007 1.36345 -0.448293
742 2.84589 -2.62839 1.01306 -0.405455
743 2.61036 -1.76891 -1.67335 0.940675
744 2.97976 -0.45908 -0.146153 -2.94055
745 2.42508 -1.17295 -2.05073 -0.547443
746 5.8556 4.95166 -2.29236 2.12467
747 2.9718 -0.773583 2.55539 -1.30505
748 3.54673 -2.99622 1.89185 0.151095
749 3.25565 -0.0205603 -1.84542 -2.68203
750 2.52772 -1.02101 -0.240262 -2.29983
751 2.45577 -0.00273299 -2.17664 -1.13711
752 3.78424 -3.50343 0.239975 1.41025
753 2.90393 -2.29947 0.119138 -1.76947
754 1.89975 0.0987655 1.8948 0.0950574
755 3.44561 -1.19447 2.09406 2.46178
756 3.47886 0.759286 3.01647 1.55784
757 2.85014 1.188 -2.07058 1.55714
758 2.28461 1.99374 -0.666534 0.894537
759 2.03702 -0.796195 1.77434 -0.606017
760 2.11751 -0.446904 0.457391 2.01864
761 1.18093 -0.279963 0.765877 0.854191
762 3.43987 -2.2788 1.36617 -2.18479
763 3.43803 -2.05663 1.9469 -1.94933
764 3.89265 1.28872 1.26277 3.44925
765 1.45271 -1.21393 0.797953 0.00425868
766 2.54248 1.68042 -0.824142 -1.72081
767 3.657 3.5589 -0.462017 0.703161
768 2.20574 1.87374 -0.947356 -0.675967
769 3.33958 1.3901 -1.23999 2.77179
770 4.00683 -2.8864 -2.54926 1.10666
771 1.27557 -0.742947 1.03509 -0.0607218
772 1.1886 0.0668006 1.07152 -0.510045
773 1.74417 -1.32829 0.332446 -1.08039
774 4.30169 1.77345 -1.85284 3.45347
775 1.57999 -1.2652 -0.944286 -0.0629116
776 1.38724 -1.32443 0.347693 0.222359
777 3.12557 0.633681 -2.61855 1.58455
778 1.96447 1.25201 1.44838 0.440256
779 3.53199 1.03297 -3.26863 -0.850887
780 1.0302 0.815703 -0.317499 0.543263
781 7.13808 -2.7784 2.3332 6.14726
782 1.11411 -0.253356 -1.0585 0.238007
783 3.37108 -1.93736 1.89237 -2.00743
784 4.87356 -4.59351 -1.54136 0.524837
785 1.51373 -1.03141 1.0576 0.330231
786 2.93951 -2.17219 -1.70704 -1.00415
787 3.44757 0.788644 -0.607681 3.30068
788 4.35223 1.54192 0.589531 4.02702
789 3.00559 0.744505 1.14094 -2.67909
790 1.02701 -0.370162 -0.432877 0.854603
791 1.73485 1.1177 -0.66544 1.14788
792 4.72137 2.78984 -2.18944 -3.11681
793 3.69968 1.40936 3.08534 -1.47717
794 3.17975 1.96904 1.91655 1.60015
795 0.780088 0.599095 -0.415758 0.277071
796 3.11645 1.6415 0.103645 2.64707
797 3.40669 -1.33904 0.351779 3.11268
798 0.846326 0.683961 -0.109512 0.486285
799 1.23541 0.573713 -1.07159 -0.220867
800 3.26694 2.57927 1.24649 1.57051
801 2.82347 -2.04434 1.23423 -1.50642
802 3.02231 -1.66426 2.52156 -0.0795685
803 0.999704 -0.357812 0.337456 -0.870346
804 2.68296 2.2263 1.19853 0.897431
805 5.69022 -5.34002 0.808239 1.79154
806 1.96488 -0.517604 -0.0409794 1.89504
807 4.74727 0.0757558 3.24889 3.46058
808 3.08021 -1.24237 -0.31401 2.801
809 0.657454 -0.371562 0.156502 -0.519321
810 3.44392 3.13451 -0.165812 1.41702
811 2.46296 -2.30875 -0.853517 0.0855993
812 1.44779 0.985191 0.394666 -0.98475
813 3.17077 0.479362 3.13155 -0.131769
814 3.86838 -3.12051 1.25033 1.91401
815 2.16485 -0.310939 1.87751 -1.03191
816 2.39822 0.296006 -1.77569 1.58454
817 2.18331 -0.282537 2.15915 0.158318
818 3.73816 -0.300219 3.00871 -2.19804
819 2.03669 -1.39451 -1.33361 -0.651856
820 4.29856 3.7113 -1.18063 -1.81934
821 1.92789 -0.213324 -1.90047 0.243854
822 2.92105 0.188274 -0.0796969 2.91388
823 2.03604 -1.77083 -0.616623 -0.793345
824 6.71108 -5.14913 -1.77016 -3.92322
825 1.94511 -1.01496 1.11021 1.23319
826 2.80723 -0.739004 2.0188 1.80523
827 2.20191 -1.25561 -0.348586 1.77492
828 1.94454 -0.287489 1.45395 1.25882
829 3.18596 0.52078 1.29818 2.86249
830 2.02494 1.7966 0.769652 0.529379
831 3.96023 -2.49104 2.87406 1.10361
832 1.74408 0.672899 -0.710011 1.44393
833 2.20036 -0.0177131 0.038 2.19996
834 1.63305 0.281467 1.30926 0.934592
835 2.26829 -1.78805 1.30837 -0.485986
836 0.509805 0.0651821 0.0526184 0.502876
837 2.70689 0.093017 -0.955521 2.53092
838 1.5352 -1.14076 -0.356479 0.963561
839 1.74804 0.269491 -0.945813 -1.44515
840 2.46523 -1.05024 1.04774 -1.9689
841 1.54889 1.38771 -0.64248 -0.246068
842 1.56681 1.14704 0.992287 -0.393154
843 2.28721 0.540038 1.68167 -1.45317
844 3.49543 -2.10126 -2.73062 0.58863
845 4.6476 -2.17155 -0.862037 4.01764
846 2.7592 0.894903 0.700849 -2.51419
847 3.73137 -3.09061 -2.03385 0.48441
848 2.518 -1.88049 0.490747 1.60102
849 6.63679 -2.02553 2.49678 5.80605
850 3.70197 -1.49486 2.94641 1.66994
851 2.7176 2.03187 0.206715 -1.79281
852 3.55789 -1.56559 -2.62233 -1.82507
853 2.98406 2.14959 1.22764 -1.66636
854 1.47911 -0.75436 -1.18757 0.456509
855 2.99498 2.44168 -1.35859 1.07814
856 2.74863 -0.550499 -2.54123 -0.891098
857 1.0115 -0.571038 -0.413534 -0.725289
858 2.51037 -1.74214 1.614 -0.813584
859 2.66106 -1.52277 -2.14834 -0.383479
860 2.01001 0.934908 0.198417 1.76826
861 2.3678 0.36602 -0.500357 -2.2852
862 3.53768 3.46215 -0.409377 -0.600938
863 3.56322 -3.1972 -1.56586 0.15011
864 2.52715 0.765721 1.71677 -1.68904
865 0.644154 -0.306704 0.371621 0.42751
866 3.02981 2.24603 -1.43176 -1.44401
867 3.52209 2.00683 0.123763 2.89179
868 2.25159 2.17065 -0.504876 0.320986
869 1.61499 1.02722 1.24507 -0.0532914
870 2.95125 0.689774 0.856921 -2.73858
871 1.52725 0.968966 0.623487 -1.00242
872 2.59173 0.0101681 -1.20816 -2.29288
873 4.47136 -3.58941 -1.52739 2.18547
874 1.33391 1.11212 0.643907 -0.357595
875 0.616147 0.159572 -0.593314 0.0464038
876 0.906484 -0.137054 -0.792141 0.418859
877 1.74405 0.832309 1.46953 -0.435278
878 6.63719 -3.59129 -2.53525 -4.97267
879 1.61979 -0.0915931 1.22093 1.06049
880 1.36058 -0.600988 1.17967 -0.313662
881 4.91051 4.88565 -0.483717 0.098175
882 1.23329 -0.868345 0.301744 -0.822152
883 4.33867 -0.427978 4.3148 -0.153042
884 4.56005 1.06659 1.86139 4.02389
885 3.87784 -2.80433 -1.72941 2.04513
886 5.00478 -2.37797 3.48154 2.69666
887 1.62246 1.01247 -0.248227 -1.24324
888 3.1657 -2.89859 0.62927 -1.10629
889 0.999173 0.303929 0.692906 -0.652576
890 3.54445 2.60249 1.76263 1.63809
891 1.30637 -0.501904 0.0954666 -1.20233
892 1.13712 -0.787694 -0.476256 0.66766
893 2.16685 1.08703 0.753397 -1.71639
894 5.88785 -3.15461 -2.23965 4.43837
895 2.74108 0.0709442 -1.86411 -2.00837
896 4.21667 -1.02749 4.082 -0.248622
897 2.46959 1.15012 -0.045022 2.18496
898 1.14976 0.172236 -0.831214 0.775476
899 3.27404 1.86033 -2.22435 1.52011
900 2.52975 -1.02218 0.64449 2.22248
901 6.85213 -4.88929 3.12554 -3.64384
902 1.12277 1.04928 -0.190922 -0.350949
903 0.41957 -0.0905742 0.28701 -0.292336
904 2.48827 -0.241709 -2.09777 1.31621
905 3.54174 1.52133 -3.15964 0.496092
906 1.97226 0.290351 1.95049 0.0330789
907 3.18649 -2.79675 -0.132871 1.52126
908 7.44174 5.30817 1.68388 -4.93633
909 3.03126 -1.47989 -2.60637 -0.45311
910 3.42333 -1.92037 -1.15377 -2.58847
911 2.50297 -1.75939 -1.23968 1.27774
912 1.4998 0.171558 1.40882 0.484962
913 3.59745 2.65784 -0.969989 2.22186
914 3.36438 1.94257 -1.6937 -2.1626
915 1.9776 1.21209 0.67174 1.41084
916 2.11118 0.335828 1.90697 -0.841284
917 2.26835 1.15588 1.28904 -1.46551
918 3.13705 -1.51826 -2.09613 -1.77263
919 3.68439 -3.08324 -0.971483 1.76764
920 3.12045 -0.963125 0.36206 2.94593
921 2.52682 -1.65736 -1.26651 -1.42616
922 1.58031 -1.0597 -0.384584 1.10748
923 4.19109 -1.29172 3.83817 -1.07943
924 2.54408 1.07573 -1.39052 -1.83892
925 3.86998 1.52232 -3.51394 0.558183
926 3.44727 -2.53978 1.5057 1.77933
927 3.45318 -0.887843 1.89662 2.74572
928 2.32304 -0.789172 -1.69693 1.37629
929 3.11318 2.77826 0.835466 -1.12923
930 2.28978 2.23041 -0.434545 -0.282058
931 3.6631 -2.26618 -2.82893 -0.528988
932 2.31961 -1.1414 -1.62382 1.20041
933 2.70484 2.4114 -0.498887 1.1191
934 2.05854 2.0534 0.0898642 -0.114197
935 3.32056 -2.86472 1.34148 -1.00992
936 2.79531 -0.13401 -2.62479 0.952008
937 1.17762 0.66123 0.807376 0.545623
938 1.10128 1.05321 0.250806 -0.201658
939 1.60906 0.0107684 1.06509 1.20604
940 2.70877 1.3362 -0.973928 2.14557
941 2.83783 -1.98271 1.57824 -1.27722
942 2.34826 0.484737 -0.87495 -2.12457
943 5.63967 -3.73492 -0.275605 -4.21667
944 2.44109 -1.7527 -1.51434 -0.770552
945 1.43159 0.388032 0.73298 1.16689
946 1.30569 -0.032573 0.109467 -1.30069
947 2.15545 -1.21526 -0.409317 -1.73251
948 4.12985 -3.5612 -1.69945 1.21875
949 3.10229 -2.11504 -2.24225 -0.350897
950 1.3526 -1.29643 -0.146804 -0.356715
951 3.26928 -0.908165 1.30061 -2.85865
952 3.72093 0.168704 -2.97066 -2.23429
953 1.25014 -1.07068 0.636218 0.108279
954 1.60297 0.21623 0.696923 1.42726
955 1.95091 -0.665974 1.57619 0.937095
956 2.41427 -0.403315 0.527372 -2.32119
957 1.66776 -0.96017 1.3635 -0.0188844
958 2.86364 -2.03297 1.30001 -1.54189
959 1.3827 -0.358448 -0.894334 0.991738
960 1.60052 0.99814 -1.22926 -0.23305
961 1.9651 -0.482592 1.79657 -0.63331
962 2.25015 -1.31617 1.72816 -0.586805
963 2.51993 -0.0316892 2.51914 0.0546106
964 1.76842 -1.54645 -0.730294 -0.449957
965 0.972185 0.252186 -0.349952 0.871252
966 3.20251 -1.43168 2.30523 1.70067
967 3.92363 -2.14495 -0.119442 3.28326
968 1.73992 1.27699 1.18053 0.0542822
969 1.10015 0.732006 -0.586181 0.575232
970 3.03256 -1.80762 -1.96859 1.43304
971 2.8841 2.67955 -0.0426302 1.06593
972 1.83534 1.50934 0.419518 0.956225
973 1.54909 -0.748574 1.33241 -0.252969
974 1.44398 0.0252685 -0.509192 1.35099
975 3.89869 -0.0353076 -1.26484 -3.68765
976 2.20374 -0.555434 2.08377 -0.453723
977 1.58955 -0.17354 -1.57959 0.0383638
978 2.61693 2.40695 0.296773 -0.983277
979 2.10559 -1.96914 0.659257 -0.348394
980 4.01271 -1.08106 -1.0177 3.72793
981 2.94448 2.59369 0.300555 -1.36104
982 1.12915 -0.0681772 -0.99558 -0.52835
983 2.63813 1.46475 -2.17461 -0.292032
984 1.97851 -1.54072 -0.222112 -1.22121
985 0.680437 0.531699 -0.127888 0.404889
986 5.51499 1.07462 -4.62293 2.8087
987 3.56611 0.654056 2.98356 -1.84059
988 1.67865 0.280065 1.12462 -1.21436
989 1.37291 0.250617 -0.551747 1.23193
990 2.8027 2.57553 0.721705 0.837204
991 1.04335 -0.756546 -0.676564 0.241824
992 3.79902 -0.844061 -3.57412 -0.972518
993 1.72796 -1.65107 -0.0761512 -0.503988
994 3.51551 -1.08593 3.32942 -0.307401
995 3.48679 2.76856 1.47044 1.52661
996 2.72426 -2.20462 1.03217 -1.22306
997 2.81653 -0.588792 -1.24741 -2.45563
998 1.55653 0.979721 0.208442 -1.19143
999 1.56697 0.798545 -0.74672 -1.12256
1000 1.9059 -1.15804 -0.558671 1.40687
1001 3.01587 -0.00519469 -2.28162 1.97223
1002 3.1834 0.488696 -0.771072 -3.0497
1003 2.40982 -1.26717 -1.86697 0.846137
1004 2.44786 0.955551 1.56536 1.62129
1005 1.45533 -0.505455 -0.466501 1.28253
1006 1.26222 -0.370385 -0.618705 1.03596
1007 1.83768 -0.198447 -1.76243 -0.48117
1008 2.27319 -1.10269 -0.459272 -1.93405
1009 3.9953 -0.291074 -3.9461 -0.553107
1010 0.91539 0.782865 0.456475 -0.129204
1011 4.12443 0.375275 3.56316 -2.04305
1012 1.99663 -1.0417 -1.57145 0.657229
1013 2.38581 -1.21759 1.67111 1.19036
1014 2.42225 -0.321167 2.40067 -0.0301472
1015 2.57557 1.51044 -1.98363 -0.646029
1016 5.05292 -3.32119 -2.17642 3.12489
1017 6.34308 -4.48199 -4.31141 1.24827
1018 1.34423 0.953564 0.903226 0.286094
1019 1.96692 -0.708502 -0.899389 1.59934
1020 2.647 -1.11119 0.221149 -2.39227
1021 3.55859 3.4597 0.690622 0.465932
1022 2.68564 -1.54251 1.90191 1.10275
1023 3.70992 3.18893 0.858143 1.69052
1024 2.47121 -1.61806 1.20061 -1.43084
1025 1.84508 0.2236 -1.67637 0.737644
1026 4.33352 -0.321387 3.58169 2.41817
1027 2.88927 0.73847 -0.413343 2.76256
1028 2.04546 1.48886 -1.15708 -0.792688
1029 5.28747 1.8396 -3.31139 3.68888
1030 2.90237 -1.9535 -0.175415 -2.13935
1031 2.40235 0.492781 -2.03868 -1.17143
1032 3.38103 2.48976 2.12215 -0.853766
1033 3.62113 -0.647493 -3.20745 -1.55101
1034 5.38099 0.964316 -1.4357 5.09548
1035 5.40228 3.04395 -2.49496 -3.70056
1036 5.11322 3.22111 0.86057 -3.87671
1037 2.55645 1.881 -0.0833295 -1.72926
1038 5.06565 -2.28631 -1.57418 4.2374
1039 2.15473 1.98247 -0.203192 0.819366
1040 3.82735 -1.77301 3.31258 0.729277
1041 2.67119 0.364993 -1.20127 -2.35775
1042 2.32953 1.79792 0.14176 1.47449
1043 0.710099 0.306874 -0.481426 0.422252
1044 2.93846 2.82057 -0.665044 0.486478
1045 2.7884 1.80636 -0.770863 -1.9794
1046 1.84206 -1.72994 -0.625567 -0.0957476
1047 1.54025 -0.642718 -1.07466 -0.896879
1048 2.68401 -0.489855 -2.20288 -1.45302
1049 1.49461 -1.01801 0.779004 0.768556
1050 1.89701 1.66997 0.0540233 0.898297
1051 3.36358 1.09477 2.9388 -1.21599
1052 0.68407 -0.274544 -0.340916 0.525694
1053 3.02949 -2.85571 -0.1327 -1.00255
1054 0.779681 -0.402643 0.610029 0.271378
1055 0.804826 -0.322498 -0.659256 0.330335
1056 1.52694 0.479364 -0.959296 -1.08697
1057 3.00879 2.08856 2.06246 0.661072
1058 3.27505 -1.41547 1.81297 -2.33143
1059 4.19213 -3.7672 -1.05087 -1.50925
1060 1.171 -0.387996 -1.09887 0.11487
1061 1.03149 0.33963 0.095937 -0.969242
1062 2.55798 1.02068 -1.0142 2.11491
1063 2.15138 -0.875274 0.0257011 1.96511
1064 6.0552 4.67464 0.662299 -3.79138
1065 4.06553 0.303724 -2.87385 2.8596
1066 2.7679 2.51631 -0.119772 1.14677
1067 3.50062 -2.83551 1.52598 1.37318
1068 1.85209 0.650565 -1.11416 -1.32877
1069 4.31474 4.20797 0.928176 0.220053
1070 2.10584 1.73514 0.176408 -1.18014
1071 2.5101 -0.333475 2.36909 0.759476
1072 2.23743 0.41635 2.16027 -0.407385
1073 3.02909 1.11664 1.2373 2.52934
1074 1.11482 0.481925 1.00475 -0.0324705
1075 2.43571 0.224707 0.179838 2.41865
1076 1.68351 -0.863364 1.4314 -0.199814
1077 3.32489 -1.23234 -0.479121 -3.05069
1078 1.99763 0.0999699 -1.99443 0.0526284
1079 2.55907 1.63135 1.53172 -1.24151
1080 2.66357 -0.592819 -2.14788 1.45939
1081 1.37187 0.70329 1.16272 0.188369
1082 3.05217 -0.817127 -1.18062 2.69336
1083 2.83821 0.810157 2.40213 -1.27626
1084 2.21765 -0.973687 -0.500769 -1.92851
1085 2.41545 0.244211 -0.575017 -2.33326
1086 1.64638 -0.0756337 1.60742 0.347933
1087 2.28667 -0.539262 -2.22118 -0.0663489
1088 2.53682 1.92914 1.54298 -0.577142
1089 1.60441 1.07905 1.10645 0.430744
1090 3.30822 -1.92111 -1.13602 -2.44194
1091 2.35144 0.575626 1.38694 -1.8095
1092 3.77991 1.22135 3.3971 1.12061
1093 1.54613 -0.924748 0.562493 1.10407
1094 3.74272 1.36086 -3.24151 1.28399
1095 3.03839 1.66108 0.317964 2.52419
1096 2.88848 0.990475 1.24379 2.41149
1097 1.47317 0.281641 0.01896 -1.44588
1098 0.480438 -0.103497 -0.272707 -0.381759
1099 4.40711 0.489285 4.07978 1.59329
1100 2.623 1.26263 2.2335 0.545338
1101 1.41386 -0.963147 0.349696 -0.974196
1102 4.17905 3.94485 1.19855 0.682738
1103 2.96799 2.06491 1.68154 1.31055
1104 3.07941 2.70247 -0.116955 1.47166
1105 1.83288 1.51321 0.485475 0.913206
1106 2.5809 -0.159623 -2.54802 -0.378337
1107 2.73793 -2.33374 -1.37486 -0.399611
1108 1.43881 -0.529866 -0.800122 1.07201
1109 2.38406 1.86407 1.09027 -1.01009
1110 2.68793 1.89513 -0.654332 1.79033
1111 2.44467 0.47174 2.06307 -1.22377
1112 2.75645 1.28892 -2.43244 -0.141103
1113 1.87097 1.30214 -0.823354 1.06163
1114 3.98742 -3.18609 2.15338 -1.05419
1115 0.908521 -0.723035 0.371913 -0.405352
1116 1.86618 0.577301 -1.76903 0.141016
1117 2.43893 2.2726 -0.709973 0.528791
1118 1.83977 0.230713 0.329614 -1.79524
1119 2.09488 1.65468 1.09832 -0.666524
1120 4.38326 0.375475 -1.05329 4.23823
1121 1.44687 0.258146 -1.17814 -0.799232
1122 1.70174 -0.339197 1.42474 0.8666
1123 1.50258 1.19818 0.871137 -0.251482
1124 1.43738 -0.494532 0.757106 1.11727
1125 2.66684 2.11069 -0.714126 -1.46529
1126 1.38469 -1.35418 0.232201 0.172197
1127 3.88053 -1.99184 -3.29866 0.458128
1128 2.12001 2.09684 0.0679452 -0.305135
1129 3.33195 -3.22323 0.843205 0.041295
1130 2.57477 0.308415 -0.559889 2.49416
1131 3.31764 3.17433 -0.831197 0.489382
1132 3.63406 3.53803 0.296051 -0.775314
1133 2.37677 -0.361013 -2.25597 -0.655233
1134 4.33081 4.11018 1.02876 -0.896639
1135 2.11714 -1.7091 -0.528231 -1.13235
1136 3.11082 2.14194 -2.25476 0.0729957
1137 3.23657 3.22854 0.169013 -0.152777
1138 1.39053 -0.465272 -1.20103 0.524047
1139 1.2248 0.432033 -1.1369 0.144751
1140 2.64544 0.70683 2.49614 -0.517692
1141 5.4607 3.10126 4.24079 -1.489
1142 2.10541 1.08914 1.04359 1.46883
1143 5.56719 1.79965 -5.09725 -1.33151
1144 6.03653 -3.12081 0.980362 -5.07338
1145 0.679062 0.445541 -0.0940363 -0.503761
1146 1.55308 -1.16176 0.909541 0.484877
1147 2.3179 0.682016 -0.368611 2.18441
1148 2.88289 2.34203 -1.5194 0.719297
1149 2.91225 0.626048 2.4532 1.43911
1150 2.06495 0.196938 -1.51109 -1.3935
1151 2.17486 0.347712 1.00558 1.89682
1152 1.94434 -1.74935 -0.0370069 -0.847864
1153 2.92294 2.49031 -1.36418 0.693521
1154 1.28585 -0.973113 -0.469213 0.697359
1155 2.14984 -0.929255 0.982818 1.67104
1156 1.56918 -1.47096 0.011947 0.546308
1157 0.940513 -0.865861 0.156769 -0.332073
1158 2.58087 1.00269 0.657089 -2.28555
1159 1.69662 1.61797 0.50726 0.0581288
1160 2.63212 2.29021 1.27299 0.249978
1161 6.73299 5.90676 -0.727632 -3.14862
1162 3.0352 -2.19174 -1.22941 1.70214
1163 2.24282 0.258618 0.0226879 2.22774
1164 5.34877 4.94377 -1.78222 -0.996053
1165 2.06292 -0.39115 1.53715 -1.31902
1166 2.77278 -1.47971 1.34282 -1.92239
1167 3.39291 -1.35269 2.87793 -1.18303
1168 2.67376 -2.27179 0.970588 -1.02272
1169 3.62499 0.0406147 -3.47341 1.03649
1170 3.36071 0.210215 -1.13099 -3.1577
1171 4.52053 3.35085 -0.958041 2.87909
1172 2.797 0.299364 1.32859 2.44304
1173 3.56172 -1.38585 2.33517 -2.30484
1174 1.60297 0.529739 1.41793 0.527595
1175 2.20813 1.24166 1.8052 0.274565
1176 0.520971 0.23512 -0.464442 0.0205723
1177 3.23289 -0.721183 1.44014 2.80312
1178 3.23519 3.10402 -0.791998 0.451961
1179 3.01707 -0.933353 2.82916 0.476901
1180 4.64908 0.910927 2.45322 -3.84263
1181 5.11978 -4.87495 -1.42852 -0.63739
1182 4.99442 0.436349 -4.60318 1.88801
1183 3.95337 0.753878 -0.193003 -3.87603
1184 3.40694 0.637079 -3.3468 -0.0167366
1185 2.2696 -1.31399 0.182421 1.84153
1186 3.04689 -2.91168 -0.884281 -0.153896
1187 1.45325 -1.34718 -0.184294 -0.512915
1188 2.53136 0.429839 -0.807756 2.36021
1189 3.41306 3.31786 0.491329 -0.631981
1190 3.08396 -1.44933 -2.71652 -0.175414
1191 2.99294 1.72027 -1.39583 -2.01247
1192 2.08184 -2.07206 0.201489 0.00156963
1193 4.72548 3.91043 2.31602 1.2941
1194 4.52266 3.42847 -1.89741 2.25828
1195 1.61482 0.107248 0.957019 1.29625
1196 3.69809 0.660012 -0.969343 -3.50722
1197 2.46921 -0.752008 -2.23979 0.717521
1198 1.30374 -0.296748 -0.248098 1.24504
1199 2.25312 -2.16074 0.63834 0.0159432
1200 1.66629 1.27653 0.82504 0.682851
1201 2.66597 0.099927 2.629 -0.43102
1202 3.71279 2.90386 -1.24828 1.94786
1203 1.30535 -0.401251 0.861435 0.894908
1204 5.78364 4.51127 -3.56297 -0.635758
1205 2.33075 1.20095 1.96534 -0.357157
1206 2.39773 -2.23177 0.409088 -0.775216
1207 0.87383 0.673318 -0.336791 -0.443613
1208 5.03364 0.631435 -0.21407 4.98929
1209 3.84296 -1.90431 -2.73858 1.90844
1210 3.33416 2.7211 1.62441 1.03611
1211 2.08224 0.928813 0.181475 1.85475
1212 0.476544 -0.423666 -0.149913 0.158515
1213 3.15628 2.62286 0.889388 -1.51385
1214 2.3081 0.000956965 -1.3755 -1.85346
1215 3.17491 -2.24335 1.48794 -1.68329
1216 2.65827 0.866543 2.456 -0.53249
1217 3.27686 1.67598 -0.66855 2.73532
1218 1.88181 0.0143575 1.11224 -1.51786
1219 3.44961 -1.97356 -2.82479 0.159464
1220 0.885257 0.588754 0.572645 -0.330342
1221 2.66621 -0.313442 2.63069 0.299828
1222 0.220669 -0.10411 0.114343 -0.157421
1223 3.50844 2.69735 -2.18894 -0.491911
1224 2.02558 -1.34595 -1.47143 -0.355383
1225 2.62202 0.0641738 -2.24468 1.35362
1226 2.61583 1.15224 -1.18551 2.02719
1227 2.58516 -0.606725 -0.0465333 -2.51252
1228 5.24045 2.87998 -3.18053 3.0087
1229 3.90815 -1.3646 0.232195 -3.65481
1230 3.01912 2.3058 -1.93744 -0.211433
1231 1.78907 1.57286 0.772727 0.360222
1232 2.20726 2.08926 -0.707058 -0.0841209
1233 3.49335 1.55394 -1.25471 2.86609
1234 3.24977 -2.37955 -1.34823 1.75527
1235 2.65667 0.20666 -1.41699 -2.23771
1236 2.14085 1.51992 1.48341 -0.269374
1237 0.513852 -0.29503 -0.158415 0.389751
1238 3.02214 -0.238043 1.91196 -2.32832
1239 4.20985 -2.06655 3.3926 -1.39372
1240 2.84666 -1.34445 -2.49868 0.229255
1241 1.83062 0.814287 -1.492 -0.679727
1242 3.3376 -1.73384 -1.55458 2.39095
1243 1.21161 1.08861 -0.507909 -0.15799
1244 2.42986 2.37961 0.485491 -0.0772429
1245 3.9663 -3.55069 1.64249 0.652984
1246 3.91206 2.63555 0.536876 2.84075
1247 3.06274 2.65137 -1.2003 -0.953898
1248 4.64931 2.77013 -1.21807 -3.5297
1249 4.27814 -0.96768 -2.14512 -3.57274
1250 3.0099 2.76286 -0.500115 -1.08444
1251 2.12857 -0.641403 -2.02705 -0.102433
1252 5.27777 0.476007 -4.6608 2.43006
1253 2.47445 0.826141 -1.26282 -1.96104
1254 5.29836 -4.974 1.71359 -0.628925
1255 1.55063 -0.44281 -0.176548 -1.47554
1256 2.36551 0.6721 2.12464 0.793627
1257 1.0366 0.783311 -0.665505 -0.134437
1258 2.37298 -0.464066 2.32714 0.00987975
1259 0.848145 0.727196 -0.15058 0.40971
1260 2.81886 -0.562086 -1.89287 -2.01173
1261 1.3264 -0.375173 -0.0340574 -1.27178
1262 0.948994 -0.396256 0.549454 -0.664584
1263 2.3496 0.934245 -1.1762 -1.80676
1264 2.39302 -0.904232 -1.99104 -0.971934
1265 0.882886 0.536213 0.197125 0.673131
1266 2.26524 -2.19965 -0.26496 -0.471847
1267 0.583525 -0.352487 -0.399405 -0.238181
1268 1.41286 -1.39058 0.040879 0.246529
1269 1.42535 -0.17371 -0.651592 1.25574
1270 1.20672 0.0341777 0.0899017 1.20288
1271 4.07621 -1.56921 -3.33739 -1.73633
1272 3.04118 2.97614 0.249582 -0.573644
1273 2.26977 -0.503148 2.20557 -0.184821
1274 2.61074 -1.24577 -1.69763 -1.5434
1275 1.63223 -0.673316 0.599315 1.36076
1276 2.27299 -0.847399 1.50846 1.47409
1277 1.03761 0.0804922 0.562189 0.868391
1278 3.64657 -2.97651 1.55664 1.41941
1279 2.6531 -0.377694 -0.0439315 2.62571
1280 3.23546 1.22646 2.48257 1.67357
1281 1.51908 -0.875343 0.849186 0.905679
1282 2.13866 0.411163 1.76799 1.13095
1283 0.974857 -0.45975 0.842868 0.168968
1284 5.63736 -2.8833 4.81686 0.514109
1285 2.03986 1.64257 1.10193 0.498762
1286 1.88834 1.10633 1.45203 0.483186
1287 2.23328 -2.03956 -0.877436 -0.240543
1288 1.44443 0.62032 -0.748284 -1.06848
1289 1.657 -0.118328 -1.34125 -0.965769
1290 1.68536 1.52062 -0.643003 -0.338698
1291 0.956057 0.812016 -0.396547 0.312131
1292 1.29516 0.516624 0.428241 -1.10777
1293 1.52195 -0.21936 -1.50387 -0.0811444
1294 2.11218 1.42014 1.4919 0.467734
1295 3.66822 -0.678534 -3.26788 -1.52197
1296 2.10844 -1.70019 0.10835 -1.24222
1297 4.34479 -4.0467 -0.149851 1.57445
1298 2.53014 -2.10693 0.853044 1.1112
1299 1.63142 -1.38686 0.565176 -0.647088
1300 1.00178 0.435941 0.769494 0.470535
1301 3.43646 -1.37857 -0.642033 -3.08165
1302 0.701455 -0.528738 -0.11019 -0.447586
1303 1.70548 0.62325 0.613034 1.46439
1304 2.9692 2.1227 -0.0981639 -2.0738
1305 2.43067 1.59697 -1.36034 -1.22773
1306 2.173 2.12538 -0.178196 -0.41587
1307 1.38095 -0.64719 1.21989 0.0076324
1308 2.1446 0.596393 1.44628 -1.46694
1309 2.16223 -1.85692 0.382813 -1.03949
1310 3.68114 -0.855366 3.56455 -0.336426
1311 2.86021 2.33145 1.55825 0.563016
1312 2.51494 -1.85529 -1.60483 0.55438
1313 1.41164 0.521016 -1.30305 -0.152699
1314 2.47942 -2.2285 -1.06923 0.195084
1315 1.62437 -0.598718 -0.264292 -1.4867
1316 1.59798 0.974579 1.06456 -0.685897
1317 1.01703 0.841263 0.542794 0.178886
1318 3.23175 1.41691 -1.63873 -2.39815
1319 1.59159 -1.59084 0.041548 0.0255286
1320 2.72564 -1.60203 -2.02967 0.862005
1321 2.6813 -1.40327 -2.25706 -0.3548
1322 2.23377 0.0486714 -0.773556 2.09498
1323 1.48205 -0.731685 -0.0908003 -1.28564
1324 3.25201 -2.62169 -1.86551 0.471354
1325 2.15387 -1.60782 0.868838 1.13983
1326 2.44691 -0.895021 1.56968 1.64997
1327 2.25535 1.81263 -0.220996 -1.32369
1328 1.34097 -0.421357 -0.835546 0.960475
1329 4.14233 0.406971 -3.85591 1.45783
1330 4.38251 2.02611 -3.86836 0.370291
1331 3.193 -1.82583 -1.08358 2.38483
1332 1.97414 0.437232 -1.47393 -1.23838
1333 2.92192 -1.74069 1.52224 1.78617
1334 4.82453 -0.621826 2.95356 -3.76377
1335 0.755325 0.41713 -0.552539 0.302024
1336 1.91131 -0.13113 -1.87066 -0.3695
1337 1.67144 -0.592113 -1.37733 -0.738964
1338 4.14932 -2.7315 -3.10643 -0.325463
1339 2.66015 1.17126 -0.754184 2.26622
1340 1.94137 1.63992 0.572842 -0.866852
1341 2.37439 1.00341 -2.00366 0.785007
1342 3.04698 -1.0297 0.321654 -2.84962
1343 2.58562 -0.194089 1.6725 -1.96226
1344 3.97579 3.93355 -0.48526 -0.313992
1345 3.8601 1.49907 2.05182 2.90573
1346 2.33231 -0.166842 2.32289 0.126645
1347 2.54152 1.28905 -1.08319 -1.90377
1348 3.14191 1.48732 -0.711294 -2.67461
1349 2.86841 -2.33757 1.18656 1.1643
1350 1.95929 -0.151539 -1.84735 0.634924
1351 2.68049 0.530963 0.248209 2.61563
1352 3.54716 3.25995 -0.811595 -1.13857
1353 4.59631 0.0201119 4.59316 -0.168865
1354 2.71633 -0.512707 0.706088 -2.57235
1355 2.35992 1.8299 -1.02622 -1.08053
1356 2.28991 2.10688 0.634179 -0.634481
1357 2.07123 1.96658 -0.650057 -0.00347886
1358 3.27465 2.57589 -0.997599 1.75867
1359 2.84348 -1.42453 -0.0271974 -2.46076
1360 5.5952 0.556584 0.190396 5.56419
1361 2.31332 0.941456 -1.91719 -0.888543
1362 1.97538 1.41144 -0.33572 -1.34062
1363 1.65239 0.736656 1.43666 0.351747
1364 2.94074 1.46653 -0.397217 -2.51783
1365 2.17037 1.49409 1.57219 -0.0799611
1366 0.923303 -0.850404 -0.359377 -0.0122243
1367 3.63563 -3.55341 0.327986 -0.695355
1368 3.9672 1.73096 0.287425 3.55806
1369 1.60405 -0.237378 0.997004 -1.23394
1370 2.59231 -1.75147 -1.50653 -1.17591
1371 3.04547 2.09123 -1.41177 1.70545
1372 0.567567 -0.38134 0.100051 0.408292
1373 1.77701 -0.11995 1.38241 -1.1101
1374 0.336365 -0.262207 0.100241 0.185312
1375 3.29117 0.968474 0.913076 3.01001
1376 0.891651 -0.449438 -0.389613 -0.664266
1377 2.19284 -0.403336 -1.01978 -1.89893
1378 2.44113 -0.642608 -1.03268 -2.11654
1379 1.50567 -0.357193 -0.574192 -1.34528
1380 2.79934 -1.62601 0.672173 2.17728
1381 2.52269 1.21827 0.934796 -2.00148
1382 3.40366 -1.84592 -2.82027 -0.472851
1383 4.2659 1.51906 -1.69677 -3.60712
1384 1.31465 -0.861282 -0.925719 -0.359921
1385 1.39234 -0.049704 0.391882 -1.33513
1386 4.30366 3.78779 1.57124 1.30591
1387 2.23071 -1.97071 -0.81619 0.65283
1388 2.89052 -1.6808 2.33463 -0.282075
1389 3.35214 -1.54301 0.93207 -2.82616
1390 3.78122 -1.99904 -2.68125 1.76419
1391 2.39206 -0.358318 -1.84601 -1.47844
1392 3.16305 1.84021 2.48187 0.677345
1393 2.44752 -0.0391971 -1.23061 -2.11528
1394 1.4763 -1.19295 -0.506454 0.707004
1395 2.33191 1.02885 1.21698 1.70242
1396 2.29684 -1.67641 0.551269 -1.47012
1397 1.53368 0.641192 -1.21854 0.675419
1398 2.25836 2.12111 0.217317 0.744228
1399 1.35232 0.595406 -0.978304 -0.719147
1400 4.00663 -2.96208 -1.91701 -1.89848
1401 1.69106 0.685286 0.16074 1.53761
1402 4.49559 2.90615 -3.01266 1.63967
1403 2.19642 0.222148 0.911967 -1.98575
1404 3.84029 -0.683755 0.216481 3.77272
1405 1.83664 1.74701 -0.552886 0.124602
1406 4.48082 -2.70217 1.56175 3.21511
1407 4.19312 2.84379 2.71383 -1.45955
1408 2.82285 -0.148984 -0.162812 2.81421
1409 2.76525 1.28437 -2.39105 -0.529071
1410 2.22849 -0.46524 1.46756 1.6112
1411 3.84505 -2.88857 -0.530633 2.48173
1412 3.35623 -1.83234 -0.792509 2.69791
1413 1.97255 1.26579 -0.932552 -1.19124
1414 2.89044 0.660648 -2.78839 -0.378231
1415 3.53591 -0.650581 0.70035 -3.40425
1416 2.56343 -0.513114 -1.03503 2.28837
1417 3.08451 0.361361 1.62423 2.59721
1418 1.52422 -0.603647 1.39852 0.0547385
1419 4.83568 4.70856 -1.07851 0.223769
1420 2.34451 -0.175644 2.06034 1.10493
1421 2.24937 1.90966 0.682725 0.973004
1422 2.50259 -1.51358 -1.3381 1.477
1423 2.14345 2.0936 -0.336456 0.313091
1424 2.43598 -1.15556 -2.09119 0.474968
1425 2.62257 2.43787 -0.853268 -0.45452
1426 1.18581 -0.0450302 -0.880464 -0.793039
1427 2.84455 -2.20622 -1.51051 -0.97076
1428 4.76241 -2.04336 -3.68007 2.22762
1429 5.30741 4.6123 1.51882 2.14208
1430 3.91328 -2.92169 2.05214 1.60194
1431 2.04635 -1.14929 0.0646704 -1.69189
1432 3.51458 0.381148 -2.1806 -2.72983
1433 3.11729 1.989 1.40356 -1.94714
1434 3.23005 -0.0894946 3.05241 -1.05261
1435 2.36258 -0.724659 1.18773 1.90944
1436 1.78729 1.43765 -0.172426 1.04778
1437 3.19015 -1.88021 -1.05641 2.35072
1438 2.03638 -1.92771 0.356426 -0.551123
1439 2.12564 -0.370675 1.51066 1.44875
1440 3.91755 -1.29075 1.40787 -3.42039
1441 0.730048 0.391146 -0.575534 0.220761
1442 3.13583 -2.68459 1.5025 0.607382
1443 4.55316 -0.521005 2.5462 3.73855
1444 1.38357 0.117189 1.33498 0.344014
1445 3.55795 -1.99722 2.11159 2.05216
1446 2.74261 1.15172 2.27175 1.01715
1447 1.05421 -0.326929 -0.526943 0.852535
1448 3.0408 0.378417 -0.645089 -2.94739
1449 2.43053 0.283566 2.4006 -0.253373
1450 5.25674 3.49746 -2.71561 -2.83312
1451 1.876 -0.752758 1.41301 0.977826
1452 0.366001 -0.0755088 0.181022 -0.309008
1453 2.38547 -1.36969 -1.03609 -1.65559
1454 1.15935 0.843795 0.697939 -0.380758
1455 3.02383 1.22451 2.7506 -0.279839
1456 3.13693 -0.368391 -2.1944 2.21115
1457 3.98876 3.2957 2.24509 0.0901736
1458 1.68087 -0.583627 -1.50067 -0.482385
1459 2.13072 -0.581361 0.98149 -1.79962
1460 2.63602 -0.690304 2.5418 0.106508
1461 2.30526 0.732206 -0.0437651 2.18545
1462 2.21738 -1.29872 -1.66447 0.677965
1463 2.64408 0.541256 0.485754 -2.5421
1464 2.43948 -1.04065 -1.79905 1.27731
1465 1.84963 1.3076 -0.588991 -1.16807
1466 4.80946 4.45438 -1.30976 1.25456
1467 3.09166 0.79607 2.78221 -1.08809
1468 2.41998 -0.811879 0.509988 -2.22195
1469 3.34858 -2.70185 1.83476 0.739378
1470 1.88033 -0.654656 0.66461 -1.63259
1471 2.55629 2.3386 -0.728679 -0.731153
1472 3.36315 -0.356566 1.88627 -2.76145
1473 2.97376 -1.06592 -0.64434 -2.70035
1474 1.98481 1.46908 1.01137 -0.870863
1475 5.38074 1.88248 -4.28797 -2.6499
1476 2.2228 -0.967698 -0.805304 -1.8319
1477 3.0343 -1.60153 1.82785 1.81686
1478 2.0655 1.12932 1.68632 -0.383753
1479 1.72693 -0.562796 -0.720971 1.46483
1480 4.85631 3.52538 0.664199 3.27327
1481 1.84889 -1.59064 0.671503 0.661326
1482 3.65359 -0.522104 3.28517 -1.51123
1483 2.77197 1.88655 1.74093 1.0459
1484 3.08358 -0.784501 2.49829 1.62837
1485 1.74576 -1.20252 -1.26541 0.0186458
1486 1.68687 1.46419 0.834801 -0.0690924
1487 1.19145 0.11637 -0.69488 -0.960812
1488 2.41643 -0.411857 -1.95135 -1.36446
1489 1.84968 -0.332999 0.811656 -1.62839
1490 2.62022 -0.297168 0.254788 -2.59081
1491 0.951529 -0.548481 -0.773672 0.0774962
1492 1.46459 0.36505 -1.3732 -0.35511
1493 0.638785 -0.217734 0.26055 0.541066
1494 4.71537 -1.75564 0.133298 -4.37432
1495 6.28714 1.1641 2.99326 5.40494
1496 1.43361 -0.804449 -0.475518 1.0872
1497 3.11728 1.59337 -2.34918 -1.28839
1498 1.87909 -1.22116 1.41602 -0.186136
1499 4.34427 1.35155 0.802659 -4.0499
1500 2.17208 -0.319344 2.0691 0.578609
1501 1.34081 1.2375 -0.206567 0.472965
1502 2.15451 -0.488935 1.3226 1.62898
1503 0.94274 0.403861 -0.817668 0.238902
1504 2.01765 0.38289 1.90061 0.558529
1505 3.86969 -0.876565 3.13251 -2.09607
1506 2.99246 -2.84427 0.849871 -0.377753
1507 3.2966 2.38286 1.61256 -1.60909
1508 1.04733 0.14157 -0.0668112 1.03556
1509 2.28854 -1.83665 -0.647327 -1.20212
1510 1.29026 -0.481533 1.17505 -0.228376
1511 3.31493 -0.967196 -2.34386 2.13532
1512 1.84473 -1.02554 0.83551 -1.28578
1513 1.39899 0.66405 1.22706 0.102645
1514 3.55232 0.192635 -2.91242 2.02476
1515 2.66442 1.18773 -0.825497 2.23763
1516 1.66341 -0.11091 1.42695 0.847598
1517 1.83052 -0.293568 -1.58934 0.859427
1518 1.9433 0.0854387 -1.91176 0.338047
1519 1.2627 0.308359 0.492616 1.12101
1520 4.02671 0.337341 -3.72218 -1.49867
1521 4.16285 2.53879 -1.55252 -2.91093
1522 1.92426 -0.744938 0.422608 1.72315
1523 2.82382 2.70689 -0.223507 0.772505
1524 2.06783 1.78439 -0.00470162 -1.04491
1525 2.96737 -2.62892 -1.24553 0.585405
1526 2.71708 2.16931 1.00558 1.2905
1527 2.42052 1.1605 0.980161 -1.88453
1528 1.16487 0.583665 0.771706 -0.64864
1529 1.35519 1.23658 0.545409 0.0996801
1530 3.25848 2.22306 -1.47557 -1.8704
1531 1.51198 -1.17055 -0.624838 0.724896
1532 1.04176 0.177992 0.00419896 1.02643
1533 1.18463 -0.554531 -0.418312 -0.959613
1534 0.456614 0.272401 0.175385 0.321767
1535 3.67744 3.26166 0.68161 -1.55582
1536 3.99829 0.0981516 -3.08404 -2.54272
1537 3.5012 3.22582 -0.0816682 1.35863
1538 4.04449 1.6203 -0.590029 3.65847
1539 1.74059 0.827981 -0.522405 -1.43917
1540 1.1067 -0.935827 0.590747 0.00542893
1541 1.87725 1.4306 1.19063 0.244684
1542 3.47013 2.00585 -2.01264 1.99191
1543 2.55792 -1.70145 0.334737 1.88041
1544 2.47051 -0.035994 1.23372 -2.1401
1545 2.52577 -0.436907 -1.85435 -1.65831
1546 4.24706 -0.733458 -1.07577 -4.04255
1547 3.34731 -0.222579 -2.95494 1.55668
1548 2.49643 -1.60706 -0.675857 -1.78682
1549 3.35635 -1.54662 2.97422 0.164643
1550 2.02016 1.36786 1.47496 0.185776
1551 1.52816 0.224562 1.48229 -0.296099
1552 1.36118 0.871944 -0.750352 0.727673
1553 2.13237 -0.216397 1.49221 1.50781
1554 1.94377 0.819743 -1.75976 0.0975926
1555 2.14445 -1.3864 -0.883209 -1.37713
1556 3.13907 -0.890234 -2.97607 -0.451959
1557 2.22571 1.2102 1.49932 -1.1141
1558 1.44721 -0.424643 -0.0997411 -1.3799
1559 4.44551 -2.55362 -3.55332 0.784554
1560 2.69018 -2.44063 -0.80371 -0.796515
1561 2.25353 -1.55544 -0.691369 1.47682
1562 0.883586 0.012768 0.869138 -0.158621
1563 3.04369 0.225848 2.70254 1.38179
1564 1.71966 0.694897 1.57155 -0.06778
1565 2.9929 -2.7516 -0.149737 -1.16779
1566 2.35705 1.17123 1.71623 1.11285
1567 3.29717 -1.80153 -2.13269 -1.75427
1568 3.15928 0.56908 -2.95009 0.976818
1569 4.74477 -2.88735 -3.7004 -0.695078
1570 3.54683 1.53758 1.08601 -3.00607
1571 1.92105 1.61972 0.00882002 -1.0329
1572 3.14006 2.01069 2.30711 0.703105
1573 3.27533 -2.15423 0.155212 2.46231
1574 3.80549 -1.25352 0.03227 -3.59297
1575 2.12074 -0.51212 -2.04417 0.238015
1576 4.5957 -3.16253 3.04251 -1.36455
1577 3.12231 -2.98575 0.745467 0.527617
1578 1.05596 0.285533 0.346474 -0.95576
1579 2.7706 -2.41468 1.23504 -0.565884
1580 3.88776 -1.2828 3.65535 -0.327888
1581 2.51814 1.95725 -0.307339 1.55426
1582 2.75593 0.73036 0.990218 2.466
1583 1.77029 -1.33978 1.09553 -0.372454
1584 3.48153 1.69686 -2.92812 -0.817215
1585 1.34785 0.861757 -0.161877 -1.02365
1586 2.77306 2.49177 -0.298383 -1.17981
1587 2.91589 0.457318 -1.6925 -2.32996
1588 2.52185 2.44054 0.631935 -0.0643267
1589 2.46343 -2.23336 -0.565648 0.872141
1590 2.01015 0.795362 1.20382 -1.39962
1591 5.22109 -2.79604 0.770168 4.34152
1592 1.15068 0.13461 -1.08837 -0.348419
1593 1.08796 0.126609 1.07951 -0.047825
1594 4.23359 1.87011 -3.29817 -1.88364
1595 2.0104 1.05917 -0.386384 1.66451
1596 3.36778 0.0215713 3.30714 0.635824
1597 2.05997 -1.72196 1.08301 -0.324646
1598 2.72691 -2.26305 1.04512 1.1056
1599 4.89051 -3.03706 -2.3377 -3.03786
1600 3.31182 -2.94205 0.377562 1.47308
1601 2.80465 1.32806 0.344281 2.44618
1602 5.9157 4.39938 2.69211 -2.89717
1603 3.4971 0.994944 -3.30184 0.581081
1604 2.06455 -1.36178 1.15748 1.03353
1605 6.43281 6.42228 -0.352347 -0.10615
1606 2.51217 -0.765432 0.249987 -2.37962
1607 3.43164 3.09885 0.0285055 1.47394
1608 1.1339 -0.993712 -0.361922 0.40901
1609 2.16979 1.85592 -0.389268 -1.05453
1610 2.96186 1.44407 2.40501 -0.95036
1611 2.6776 -2.33026 -1.1178 0.699955
1612 1.31041 -0.309301 -0.977069 -0.816609
1613 3.07225 1.93985 -1.60019 -1.76497
1614 1.86549 -0.256931 1.23599 1.37344
1615 2.14402 1.07261 -0.643236 -1.74143
1616 0.258041 0.198309 -0.0765189 0.146298
1617 2.91853 2.12101 0.577102 -1.91992
1618 1.08789 -0.355845 -0.527107 0.882626
1619 3.15753 -0.561297 -2.38944 1.98633
1620 4.85911 4.10053 2.34261 1.14404
1621 2.75963 1.49025 2.31664 -0.16696
1622 5.31858 -1.16374 4.14126 3.12777
1623 2.29739 -1.18067 -1.95781 -0.225737
1624 1.6423 -0.492722 1.5642 -0.0873586
1625 5.16967 4.58135 1.12078 2.11673
1626 3.20788 2.13088 1.73792 -1.65213
1627 0.803978 0.265616 0.756283 0.0621783
1628 1.25151 -0.0596111 -0.91938 -0.847027
1629 4.17231 1.54664 -2.74826 2.73188
1630 4.6405 -0.331752 4.59875 0.524967
1631 4.66839 -2.62258 0.728964 -3.7927
1632 3.04997 -2.20088 -1.88553 -0.950377
1633 2.41194 -0.371218 -0.60472 2.3052
1634 2.11646 1.05781 -0.398543 1.7893
1635 3.66738 -2.84922 0.611518 2.22659
1636 3.21404 1.43862 -2.40776 -1.56944
1637 3.00449 2.78987 1.10709 -0.133929
1638 1.51614 -0.606648 -0.310686 1.35431
1639 2.78475 1.99286 0.754706 -1.79268
1640 2.76044 -0.285585 1.27992 2.42905
1641 2.44207 0.548506 2.08033 -1.15547
1642 3.23311 -2.3988 -1.25826 1.76508
1643 3.07895 2.72384 -0.716998 1.24362
1644 2.60187 -2.11631 0.454788 1.44365
1645 3.50509 1.03526 1.76084 -2.84839
1646 3.64508 -1.53742 0.476064 3.27052
1647 5.16122 4.71833 -0.311357 2.06849
1648 2.33438 -1.81147 1.40116 -0.452371
1649 2.86427 -2.46741 -0.383049 1.4033
1650 2.78577 1.55551 2.08757 -0.991418
1651 1.28778 -1.26076 -0.251564 -0.0746245
1652 2.1302 -0.215267 -1.50915 -1.48791
1653 3.14713 -1.62401 -2.53949 0.904419
1654 3.03764 0.517649 -1.21621 2.73499
1655 2.83646 -1.33998 2.48499 0.273418
1656 4.10366 3.84113 -0.610501 -1.30881
1657 4.64665 2.68246 3.50387 1.45558
1658 1.4226 -0.855544 0.872358 0.72857
1659 3.48253 2.26763 1.09659 2.40485
1660 2.30523 -1.6411 1.31866 -0.939141
1661 1.13268 0.417235 0.516376 -0.917729
1662 1.27723 -0.59793 -0.148339 1.11883
1663 2.15307 -0.799389 1.94307 -0.470286
1664 3.09536 -2.43871 -0.339043 1.87589
1665 1.90226 -0.195446 -0.275949 -1.87196
1666 2.94369 -1.58753 -0.23104 -2.46814
1667 3.80299 -1.91483 3.2654 -0.365119
1668 2.54791 0.634757 2.01695 -1.42157
1669 3.2719 2.34153 -0.566655 -2.21393
1670 2.37686 -1.45103 1.87294 0.190017
1671 3.53099 -2.23163 -2.17439 -1.66125
1672 0.752301 -0.676782 -0.244883 -0.218987
1673 1.68965 -0.535146 1.31371 -0.917985
1674 4.20055 0.826225 -0.679902 4.06199
1675 2.9506 1.39732 0.652475 2.51552
1676 2.93783 2.18233 0.268852 1.94833
1677 6.12793 -5.31484 1.42359 2.69767
1678 3.15462 0.70174 -2.89409 -1.04089
1679 4.24114 -1.81569 -1.11656 3.66658
1680 2.03236 0.114872 -1.44997 -1.41948
1681 2.85819 -2.66172 0.981294 -0.348688
1682 1.75652 0.304489 1.31878 1.11958
1683 2.79439 -1.62332 1.2993 1.86688
1684 5.59493 0.78399 -0.0853332 5.53907
1685 4.3031 0.763782 -3.57435 -2.27098
1686 3.85473 0.183548 3.24593 -2.07104
1687 2.93766 -0.694621 2.82204 -0.42826
1688 3.15152 -0.230144 2.7359 -1.54723
1689 2.72552 -1.25608 2.41871 -0.0234399
1690 3.15076 2.42294 -1.94337 0.529103
1691 1.69692 -0.0307924 0.709006 1.5414
1692 2.07196 -0.280322 2.05229 0.0502923
1693 3.34065 -3.07612 1.25517 -0.34926
1694 3.25896 0.839296 -1.46718 2.78636
1695 2.4585 -0.391997 -0.491001 -2.37686
1696 4.54319 -4.44041 -0.579354 -0.766594
1697 3.09213 -0.0555383 -0.471639 3.05544
1698 5.88412 4.29588 2.87401 -2.81219
1699 3.4331 -1.97824 0.993528 2.62405
1700 3.13729 0.475815 -0.806513 -2.99428
1701 2.96595 0.511762 2.30379 1.79654
1702 2.81787 -0.37002 1.5193 -2.34418
1703 1.95475 -1.15574 1.17497 -1.05107
1704 2.34043 -2.2276 0.595208 0.401455
1705 2.06325 1.17997 -0.0455325 1.69193
1706 2.40646 1.40752 -1.64885 -1.04461
1707 3.57563 2.98273 -1.50949 1.26881
1708 3.80874 3.23745 -1.86913 -0.729243
1709 2.99714 -0.205156 -0.516036 -2.94524
1710 3.85624 -2.0816 -3.24122 0.179004
1711 0.487945 -0.255762 0.296208 -0.291439
1712 2.40787 0.0319444 1.73509 1.66921
1713 2.99797 1.9081 0.504761 2.25658
1714 2.51945 -1.49233 1.9551 -0.546054
1715 1.58363 0.28915 1.0062 -1.18821
1716 1.42536 0.90617 0.170744 -1.0869
1717 4.94897 -4.83347 -0.140895 -1.05356
1718 2.40365 -1.15157 0.390721 2.07335
1719 3.3832 0.546388 3.33765 -0.0870454
1720 0.567199 0.0328228 0.433208 -0.364647
1721 1.69043 -0.862014 -0.894485 1.14647
1722 3.26635 -0.973647 0.99235 -2.95572
1723 3.59545 -1.26023 1.1739 -3.15611
1724 3.1339 -2.30153 1.86138 -1.02935
1725 1.01274 0.418688 0.651711 -0.652387
1726 3.07953 1.45671 2.58595 0.821167
1727 3.22241 1.36283 -0.308684 -2.90368
1728 2.56397 -0.909045 1.84786 -1.52741
1729 3.80754 -0.423447 3.7509 0.498767
1730 3.28117 0.57572 3.04049 1.09088
1731 1.24916 -0.0180211 -0.102964 -1.24478
1732 1.34052 0.877681 0.0642849 -1.01121
1733 0.798395 0.734164 -0.272251 0.155944
1734 3.0979 -1.08363 1.22994 2.62868
1735 5.0531 -3.357 -3.0035 2.28983
1736 3.81796 -1.38047 2.66291 -2.3622
1737 1.75602 1.40173 -0.97925 0.399788
1738 1.88757 1.21712 -1.33111 -0.556483
1739 4.09893 -2.08718 3.47112 -0.629435
1740 2.18067 0.077715 2.17718 -0.0956436
1741 1.59117 0.260459 -1.17146 1.04483
1742 3.31037 -1.04531 2.9742 -1.00995
1743 2.49255 2.08608 1.14188 0.746465
1744 1.4669 1.42867 0.0230736 0.331914
1745 3.67493 3.1893 -1.12127 1.4409
1746 1.67173 -0.466563 1.59432 -0.187444
1747 2.53427 2.00003 0.351291 1.51625
1748 2.14732 1.68736 0.695179 1.13161
1749 3.52029 1.57915 0.946369 -3.00052
1750 2.11108 -0.596685 -1.10433 -1.69738
1751 0.884258 -0.570385 0.126448 0.663765
1752 4.7498 -0.188335 -4.50054 -1.50673
1753 2.36022 1.49421 -1.7627 0.480445
1754 2.34313 -0.92912 2.13827 -0.234103
1755 3.09137 -1.23303 0.206458 2.82729
1756 2.93754 -0.907858 1.39237 2.42203
1757 3.19005 3.1403 0.140775 0.543246
1758 4.991 1.47522 3.65409 -3.06291
1759 3.45555 2.40454 -1.97575 -1.50181
1760 3.69552 -2.14505 -1.99682 -2.25128
1761 1.80337 0.97682 0.947354 1.18342
1762 2.5542 2.528 0.344895 -0.119158
1763 2.31802 -1.12325 0.644925 -1.9224
1764 0.865817 0.62066 0.589756 -0.128872
1765 1.79538 0.387542 1.68703 0.47659
1766 3.30638 -3.0584 0.114057 1.25113
1767 3.15569 -1.81371 -2.56094 -0.332219
1768 2.87228 0.659265 -0.255047 2.78394
1769 1.8269 -0.59624 -1.55838 0.743985
1770 1.97753 -1.69424 -0.48639 -0.896436
1771 2.10876 -2.03813 0.113079 -0.529262
1772 2.6869 -0.142733 0.455785 -2.64411
1773 2.50553 -0.67613 1.82565 -1.57719
1774 2.65786 0.54499 -2.57472 0.371485
1775 4.01039 3.44478 2.00534 0.44196
1776 0.962575 0.374526 -0.670298 0.580501
1777 1.85755 -0.629855 -0.335113 1.71507
1778 2.03912 0.248796 -1.30074 -1.55055
1779 3.26357 2.84816 1.47287 0.607912
1780 3.2633 1.86507 -2.56995 -0.752309
1781 1.28808 -0.178588 1.22298 0.36276
1782 4.33467 -3.39602 0.298892 -2.67713
1783 1.36135 1.28625 0.271436 -0.353762
1784 2.51456 2.36057 0.845435 0.189543
1785 0.56839 0.378013 -0.13583 0.402149
1786 1.79339 0.893119 1.27957 -0.883895
1787 1.53482 0.0429176 -0.841151 -1.28308
1788 2.57927 -1.77293 -1.77459 -0.600143
1789 2.95985 1.91467 -1.30144 1.84419
1790 1.28684 -0.303985 -1.1457 -0.500915
1791 1.7028 0.27234 -1.64805 -0.330576
1792 3.70431 1.95399 -1.69469 2.65176
1793 2.25679 -0.766732 1.81726 -1.09672
1794 1.66837 -1.22109 -1.12813 0.140424
1795 1.78148 0.805269 0.510768 -1.50477
1796 2.34418 -0.696552 -0.136394 2.23414
1797 2.91544 1.30318 -0.385208 -2.57937
1798 2.70079 -2.6979 0.0668498 -0.105627
1799 4.26909 -2.98922 -0.18296 3.0424
1800 6.04776 -2.49086 0.0942779 5.51018
1801 3.1291 -2.26313 0.158084 2.15512
1802 2.57494 -1.52085 0.0167866 -2.07776
1803 1.33632 -0.170669 0.979499 -0.892857
1804 3.10866 1.75365 2.13516 -1.42463
1805 2.56462 0.44999 2.03337 -1.49673
1806 2.10867 0.849627 -0.274836 -1.91026
1807 3.56358 0.74428 0.898273 -3.36723
1808 2.16862 1.3379 1.50284 -0.808952
1809 3.96216 3.42311 -1.29785 1.51547
1810 2.73065 -2.52724 0.260086 -1.00094
1811 1.02132 -0.717175 0.577704 -0.441605
1812 1.77092 0.541392 1.68609 -0.0112077
1813 1.33983 0.694066 1.11551 -0.26277
1814 0.961854 0.68546 0.387077 0.552702
1815 3.07459 -1.53723 -2.66075 0.102145
1816 4.47037 4.24267 -0.894164 -1.08831
1817 2.91371 -0.104627 -2.21924 1.88514
1818 2.93572 2.89811 0.139084 0.447247
1819 2.06105 -1.33185 1.33823 -0.826594
1820 3.72012 -1.27674 -3.43323 -0.649699
1821 3.76861 -0.010222 -1.3224 -3.52897
1822 4.81891 4.45582 1.69317 -0.707634
1823 2.78667 0.404562 -1.26897 -2.44777
1824 4.33539 -1.96088 2.19365 3.18409
1825 1.40902 0.414923 -1.26322 0.46632
1826 2.40057 2.25422 -0.534809 -0.628675
1827 2.46066 1.85149 1.46375 0.695871
1828 1.55283 -1.28512 0.815456 -0.30786
1829 2.54948 1.76251 -1.66499 -0.788172
1830 2.69126 -2.12538 0.0272307 1.65072
1831 2.89698 0.338531 -0.774472 2.77093
1832 3.37382 1.23779 -2.11686 -2.3172
1833 1.1042 0.781834 0.703021 0.33729
1834 4.13775 3.13508 -2.47193 1.08713
1835 4.23716 2.5934 1.14029 -3.1508
1836 4.78142 2.72901 3.63108 1.49323
1837 0.636591 -0.0703358 -0.544688 -0.321896
1838 2.1657 0.718609 -2.04189 0.0673088
1839 3.77202 -2.33237 -1.77538 -2.37407
1840 1.8356 -0.593149 1.70317 0.341784
1841 0.879438 -0.318495 0.420854 0.703459
1842 1.53071 0.601712 -1.31026 0.51404
1843 1.43017 0.773232 -1.17173 0.27303
1844 3.39258 -0.432739 -1.6838 -2.91326
1845 1.2076 0.179163 -0.986569 0.672966
1846 2.52783 0.0216535 -0.811911 2.39379
1847 3.40704 2.2292 2.57408 -0.11277
1848 0.682847 0.397112 0.461053 -0.309857
1849 3.42543 1.01316 -0.678787 3.20099
1850 2.97148 -2.83337 0.649665 0.616162
1851 2.58569 -1.13001 -1.87745 1.3726
1852 2.37866 1.00726 -1.99491 0.814719
1853 2.57458 -0.535315 2.48613 -0.401281
1854 2.17749 -1.7072 -1.20365 0.614931
1855 1.14575 1.13615 -0.119899 -0.0868363
1856 1.43856 -0.288055 -0.39848 1.35192
1857 1.59239 -0.777588 1.35467 0.309716
1858 1.416 -0.742217 -0.200464 -1.18911
1859 0.580429 -0.322494 0.241682 0.417714
1860 1.79433 1.21441 1.17395 -0.605524
1861 0.432148 -0.13952 0.264855 0.31167
1862 3.44558 2.75628 1.61525 1.2907
1863 5.93478 -2.80331 -3.44746 3.93422
1864 3.62715 -1.12134 -2.93083 1.81908
1865 2.86818 0.829072 -1.84236 2.03588
1866 3.62504 0.380775 3.45357 1.03383
1867 0.892903 0.553705 -0.339789 -0.61256
1868 2.47827 0.877779 1.4962 1.76995
1869 2.77626 -0.555796 2.38493 1.30797
1870 2.84875 -1.55072 2.17475 0.990511
1871 2.96409 1.6822 0.279368 -2.42446
1872 2.57484 -1.89748 -1.71783 -0.280101
1873 2.53913 -0.0401606 -1.86332 -1.72442
1874 2.78633 -1.64229 2.24156 -0.204769
1875 3.31153 0.772921 2.91191 1.37464
1876 2.4109 0.106501 1.42333 -1.94299
1877 2.64896 1.97491 -1.75194 0.217718
1878 2.1859 0.0614496 1.87223 1.12655
1879 3.40425 -0.920923 -0.0896569 3.27609
1880 2.66619 -2.42858 0.993589 0.472608
1881 3.07723 -2.61206 1.62511 0.0745154
1882 1.97587 1.04691 -1.46014 -0.822216
1883 5.58654 5.41786 -1.228 0.590164
1884 5.30143 -0.613228 -3.34534 -4.06667
1885 2.0058 -0.765725 -0.257961 1.83586
1886 1.29665 0.563997 0.560195 -1.02439
1887 2.64916 2.05213 -1.4941 0.757972
1888 4.71524 0.806929 -3.25797 -3.31179
1889 2.87498 -0.194066 2.232 -1.80168
1890 3.93919 -2.15185 0.896953 -3.17525
1891 4.31831 -2.64952 3.04143 -1.54194
1892 4.76092 2.50465 2.60953 3.09572
1893 2.20919 -1.30294 -0.899294 -1.54082
1894 4.02777 -1.34718 2.28362 3.03202
1895 2.735 -2.67968 -0.350741 -0.420137
1896 1.96943 -1.49185 -0.705312 -1.07498
1897 4.23524 3.24184 -0.964322 -2.54908
1898 2.60551 -0.33388 2.22144 1.32
1899 2.32823 -0.0271061 1.04651 -2.0796
1900 1.28801 -0.178721 1.24171 -0.291875
1901 1.14193 0.0300433 0.873419 0.735015
1902 2.4252 2.27766 0.826674 0.102272
1903 2.35586 2.11733 0.968757 0.358473
1904 2.44145 0.395274 -1.07642 2.1554
1905 1.18592 0.476025 0.967802 -0.49312
1906 0.596589 -0.110672 0.562572 0.164874
1907 1.44229 -1.03074 -1.00433 0.0952796
1908 3.54258 0.529952 -1.90526 -2.93922
1909 1.79524 1.39001 -0.0965839 -1.13201
1910 1.54247 -0.418569 1.1878 -0.890599
1911 4.72063 -3.67653 2.83243 -0.863024
1912 2.28089 0.170947 0.836629 -2.11501
1913 1.45532 -0.11994 -1.44521 -0.122208
1914 2.43275 -2.08904 1.09918 0.588249
1915 3.38452 2.65998 -1.82096 1.03131
1916 1.37119 -0.76907 0.800089 0.805331
1917 1.10841 -0.731696 0.140231 -0.820694
1918 1.04833 -0.874621 -0.525734 -0.240099
1919 2.25247 0.555855 -0.928946 -1.97527
1920 4.31956 -4.08485 -0.84477 1.12205
1921 3.4097 -2.2799 2.48984 -0.478309
1922 3.30545 -2.6875 -1.87274 0.442917
1923 1.67075 0.385835 -0.997687 1.28341
1924 2.61251 1.29119 2.19491 -0.583419
1925 3.26789 -0.69001 2.85752 1.42742
1926 2.34058 0.994934 0.924503 -1.90623
1927 2.14995 -1.85398 -1.08845 -0.0179222
1928 3.61567 -2.27805 2.3852 1.48133
1929 1.69064 -0.406777 0.771475 1.44832
1930 1.37508 1.01558 -0.899209 0.225527
1931 4.04543 -1.22809 1.93307 -3.33474
1932 1.95379 0.0119559 1.56106 -1.17483
1933 1.89956 -0.118173 -1.6236 -0.97892
1934 3.24007 -1.41115 2.38251 -1.68237
1935 3.15307 0.0172143 -2.20451 2.25426
1936 2.43204 0.309649 -2.28906 -0.761027
1937 2.01338 -0.310637 1.9823 0.1664
1938 3.39927 1.55358 -2.26438 -2.0035
1939 1.82572 0.368594 0.906302 1.54144
1940 2.69978 0.835531 -2.45042 0.765598
1941 4.68466 -4.33399 1.75946 -0.258603
1942 2.53382 1.9075 1.22608 1.13068
1943 1.69523 1.11572 -0.965395 -0.83487
1944 3.77733 -0.424094 3.56275 1.18118
1945 1.58949 -0.213682 -1.41498 0.691865
1946 2.81426 1.57238 2.30707 0.353653
1947 3.12882 1.86965 -1.72038 -1.82599
1948 4.04835 1.94327 2.68026 -2.33002
1949 4.10886 -1.92845 3.59184 0.512385
1950 3.14007 -1.7481 0.189539 2.60159
1951 2.92514 -2.08105 -1.98517 -0.533613
1952 1.72446 -1.57362 0.491542 -0.505837
1953 1.87892 -0.0393046 -1.33526 -1.32131
1954 2.20184 -2.12921 0.0876438 0.553971
1955 3.96382 -1.51692 2.80229 -2.35754
1956 3.32603 -0.996606 -2.77458 -1.53979
1957 3.22982 -3.17614 0.586374 -0.00627277
1958 2.4457 -2.00872 1.36421 -0.292288
1959 2.86351 -1.70775 -1.80258 1.42618
1960 3.53791 0.0864915 1.77943 3.05662
1961 4.0598 -2.87694 2.83433 0.414382
1962 5.42634 -0.404798 -3.66758 -3.97871
1963 3.79216 2.27889 -0.571637 2.97664
1964 2.94878 1.15197 -1.02817 -2.5122
1965 3.22914 1.28727 -2.75124 1.09589
1966 2.48647 1.20249 0.855318 2.00124
1967 2.67396 1.16881 -0.952879 -2.20815
1968 2.90099 -2.61568 0.930545 -0.841463
1969 3.97307 -3.32651 -1.99256 0.865636
1970 3.92374 2.1365 1.01373 3.13105
1971 1.48783 -1.41527 -0.406168 -0.213733
1972 0.711622 0.500918 -0.475638 0.171043
1973 3.98115 -3.75238 -0.732817 1.11004
1974 1.46092 0.6423 -1.11908 0.685125
1975 4.22085 0.477391 -3.75528 1.86696
1976 2.23184 1.35476 1.7189 0.437153
1977 3.25982 -1.71903 -2.13287 1.76698
1978 2.62663 1.26128 1.97889 -1.17997
1979 0.849605 -0.308324 -0.723952 0.320405
1980 4.43039 -3.43445 2.40003 -1.43973
1981 6.0627 -3.8219 0.59534 4.66851
1982 1.57517 0.0560553 -1.56634 -0.156779
1983 2.04201 -0.205347 1.63654 -1.2039
1984 2.35141 -0.486273 -2.24373 0.508272
1985 2.67613 1.25908 -1.97069 -1.30107
1986 4.97967 -1.20939 1.58476 4.56323
1987 2.44552 0.657373 -2.10482 1.05744
1988 3.35046 -2.3821 2.23822 0.735895
1989 1.21618 0.918628 0.376193 0.702628
1990 2.25751 -1.83872 -0.39877 -1.24758
1991 1.49766 -1.37672 -0.556323 0.195272
1992 3.02978 -0.500345 -2.80909 1.01892
1993 5.08497 4.70554 0.904177 1.70213
1994 1.00081 -0.819238 0.573282 -0.0426115
1995 3.69745 1.34973 -2.63661 -2.21306
1996 3.48634 -0.973087 0.848564 3.23845
1997 3.08175 -0.867984 2.82427 -0.875929
1998 1.59219 1.58743 -0.122942 0.0026781
1999 1.06927 1.03983 -0.128963 0.213209
